3997.61072,-0.00024
3996.18555,-0.00021
3994.76038,-0.00022
3993.33520,-0.00023
3991.91003,-0.00023
3990.48486,-0.00022
3989.05968,-0.00022
3987.63451,-0.00022
3986.20934,-0.00022
3984.78416,-0.00018
3983.35899,-0.00010
3981.93382,-0.00001
3980.50865,0.00004
3979.08347,0.00006
3977.65830,0.00008
3976.23313,0.00014
3974.80795,0.00025
3973.38278,0.00034
3971.95761,0.00039
3970.53243,0.00041
3969.10726,0.00041
3967.68209,0.00044
3966.25691,0.00051
3964.83174,0.00061
3963.40657,0.00071
3961.98139,0.00081
3960.55622,0.00089
3959.13105,0.00098
3957.70587,0.00110
3956.28070,0.00123
3954.85553,0.00135
3953.43036,0.00145
3952.00518,0.00154
3950.58001,0.00166
3949.15484,0.00182
3947.72966,0.00199
3946.30449,0.00214
3944.87932,0.00224
3943.45414,0.00235
3942.02897,0.00252
3940.60380,0.00277
3939.17862,0.00305
3937.75345,0.00332
3936.32828,0.00353
3934.90310,0.00371
3933.47793,0.00393
3932.05276,0.00422
3930.62758,0.00454
3929.20241,0.00484
3927.77724,0.00508
3926.35207,0.00529
3924.92689,0.00554
3923.50172,0.00584
3922.07655,0.00617
3920.65137,0.00650
3919.22620,0.00685
3917.80103,0.00724
3916.37585,0.00768
3914.95068,0.00815
3913.52551,0.00862
3912.10033,0.00906
3910.67516,0.00943
3909.24999,0.00972
3907.82481,0.00994
3906.39964,0.01015
3904.97447,0.01040
3903.54929,0.01075
3902.12412,0.01117
3900.69895,0.01162
3899.27378,0.01206
3897.84860,0.01245
3896.42343,0.01276
3894.99826,0.01300
3893.57308,0.01321
3892.14791,0.01339
3890.72274,0.01352
3889.29756,0.01360
3887.87239,0.01365
3886.44722,0.01377
3885.02204,0.01399
3883.59687,0.01419
3882.17170,0.01429
3880.74652,0.01430
3879.32135,0.01429
3877.89618,0.01428
3876.47100,0.01423
3875.04583,0.01411
3873.62066,0.01395
3872.19548,0.01377
3870.77031,0.01359
3869.34514,0.01338
3867.91997,0.01312
3866.49479,0.01281
3865.06962,0.01248
3863.64445,0.01220
3862.21927,0.01200
3860.79410,0.01187
3859.36893,0.01173
3857.94375,0.01151
3856.51858,0.01118
3855.09341,0.01070
3853.66823,0.01013
3852.24306,0.00967
3850.81789,0.00938
3849.39271,0.00915
3847.96754,0.00888
3846.54237,0.00854
3845.11719,0.00814
3843.69202,0.00773
3842.26685,0.00733
3840.84168,0.00699
3839.41650,0.00664
3837.99133,0.00622
3836.56616,0.00577
3835.14098,0.00536
3833.71581,0.00499
3832.29064,0.00463
3830.86546,0.00429
3829.44029,0.00402
3828.01512,0.00382
3826.58994,0.00362
3825.16477,0.00336
3823.73960,0.00303
3822.31442,0.00262
3820.88925,0.00220
3819.46408,0.00187
3818.03890,0.00166
3816.61373,0.00154
3815.18856,0.00148
3813.76339,0.00139
3812.33821,0.00122
3810.91304,0.00098
3809.48787,0.00068
3808.06269,0.00036
3806.63752,0.00008
3805.21235,-0.00014
3803.78717,-0.00036
3802.36200,-0.00057
3800.93683,-0.00068
3799.51165,-0.00067
3798.08648,-0.00062
3796.66131,-0.00058
3795.23613,-0.00060
3793.81096,-0.00071
3792.38579,-0.00086
3790.96061,-0.00100
3789.53544,-0.00111
3788.11027,-0.00120
3786.68510,-0.00126
3785.25992,-0.00129
3783.83475,-0.00130
3782.40958,-0.00132
3780.98440,-0.00137
3779.55923,-0.00139
3778.13406,-0.00136
3776.70888,-0.00132
3775.28371,-0.00132
3773.85854,-0.00137
3772.43336,-0.00146
3771.00819,-0.00157
3769.58302,-0.00163
3768.15784,-0.00162
3766.73267,-0.00156
3765.30750,-0.00153
3763.88232,-0.00155
3762.45715,-0.00161
3761.03198,-0.00167
3759.60681,-0.00169
3758.18163,-0.00168
3756.75646,-0.00168
3755.33129,-0.00174
3753.90611,-0.00190
3752.48094,-0.00211
3751.05577,-0.00222
3749.63059,-0.00215
3748.20542,-0.00203
3746.78025,-0.00198
3745.35507,-0.00195
3743.92990,-0.00190
3742.50473,-0.00185
3741.07955,-0.00188
3739.65438,-0.00200
3738.22921,-0.00216
3736.80403,-0.00226
3735.37886,-0.00221
3733.95369,-0.00201
3732.52851,-0.00185
3731.10334,-0.00182
3729.67817,-0.00187
3728.25300,-0.00191
3726.82782,-0.00188
3725.40265,-0.00182
3723.97748,-0.00180
3722.55230,-0.00179
3721.12713,-0.00176
3719.70196,-0.00172
3718.27678,-0.00171
3716.85161,-0.00172
3715.42644,-0.00178
3714.00126,-0.00189
3712.57609,-0.00194
3711.15092,-0.00186
3709.72574,-0.00169
3708.30057,-0.00155
3706.87540,-0.00149
3705.45022,-0.00148
3704.02505,-0.00146
3702.59988,-0.00139
3701.17471,-0.00129
3699.74953,-0.00123
3698.32436,-0.00126
3696.89919,-0.00135
3695.47401,-0.00143
3694.04884,-0.00146
3692.62367,-0.00151
3691.19849,-0.00156
3689.77332,-0.00156
3688.34815,-0.00148
3686.92297,-0.00138
3685.49780,-0.00130
3684.07263,-0.00126
3682.64745,-0.00123
3681.22228,-0.00124
3679.79711,-0.00128
3678.37193,-0.00136
3676.94676,-0.00143
3675.52159,-0.00145
3674.09642,-0.00140
3672.67124,-0.00133
3671.24607,-0.00121
3669.82090,-0.00105
3668.39572,-0.00093
3666.97055,-0.00084
3665.54538,-0.00075
3664.12020,-0.00063
3662.69503,-0.00053
3661.26986,-0.00049
3659.84468,-0.00051
3658.41951,-0.00056
3656.99434,-0.00055
3655.56916,-0.00048
3654.14399,-0.00046
3652.71882,-0.00054
3651.29364,-0.00065
3649.86847,-0.00064
3648.44330,-0.00046
3647.01813,-0.00023
3645.59295,-0.00007
3644.16778,0.00001
3642.74261,0.00004
3641.31743,0.00008
3639.89226,0.00016
3638.46709,0.00029
3637.04191,0.00042
3635.61674,0.00050
3634.19157,0.00053
3632.76639,0.00047
3631.34122,0.00035
3629.91605,0.00026
3628.49087,0.00029
3627.06570,0.00042
3625.64053,0.00055
3624.21535,0.00065
3622.79018,0.00073
3621.36501,0.00079
3619.93984,0.00084
3618.51466,0.00089
3617.08949,0.00096
3615.66432,0.00105
3614.23914,0.00113
3612.81397,0.00115
3611.38880,0.00108
3609.96362,0.00101
3608.53845,0.00099
3607.11328,0.00103
3605.68810,0.00111
3604.26293,0.00124
3602.83776,0.00141
3601.41258,0.00152
3599.98741,0.00149
3598.56224,0.00131
3597.13706,0.00113
3595.71189,0.00104
3594.28672,0.00105
3592.86154,0.00107
3591.43637,0.00104
3590.01120,0.00096
3588.58603,0.00083
3587.16085,0.00066
3585.73568,0.00053
3584.31051,0.00050
3582.88533,0.00053
3581.46016,0.00050
3580.03499,0.00038
3578.60981,0.00021
3577.18464,0.00002
3575.75947,-0.00016
3574.33429,-0.00033
3572.90912,-0.00051
3571.48395,-0.00074
3570.05877,-0.00105
3568.63360,-0.00138
3567.20843,-0.00159
3565.78325,-0.00161
3564.35808,-0.00159
3562.93291,-0.00167
3561.50774,-0.00185
3560.08256,-0.00209
3558.65739,-0.00234
3557.23222,-0.00264
3555.80704,-0.00299
3554.38187,-0.00341
3552.95670,-0.00386
3551.53152,-0.00427
3550.10635,-0.00460
3548.68118,-0.00488
3547.25600,-0.00512
3545.83083,-0.00533
3544.40566,-0.00555
3542.98048,-0.00589
3541.55531,-0.00635
3540.13014,-0.00686
3538.70496,-0.00731
3537.27979,-0.00768
3535.85462,-0.00802
3534.42945,-0.00842
3533.00427,-0.00896
3531.57910,-0.00963
3530.15393,-0.01029
3528.72875,-0.01082
3527.30358,-0.01126
3525.87841,-0.01174
3524.45323,-0.01225
3523.02806,-0.01273
3521.60289,-0.01316
3520.17771,-0.01359
3518.75254,-0.01411
3517.32737,-0.01474
3515.90219,-0.01542
3514.47702,-0.01606
3513.05185,-0.01666
3511.62667,-0.01730
3510.20150,-0.01796
3508.77633,-0.01858
3507.35116,-0.01911
3505.92598,-0.01958
3504.50081,-0.02014
3503.07564,-0.02083
3501.65046,-0.02156
3500.22529,-0.02218
3498.80012,-0.02276
3497.37494,-0.02352
3495.94977,-0.02455
3494.52460,-0.02558
3493.09942,-0.02633
3491.67425,-0.02676
3490.24908,-0.02706
3488.82390,-0.02754
3487.39873,-0.02836
3485.97356,-0.02939
3484.54838,-0.03035
3483.12321,-0.03116
3481.69804,-0.03197
3480.27287,-0.03287
3478.84769,-0.03378
3477.42252,-0.03460
3475.99735,-0.03533
3474.57217,-0.03604
3473.14700,-0.03670
3471.72183,-0.03721
3470.29665,-0.03765
3468.87148,-0.03832
3467.44631,-0.03932
3466.02113,-0.04043
3464.59596,-0.04136
3463.17079,-0.04202
3461.74561,-0.04257
3460.32044,-0.04326
3458.89527,-0.04418
3457.47009,-0.04521
3456.04492,-0.04622
3454.61975,-0.04718
3453.19457,-0.04801
3451.76940,-0.04865
3450.34423,-0.04918
3448.91906,-0.04982
3447.49388,-0.05069
3446.06871,-0.05168
3444.64354,-0.05259
3443.21836,-0.05336
3441.79319,-0.05401
3440.36802,-0.05447
3438.94284,-0.05473
3437.51767,-0.05502
3436.09250,-0.05567
3434.66732,-0.05664
3433.24215,-0.05765
3431.81698,-0.05856
3430.39180,-0.05936
3428.96663,-0.06014
3427.54146,-0.06101
3426.11628,-0.06208
3424.69111,-0.06332
3423.26594,-0.06443
3421.84077,-0.06523
3420.41559,-0.06585
3418.99042,-0.06647
3417.56525,-0.06701
3416.14007,-0.06734
3414.71490,-0.06763
3413.28973,-0.06820
3411.86455,-0.06911
3410.43938,-0.07009
3409.01421,-0.07096
3407.58903,-0.07170
3406.16386,-0.07231
3404.73869,-0.07268
3403.31351,-0.07285
3401.88834,-0.07296
3400.46317,-0.07325
3399.03799,-0.07384
3397.61282,-0.07461
3396.18765,-0.07518
3394.76248,-0.07534
3393.33730,-0.07535
3391.91213,-0.07556
3390.48696,-0.07602
3389.06178,-0.07646
3387.63661,-0.07672
3386.21144,-0.07681
3384.78626,-0.07685
3383.36109,-0.07692
3381.93592,-0.07702
3380.51074,-0.07714
3379.08557,-0.07728
3377.66040,-0.07741
3376.23522,-0.07749
3374.81005,-0.07747
3373.38488,-0.07733
3371.95970,-0.07709
3370.53453,-0.07678
3369.10936,-0.07640
3367.68419,-0.07602
3366.25901,-0.07582
3364.83384,-0.07584
3363.40867,-0.07586
3361.98349,-0.07569
3360.55832,-0.07541
3359.13315,-0.07523
3357.70797,-0.07514
3356.28280,-0.07494
3354.85763,-0.07444
3353.43245,-0.07367
3352.00728,-0.07289
3350.58211,-0.07234
3349.15693,-0.07203
3347.73176,-0.07173
3346.30659,-0.07119
3344.88141,-0.07045
3343.45624,-0.06967
3342.03107,-0.06890
3340.60590,-0.06804
3339.18072,-0.06711
3337.75555,-0.06628
3336.33038,-0.06575
3334.90520,-0.06544
3333.48003,-0.06509
3332.05486,-0.06446
3330.62968,-0.06355
3329.20451,-0.06248
3327.77934,-0.06142
3326.35416,-0.06052
3324.92899,-0.05982
3323.50382,-0.05927
3322.07864,-0.05867
3320.65347,-0.05794
3319.22830,-0.05718
3317.80312,-0.05652
3316.37795,-0.05600
3314.95278,-0.05551
3313.52760,-0.05491
3312.10243,-0.05414
3310.67726,-0.05327
3309.25209,-0.05240
3307.82691,-0.05162
3306.40174,-0.05097
3304.97657,-0.05041
3303.55139,-0.04989
3302.12622,-0.04935
3300.70105,-0.04881
3299.27587,-0.04828
3297.85070,-0.04779
3296.42553,-0.04730
3295.00035,-0.04682
3293.57518,-0.04633
3292.15001,-0.04587
3290.72483,-0.04545
3289.29966,-0.04506
3287.87449,-0.04469
3286.44931,-0.04432
3285.02414,-0.04397
3283.59897,-0.04364
3282.17380,-0.04332
3280.74862,-0.04303
3279.32345,-0.04274
3277.89828,-0.04237
3276.47310,-0.04185
3275.04793,-0.04127
3273.62276,-0.04079
3272.19758,-0.04048
3270.77241,-0.04029
3269.34724,-0.04010
3267.92206,-0.03990
3266.49689,-0.03969
3265.07172,-0.03946
3263.64654,-0.03915
3262.22137,-0.03875
3260.79620,-0.03833
3259.37102,-0.03792
3257.94585,-0.03755
3256.52068,-0.03724
3255.09551,-0.03694
3253.67033,-0.03662
3252.24516,-0.03627
3250.81999,-0.03590
3249.39481,-0.03554
3247.96964,-0.03520
3246.54447,-0.03486
3245.11929,-0.03451
3243.69412,-0.03411
3242.26895,-0.03366
3240.84377,-0.03322
3239.41860,-0.03283
3237.99343,-0.03251
3236.56825,-0.03218
3235.14308,-0.03179
3233.71791,-0.03141
3232.29273,-0.03108
3230.86756,-0.03075
3229.44239,-0.03033
3228.01722,-0.02986
3226.59204,-0.02940
3225.16687,-0.02902
3223.74170,-0.02869
3222.31652,-0.02838
3220.89135,-0.02803
3219.46618,-0.02764
3218.04100,-0.02724
3216.61583,-0.02686
3215.19066,-0.02652
3213.76548,-0.02616
3212.34031,-0.02574
3210.91514,-0.02530
3209.48996,-0.02490
3208.06479,-0.02460
3206.63962,-0.02437
3205.21444,-0.02414
3203.78927,-0.02384
3202.36410,-0.02346
3200.93893,-0.02305
3199.51375,-0.02268
3198.08858,-0.02240
3196.66341,-0.02218
3195.23823,-0.02195
3193.81306,-0.02168
3192.38789,-0.02137
3190.96271,-0.02107
3189.53754,-0.02082
3188.11237,-0.02058
3186.68719,-0.02033
3185.26202,-0.02004
3183.83685,-0.01974
3182.41167,-0.01946
3180.98650,-0.01923
3179.56133,-0.01899
3178.13615,-0.01870
3176.71098,-0.01834
3175.28581,-0.01799
3173.86063,-0.01772
3172.43546,-0.01752
3171.01029,-0.01732
3169.58512,-0.01707
3168.15994,-0.01678
3166.73477,-0.01645
3165.30960,-0.01612
3163.88442,-0.01578
3162.45925,-0.01546
3161.03408,-0.01517
3159.60890,-0.01492
3158.18373,-0.01469
3156.75856,-0.01444
3155.33338,-0.01418
3153.90821,-0.01395
3152.48304,-0.01374
3151.05786,-0.01353
3149.63269,-0.01330
3148.20752,-0.01305
3146.78234,-0.01279
3145.35717,-0.01254
3143.93200,-0.01233
3142.50683,-0.01216
3141.08165,-0.01202
3139.65648,-0.01189
3138.23131,-0.01174
3136.80613,-0.01156
3135.38096,-0.01136
3133.95579,-0.01117
3132.53061,-0.01098
3131.10544,-0.01080
3129.68027,-0.01064
3128.25509,-0.01049
3126.82992,-0.01037
3125.40475,-0.01025
3123.97957,-0.01010
3122.55440,-0.00992
3121.12923,-0.00972
3119.70405,-0.00953
3118.27888,-0.00936
3116.85371,-0.00918
3115.42854,-0.00897
3114.00336,-0.00877
3112.57819,-0.00858
3111.15302,-0.00840
3109.72784,-0.00821
3108.30267,-0.00804
3106.87750,-0.00788
3105.45232,-0.00772
3104.02715,-0.00755
3102.60198,-0.00737
3101.17680,-0.00716
3099.75163,-0.00694
3098.32646,-0.00672
3096.90128,-0.00654
3095.47611,-0.00638
3094.05094,-0.00622
3092.62576,-0.00603
3091.20059,-0.00582
3089.77542,-0.00559
3088.35025,-0.00536
3086.92507,-0.00514
3085.49990,-0.00492
3084.07473,-0.00473
3082.64955,-0.00457
3081.22438,-0.00445
3079.79921,-0.00433
3078.37403,-0.00420
3076.94886,-0.00404
3075.52369,-0.00387
3074.09851,-0.00370
3072.67334,-0.00354
3071.24817,-0.00340
3069.82299,-0.00328
3068.39782,-0.00319
3066.97265,-0.00312
3065.54747,-0.00303
3064.12230,-0.00289
3062.69713,-0.00273
3061.27196,-0.00257
3059.84678,-0.00247
3058.42161,-0.00242
3056.99644,-0.00234
3055.57126,-0.00221
3054.14609,-0.00203
3052.72092,-0.00186
3051.29574,-0.00171
3049.87057,-0.00158
3048.44540,-0.00144
3047.02022,-0.00129
3045.59505,-0.00112
3044.16988,-0.00094
3042.74470,-0.00077
3041.31953,-0.00063
3039.89436,-0.00050
3038.46918,-0.00036
3037.04401,-0.00020
3035.61884,-0.00005
3034.19366,0.00008
3032.76849,0.00019
3031.34332,0.00029
3029.91815,0.00037
3028.49297,0.00041
3027.06780,0.00044
3025.64263,0.00047
3024.21745,0.00050
3022.79228,0.00053
3021.36711,0.00055
3019.94193,0.00057
3018.51676,0.00061
3017.09159,0.00067
3015.66641,0.00076
3014.24124,0.00087
3012.81607,0.00095
3011.39089,0.00102
3009.96572,0.00108
3008.54055,0.00115
3007.11537,0.00125
3005.69020,0.00136
3004.26503,0.00148
3002.83986,0.00161
3001.41468,0.00176
2999.98951,0.00194
2998.56434,0.00213
2997.13916,0.00233
2995.71399,0.00253
2994.28882,0.00274
2992.86364,0.00299
2991.43847,0.00329
2990.01330,0.00362
2988.58812,0.00395
2987.16295,0.00428
2985.73778,0.00464
2984.31260,0.00504
2982.88743,0.00549
2981.46226,0.00599
2980.03708,0.00655
2978.61191,0.00716
2977.18674,0.00778
2975.76157,0.00841
2974.33639,0.00903
2972.91122,0.00959
2971.48605,0.01008
2970.06087,0.01051
2968.63570,0.01092
2967.21053,0.01128
2965.78535,0.01155
2964.36018,0.01174
2962.93501,0.01183
2961.50983,0.01185
2960.08466,0.01178
2958.65949,0.01165
2957.23431,0.01146
2955.80914,0.01125
2954.38397,0.01104
2952.95879,0.01084
2951.53362,0.01069
2950.10845,0.01062
2948.68328,0.01062
2947.25810,0.01069
2945.83293,0.01082
2944.40776,0.01100
2942.98258,0.01122
2941.55741,0.01142
2940.13224,0.01157
2938.70706,0.01170
2937.28189,0.01182
2935.85672,0.01191
2934.43154,0.01195
2933.00637,0.01196
2931.58120,0.01195
2930.15602,0.01194
2928.73085,0.01191
2927.30568,0.01188
2925.88050,0.01186
2924.45533,0.01186
2923.03016,0.01189
2921.60498,0.01192
2920.17981,0.01196
2918.75464,0.01203
2917.32947,0.01210
2915.90429,0.01218
2914.47912,0.01224
2913.05395,0.01229
2911.62877,0.01230
2910.20360,0.01228
2908.77843,0.01227
2907.35325,0.01230
2905.92808,0.01236
2904.50291,0.01241
2903.07773,0.01244
2901.65256,0.01244
2900.22739,0.01249
2898.80221,0.01258
2897.37704,0.01270
2895.95187,0.01283
2894.52669,0.01293
2893.10152,0.01304
2891.67635,0.01317
2890.25118,0.01337
2888.82600,0.01365
2887.40083,0.01402
2885.97566,0.01445
2884.55048,0.01489
2883.12531,0.01526
2881.70014,0.01551
2880.27496,0.01571
2878.84979,0.01596
2877.42462,0.01628
2875.99944,0.01661
2874.57427,0.01690
2873.14910,0.01711
2871.72392,0.01725
2870.29875,0.01730
2868.87358,0.01731
2867.44840,0.01730
2866.02323,0.01731
2864.59806,0.01733
2863.17289,0.01736
2861.74771,0.01739
2860.32254,0.01742
2858.89737,0.01744
2857.47219,0.01746
2856.04702,0.01749
2854.62185,0.01755
2853.19667,0.01764
2851.77150,0.01773
2850.34633,0.01784
2848.92115,0.01804
2847.49598,0.01830
2846.07081,0.01861
2844.64563,0.01891
2843.22046,0.01921
2841.79529,0.01953
2840.37011,0.01989
2838.94494,0.02029
2837.51977,0.02067
2836.09460,0.02102
2834.66942,0.02135
2833.24425,0.02170
2831.81908,0.02211
2830.39390,0.02258
2828.96873,0.02308
2827.54356,0.02354
2826.11838,0.02397
2824.69321,0.02443
2823.26804,0.02493
2821.84286,0.02547
2820.41769,0.02601
2818.99252,0.02651
2817.56734,0.02695
2816.14217,0.02734
2814.71700,0.02769
2813.29182,0.02803
2811.86665,0.02840
2810.44148,0.02883
2809.01631,0.02935
2807.59113,0.02992
2806.16596,0.03054
2804.74079,0.03119
2803.31561,0.03186
2801.89044,0.03256
2800.46527,0.03329
2799.04009,0.03406
2797.61492,0.03488
2796.18975,0.03577
2794.76457,0.03676
2793.33940,0.03782
2791.91423,0.03894
2790.48905,0.04006
2789.06388,0.04120
2787.63871,0.04238
2786.21353,0.04365
2784.78836,0.04498
2783.36319,0.04633
2781.93801,0.04766
2780.51284,0.04902
2779.08767,0.05049
2777.66250,0.05209
2776.23732,0.05378
2774.81215,0.05552
2773.38698,0.05737
2771.96180,0.05945
2770.53663,0.06183
2769.11146,0.06445
2767.68628,0.06724
2766.26111,0.07018
2764.83594,0.07331
2763.41076,0.07667
2761.98559,0.08027
2760.56042,0.08410
2759.13524,0.08815
2757.71007,0.09249
2756.28490,0.09717
2754.85972,0.10221
2753.43455,0.10752
2752.00938,0.11307
2750.58421,0.11902
2749.15903,0.12555
2747.73386,0.13274
2746.30869,0.14060
2744.88351,0.14913
2743.45834,0.15823
2742.03317,0.16775
2740.60799,0.17775
2739.18282,0.18852
2737.75765,0.20023
2736.33247,0.21259
2734.90730,0.22506
2733.48213,0.23739
2732.05695,0.24959
2730.63178,0.26101
2729.20661,0.27050
2727.78143,0.27849
2726.35626,0.28685
2724.93109,0.29521
2723.50592,0.30052
2722.08074,0.30164
2720.65557,0.30124
2719.23040,0.30164
2717.80522,0.30219
2716.38005,0.30176
2714.95488,0.30134
2713.52970,0.30286
2712.10453,0.30674
2710.67936,0.31135
2709.25418,0.31500
2707.82901,0.31725
2706.40384,0.31797
2704.97866,0.31706
2703.55349,0.31582
2702.12832,0.31594
2700.70314,0.31670
2699.27797,0.31557
2697.85280,0.31252
2696.42763,0.31084
2695.00245,0.31318
2693.57728,0.31833
2692.15211,0.32253
2690.72693,0.32327
2689.30176,0.32121
2687.87659,0.31885
2686.45141,0.31758
2685.02624,0.31652
2683.60107,0.31457
2682.17589,0.31238
2680.75072,0.31143
2679.32555,0.31196
2677.90037,0.31259
2676.47520,0.31164
2675.05003,0.30911
2673.62485,0.30708
2672.19968,0.30723
2670.77451,0.30896
2669.34934,0.31062
2667.92416,0.31151
2666.49899,0.31181
2665.07382,0.31178
2663.64864,0.31171
2662.22347,0.31148
2660.79830,0.31026
2659.37312,0.30812
2657.94795,0.30697
2656.52278,0.30803
2655.09760,0.30947
2653.67243,0.30908
2652.24726,0.30759
2650.82208,0.30721
2649.39691,0.30869
2647.97174,0.31197
2646.54656,0.31744
2645.12139,0.32439
2643.69622,0.32998
2642.27104,0.33161
2640.84587,0.32966
2639.42070,0.32709
2637.99553,0.32665
2636.57035,0.32922
2635.14518,0.33409
2633.72001,0.33972
2632.29483,0.34391
2630.86966,0.34450
2629.44449,0.34172
2628.01931,0.33909
2626.59414,0.34070
2625.16897,0.34715
2623.74379,0.35512
2622.31862,0.36091
2620.89345,0.36298
2619.46827,0.36143
2618.04310,0.35809
2616.61793,0.35680
2615.19275,0.35985
2613.76758,0.36398
2612.34241,0.36422
2610.91724,0.36154
2609.49206,0.36127
2608.06689,0.36468
2606.64172,0.36787
2605.21654,0.36839
2603.79137,0.36745
2602.36620,0.36612
2600.94102,0.36416
2599.51585,0.36197
2598.09068,0.36021
2596.66550,0.35862
2595.24033,0.35710
2593.81516,0.35626
2592.38998,0.35560
2590.96481,0.35367
2589.53964,0.35078
2588.11446,0.34896
2586.68929,0.34857
2585.26412,0.34718
2583.83895,0.34224
2582.41377,0.33366
2580.98860,0.32370
2579.56343,0.31546
2578.13825,0.31120
2576.71308,0.31111
2575.28791,0.31288
2573.86273,0.31338
2572.43756,0.31167
2571.01239,0.31012
2569.58721,0.31172
2568.16204,0.31632
2566.73687,0.32048
2565.31169,0.32137
2563.88652,0.31957
2562.46135,0.31704
2561.03617,0.31470
2559.61100,0.31301
2558.18583,0.31234
2556.76066,0.31170
2555.33548,0.31026
2553.91031,0.31012
2552.48514,0.31298
2551.05996,0.31519
2549.63479,0.31208
2548.20962,0.30648
2546.78444,0.30610
2545.35927,0.31316
2543.93410,0.32252
2542.50892,0.32958
2541.08375,0.33426
2539.65858,0.33754
2538.23340,0.33944
2536.80823,0.34058
2535.38306,0.34177
2533.95788,0.34254
2532.53271,0.34229
2531.10754,0.34161
2529.68237,0.34153
2528.25719,0.34236
2526.83202,0.34397
2525.40685,0.34608
2523.98167,0.34778
2522.55650,0.34827
2521.13133,0.34889
2519.70615,0.35258
2518.28098,0.36040
2516.85581,0.36949
2515.43063,0.37565
2514.00546,0.37742
2512.58029,0.37598
2511.15511,0.37217
2509.72994,0.36636
2508.30477,0.36071
2506.87959,0.35810
2505.45442,0.35889
2504.02925,0.36102
2502.60407,0.36285
2501.17890,0.36376
2499.75373,0.36298
2498.32856,0.36022
2496.90338,0.35676
2495.47821,0.35402
2494.05304,0.35191
2492.62786,0.34917
2491.20269,0.34434
2489.77752,0.33724
2488.35234,0.33052
2486.92717,0.32779
2485.50200,0.32939
2484.07682,0.33190
2482.65165,0.33228
2481.22648,0.33052
2479.80130,0.32818
2478.37613,0.32616
2476.95096,0.32439
2475.52578,0.32232
2474.10061,0.31928
2472.67544,0.31568
2471.25027,0.31356
2469.82509,0.31453
2468.39992,0.31750
2466.97475,0.31922
2465.54957,0.31711
2464.12440,0.31172
2462.69923,0.30638
2461.27405,0.30447
2459.84888,0.30637
2458.42371,0.30936
2456.99853,0.31105
2455.57336,0.31157
2454.14819,0.31183
2452.72301,0.31189
2451.29784,0.31182
2449.87267,0.31235
2448.44749,0.31406
2447.02232,0.31696
2445.59715,0.32109
2444.17198,0.32648
2442.74680,0.33258
2441.32163,0.33800
2439.89646,0.34154
2438.47128,0.34337
2437.04611,0.34456
2435.62094,0.34543
2434.19576,0.34520
2432.77059,0.34357
2431.34542,0.34210
2429.92024,0.34331
2428.49507,0.34797
2427.06990,0.35421
2425.64472,0.35955
2424.21955,0.36334
2422.79438,0.36638
2421.36920,0.36914
2419.94403,0.37108
2418.51886,0.37124
2417.09369,0.36925
2415.66851,0.36610
2414.24334,0.36337
2412.81817,0.36107
2411.39299,0.35785
2409.96782,0.35382
2408.54265,0.35141
2407.11747,0.35262
2405.69230,0.35714
2404.26713,0.36293
2402.84195,0.36681
2401.41678,0.36547
2399.99161,0.35866
2398.56643,0.35012
2397.14126,0.34361
2395.71609,0.33991
2394.29091,0.33807
2392.86574,0.33693
2391.44057,0.33519
2390.01540,0.33234
2388.59022,0.32965
2387.16505,0.32827
2385.73988,0.32689
2384.31470,0.32286
2382.88953,0.31622
2381.46436,0.31088
2380.03918,0.30989
2378.61401,0.31060
2377.18884,0.30795
2375.76366,0.30273
2374.33849,0.30153
2372.91332,0.30678
2371.48814,0.31172
2370.06297,0.30912
2368.63780,0.30046
2367.21262,0.29098
2365.78745,0.28313
2364.36228,0.27994
2362.93710,0.28699
2361.51193,0.30525
2360.08676,0.32324
2358.66159,0.32671
2357.23641,0.31630
2355.81124,0.30203
2354.38607,0.29289
2352.96089,0.29337
2351.53572,0.30119
2350.11055,0.31061
2348.68537,0.31832
2347.26020,0.32422
2345.83503,0.32843
2344.40985,0.33001
2342.98468,0.33046
2341.55951,0.33507
2340.13433,0.34528
2338.70916,0.35412
2337.28399,0.35585
2335.85881,0.35379
2334.43364,0.35263
2333.00847,0.35181
2331.58330,0.34989
2330.15812,0.34732
2328.73295,0.34450
2327.30778,0.34236
2325.88260,0.34253
2324.45743,0.34480
2323.03226,0.34811
2321.60708,0.35335
2320.18191,0.36023
2318.75674,0.36486
2317.33156,0.36432
2315.90639,0.36000
2314.48122,0.35522
2313.05604,0.35218
2311.63087,0.35129
2310.20570,0.35127
2308.78052,0.34987
2307.35535,0.34567
2305.93018,0.33940
2304.50501,0.33349
2303.07983,0.33019
2301.65466,0.32929
2300.22949,0.32800
2298.80431,0.32398
2297.37914,0.31817
2295.95397,0.31318
2294.52879,0.31009
2293.10362,0.30784
2291.67845,0.30465
2290.25327,0.29947
2288.82810,0.29260
2287.40293,0.28517
2285.97775,0.27788
2284.55258,0.27086
2283.12741,0.26425
2281.70223,0.25824
2280.27706,0.25256
2278.85189,0.24687
2277.42672,0.24158
2276.00154,0.23699
2274.57637,0.23198
2273.15120,0.22516
2271.72602,0.21740
2270.30085,0.21083
2268.87568,0.20560
2267.45050,0.20022
2266.02533,0.19434
2264.60016,0.18876
2263.17498,0.18345
2261.74981,0.17785
2260.32464,0.17188
2258.89946,0.16563
2257.47429,0.15910
2256.04912,0.15298
2254.62394,0.14818
2253.19877,0.14453
2251.77360,0.14061
2250.34843,0.13540
2248.92325,0.12949
2247.49808,0.12415
2246.07291,0.11976
2244.64773,0.11587
2243.22256,0.11217
2241.79739,0.10850
2240.37221,0.10442
2238.94704,0.09962
2237.52187,0.09468
2236.09669,0.09046
2234.67152,0.08705
2233.24635,0.08381
2231.82117,0.08037
2230.39600,0.07681
2228.97083,0.07319
2227.54565,0.06956
2226.12048,0.06625
2224.69531,0.06363
2223.27013,0.06137
2221.84496,0.05874
2220.41979,0.05547
2218.99462,0.05203
2217.56944,0.04898
2216.14427,0.04638
2214.71910,0.04400
2213.29392,0.04170
2211.86875,0.03947
2210.44358,0.03724
2209.01840,0.03505
2207.59323,0.03305
2206.16806,0.03118
2204.74288,0.02924
2203.31771,0.02720
2201.89254,0.02524
2200.46736,0.02343
2199.04219,0.02173
2197.61702,0.02010
2196.19184,0.01854
2194.76667,0.01710
2193.34150,0.01594
2191.91633,0.01517
2190.49115,0.01457
2189.06598,0.01380
2187.64081,0.01276
2186.21563,0.01159
2184.79046,0.01052
2183.36529,0.00959
2181.94011,0.00871
2180.51494,0.00787
2179.08977,0.00720
2177.66459,0.00679
2176.23942,0.00657
2174.81425,0.00646
2173.38907,0.00636
2171.96390,0.00624
2170.53873,0.00604
2169.11355,0.00573
2167.68838,0.00537
2166.26321,0.00506
2164.83804,0.00488
2163.41286,0.00475
2161.98769,0.00461
2160.56252,0.00447
2159.13734,0.00435
2157.71217,0.00425
2156.28700,0.00414
2154.86182,0.00404
2153.43665,0.00401
2152.01148,0.00408
2150.58630,0.00422
2149.16113,0.00437
2147.73596,0.00445
2146.31078,0.00445
2144.88561,0.00437
2143.46044,0.00428
2142.03526,0.00421
2140.61009,0.00422
2139.18492,0.00429
2137.75975,0.00440
2136.33457,0.00447
2134.90940,0.00447
2133.48423,0.00443
2132.05905,0.00436
2130.63388,0.00432
2129.20871,0.00432
2127.78353,0.00435
2126.35836,0.00438
2124.93319,0.00437
2123.50801,0.00429
2122.08284,0.00421
2120.65767,0.00420
2119.23249,0.00422
2117.80732,0.00419
2116.38215,0.00409
2114.95697,0.00399
2113.53180,0.00397
2112.10663,0.00397
2110.68146,0.00393
2109.25628,0.00384
2107.83111,0.00370
2106.40594,0.00351
2104.98076,0.00330
2103.55559,0.00312
2102.13042,0.00302
2100.70524,0.00298
2099.28007,0.00295
2097.85490,0.00288
2096.42972,0.00275
2095.00455,0.00261
2093.57938,0.00252
2092.15420,0.00249
2090.72903,0.00246
2089.30386,0.00242
2087.87868,0.00234
2086.45351,0.00223
2085.02834,0.00210
2083.60316,0.00196
2082.17799,0.00182
2080.75282,0.00170
2079.32765,0.00161
2077.90247,0.00158
2076.47730,0.00160
2075.05213,0.00164
2073.62695,0.00164
2072.20178,0.00160
2070.77661,0.00154
2069.35143,0.00148
2067.92626,0.00144
2066.50109,0.00138
2065.07591,0.00132
2063.65074,0.00129
2062.22557,0.00130
2060.80039,0.00132
2059.37522,0.00134
2057.95005,0.00135
2056.52487,0.00135
2055.09970,0.00135
2053.67453,0.00133
2052.24936,0.00132
2050.82418,0.00134
2049.39901,0.00137
2047.97384,0.00141
2046.54866,0.00144
2045.12349,0.00148
2043.69832,0.00151
2042.27314,0.00155
2040.84797,0.00157
2039.42280,0.00156
2037.99762,0.00151
2036.57245,0.00146
2035.14728,0.00142
2033.72210,0.00140
2032.29693,0.00139
2030.87176,0.00138
2029.44658,0.00136
2028.02141,0.00134
2026.59624,0.00133
2025.17107,0.00132
2023.74589,0.00130
2022.32072,0.00127
2020.89555,0.00122
2019.47037,0.00116
2018.04520,0.00109
2016.62003,0.00102
2015.19485,0.00095
2013.76968,0.00088
2012.34451,0.00080
2010.91933,0.00072
2009.49416,0.00065
2008.06899,0.00058
2006.64381,0.00052
2005.21864,0.00043
2003.79347,0.00033
2002.36829,0.00022
2000.94312,0.00014
1999.51795,0.00005
1998.09278,-0.00006
1996.66760,-0.00018
1995.24243,-0.00028
1993.81726,-0.00036
1992.39208,-0.00040
1990.96691,-0.00045
1989.54174,-0.00051
1988.11656,-0.00058
1986.69139,-0.00065
1985.26622,-0.00071
1983.84104,-0.00075
1982.41587,-0.00081
1980.99070,-0.00089
1979.56552,-0.00099
1978.14035,-0.00112
1976.71518,-0.00125
1975.29000,-0.00139
1973.86483,-0.00149
1972.43966,-0.00155
1971.01449,-0.00158
1969.58931,-0.00164
1968.16414,-0.00173
1966.73897,-0.00182
1965.31379,-0.00187
1963.88862,-0.00189
1962.46345,-0.00191
1961.03827,-0.00196
1959.61310,-0.00203
1958.18793,-0.00212
1956.76275,-0.00219
1955.33758,-0.00222
1953.91241,-0.00220
1952.48723,-0.00218
1951.06206,-0.00218
1949.63689,-0.00221
1948.21171,-0.00224
1946.78654,-0.00230
1945.36137,-0.00236
1943.93619,-0.00240
1942.51102,-0.00240
1941.08585,-0.00237
1939.66068,-0.00235
1938.23550,-0.00235
1936.81033,-0.00236
1935.38516,-0.00237
1933.95998,-0.00238
1932.53481,-0.00239
1931.10964,-0.00239
1929.68446,-0.00239
1928.25929,-0.00240
1926.83412,-0.00243
1925.40894,-0.00248
1923.98377,-0.00256
1922.55860,-0.00264
1921.13342,-0.00272
1919.70825,-0.00278
1918.28308,-0.00282
1916.85790,-0.00286
1915.43273,-0.00290
1914.00756,-0.00297
1912.58239,-0.00307
1911.15721,-0.00316
1909.73204,-0.00325
1908.30687,-0.00332
1906.88169,-0.00341
1905.45652,-0.00352
1904.03135,-0.00362
1902.60617,-0.00372
1901.18100,-0.00379
1899.75583,-0.00386
1898.33065,-0.00394
1896.90548,-0.00404
1895.48031,-0.00414
1894.05513,-0.00425
1892.62996,-0.00436
1891.20479,-0.00447
1889.77961,-0.00455
1888.35444,-0.00460
1886.92927,-0.00465
1885.50410,-0.00474
1884.07892,-0.00485
1882.65375,-0.00493
1881.22858,-0.00499
1879.80340,-0.00507
1878.37823,-0.00515
1876.95306,-0.00522
1875.52788,-0.00527
1874.10271,-0.00532
1872.67754,-0.00540
1871.25236,-0.00549
1869.82719,-0.00557
1868.40202,-0.00560
1866.97684,-0.00559
1865.55167,-0.00559
1864.12650,-0.00561
1862.70132,-0.00565
1861.27615,-0.00566
1859.85098,-0.00564
1858.42581,-0.00561
1857.00063,-0.00559
1855.57546,-0.00559
1854.15029,-0.00561
1852.72511,-0.00564
1851.29994,-0.00569
1849.87477,-0.00575
1848.44959,-0.00580
1847.02442,-0.00584
1845.59925,-0.00586
1844.17407,-0.00583
1842.74890,-0.00578
1841.32373,-0.00573
1839.89855,-0.00569
1838.47338,-0.00565
1837.04821,-0.00563
1835.62303,-0.00562
1834.19786,-0.00563
1832.77269,-0.00568
1831.34751,-0.00576
1829.92234,-0.00582
1828.49717,-0.00579
1827.07200,-0.00570
1825.64682,-0.00557
1824.22165,-0.00544
1822.79648,-0.00535
1821.37130,-0.00532
1819.94613,-0.00534
1818.52096,-0.00538
1817.09578,-0.00540
1815.67061,-0.00540
1814.24544,-0.00540
1812.82026,-0.00542
1811.39509,-0.00544
1809.96992,-0.00544
1808.54474,-0.00542
1807.11957,-0.00540
1805.69440,-0.00539
1804.26922,-0.00540
1802.84405,-0.00546
1801.41888,-0.00556
1799.99371,-0.00564
1798.56853,-0.00568
1797.14336,-0.00570
1795.71819,-0.00572
1794.29301,-0.00576
1792.86784,-0.00578
1791.44267,-0.00575
1790.01749,-0.00570
1788.59232,-0.00565
1787.16715,-0.00560
1785.74197,-0.00554
1784.31680,-0.00550
1782.89163,-0.00553
1781.46645,-0.00561
1780.04128,-0.00566
1778.61611,-0.00567
1777.19093,-0.00566
1775.76576,-0.00569
1774.34059,-0.00577
1772.91542,-0.00585
1771.49024,-0.00586
1770.06507,-0.00574
1768.63990,-0.00554
1767.21472,-0.00533
1765.78955,-0.00517
1764.36438,-0.00509
1762.93920,-0.00506
1761.51403,-0.00499
1760.08886,-0.00485
1758.66368,-0.00467
1757.23851,-0.00450
1755.81334,-0.00435
1754.38816,-0.00422
1752.96299,-0.00412
1751.53782,-0.00398
1750.11264,-0.00375
1748.68747,-0.00341
1747.26230,-0.00301
1745.83713,-0.00263
1744.41195,-0.00226
1742.98678,-0.00189
1741.56161,-0.00149
1740.13643,-0.00103
1738.71126,-0.00057
1737.28609,-0.00019
1735.86091,0.00015
1734.43574,0.00058
1733.01057,0.00117
1731.58539,0.00174
1730.16022,0.00226
1728.73505,0.00274
1727.30987,0.00318
1725.88470,0.00358
1724.45953,0.00394
1723.03435,0.00427
1721.60918,0.00452
1720.18401,0.00472
1718.75884,0.00488
1717.33366,0.00513
1715.90849,0.00553
1714.48332,0.00597
1713.05814,0.00635
1711.63297,0.00667
1710.20780,0.00691
1708.78262,0.00709
1707.35745,0.00728
1705.93228,0.00751
1704.50710,0.00774
1703.08193,0.00794
1701.65676,0.00818
1700.23158,0.00857
1698.80641,0.00922
1697.38124,0.01017
1695.95606,0.01160
1694.53089,0.01339
1693.10572,0.01522
1691.68054,0.01710
1690.25537,0.01920
1688.83020,0.02140
1687.40503,0.02347
1685.97985,0.02575
1684.55468,0.02884
1683.12951,0.03238
1681.70433,0.03549
1680.27916,0.03822
1678.85399,0.04095
1677.42881,0.04402
1676.00364,0.04778
1674.57847,0.05209
1673.15329,0.05633
1671.72812,0.06061
1670.30295,0.06568
1668.87777,0.07153
1667.45260,0.07703
1666.02743,0.08181
1664.60225,0.08653
1663.17708,0.09156
1661.75191,0.09640
1660.32674,0.10031
1658.90156,0.10316
1657.47639,0.10514
1656.05122,0.10641
1654.62604,0.10698
1653.20087,0.10678
1651.77570,0.10610
1650.35052,0.10525
1648.92535,0.10397
1647.50018,0.10189
1646.07500,0.09915
1644.64983,0.09642
1643.22466,0.09380
1641.79948,0.09098
1640.37431,0.08784
1638.94914,0.08435
1637.52396,0.08012
1636.09879,0.07470
1634.67362,0.06893
1633.24845,0.06412
1631.82327,0.06001
1630.39810,0.05580
1628.97293,0.05125
1627.54775,0.04674
1626.12258,0.04267
1624.69741,0.03898
1623.27223,0.03558
1621.84706,0.03273
1620.42189,0.03055
1618.99671,0.02872
1617.57154,0.02690
1616.14637,0.02529
1614.72119,0.02415
1613.29602,0.02322
1611.87085,0.02217
1610.44567,0.02092
1609.02050,0.01959
1607.59533,0.01834
1606.17016,0.01724
1604.74498,0.01622
1603.31981,0.01527
1601.89464,0.01445
1600.46946,0.01377
1599.04429,0.01315
1597.61912,0.01254
1596.19394,0.01194
1594.76877,0.01141
1593.34360,0.01101
1591.91842,0.01072
1590.49325,0.01047
1589.06808,0.01026
1587.64290,0.01010
1586.21773,0.00996
1584.79256,0.00981
1583.36738,0.00963
1581.94221,0.00939
1580.51704,0.00910
1579.09187,0.00877
1577.66669,0.00843
1576.24152,0.00819
1574.81635,0.00816
1573.39117,0.00824
1571.96600,0.00834
1570.54083,0.00853
1569.11565,0.00886
1567.69048,0.00934
1566.26531,0.00997
1564.84013,0.01071
1563.41496,0.01149
1561.98979,0.01226
1560.56461,0.01323
1559.13944,0.01481
1557.71427,0.01681
1556.28909,0.01865
1554.86392,0.02046
1553.43875,0.02237
1552.01357,0.02440
1550.58840,0.02652
1549.16323,0.02865
1547.73806,0.03052
1546.31288,0.03198
1544.88771,0.03305
1543.46254,0.03378
1542.03736,0.03421
1540.61219,0.03440
1539.18702,0.03437
1537.76184,0.03413
1536.33667,0.03364
1534.91150,0.03290
1533.48632,0.03198
1532.06115,0.03114
1530.63598,0.03049
1529.21080,0.02987
1527.78563,0.02916
1526.36046,0.02842
1524.93528,0.02782
1523.51011,0.02752
1522.08494,0.02772
1520.65977,0.02858
1519.23459,0.02998
1517.80942,0.03158
1516.38425,0.03281
1514.95907,0.03293
1513.53390,0.03164
1512.10873,0.02936
1510.68355,0.02673
1509.25838,0.02413
1507.83321,0.02152
1506.40803,0.01914
1504.98286,0.01765
1503.55769,0.01690
1502.13251,0.01637
1500.70734,0.01586
1499.28217,0.01532
1497.85699,0.01472
1496.43182,0.01401
1495.00665,0.01329
1493.58148,0.01266
1492.15630,0.01210
1490.73113,0.01159
1489.30596,0.01128
1487.88078,0.01131
1486.45561,0.01159
1485.03044,0.01200
1483.60526,0.01256
1482.18009,0.01333
1480.75492,0.01436
1479.32974,0.01567
1477.90457,0.01724
1476.47940,0.01898
1475.05422,0.02081
1473.62905,0.02283
1472.20388,0.02512
1470.77870,0.02729
1469.35353,0.02901
1467.92836,0.03040
1466.50319,0.03180
1465.07801,0.03344
1463.65284,0.03525
1462.22767,0.03691
1460.80249,0.03837
1459.37732,0.03985
1457.95215,0.04165
1456.52697,0.04358
1455.10180,0.04513
1453.67663,0.04624
1452.25145,0.04712
1450.82628,0.04784
1449.40111,0.04841
1447.97593,0.04895
1446.55076,0.04955
1445.12559,0.05021
1443.70041,0.05075
1442.27524,0.05105
1440.85007,0.05104
1439.42490,0.05069
1437.99972,0.04994
1436.57455,0.04884
1435.14938,0.04769
1433.72420,0.04666
1432.29903,0.04564
1430.87386,0.04446
1429.44868,0.04309
1428.02351,0.04164
1426.59834,0.04016
1425.17316,0.03861
1423.74799,0.03708
1422.32282,0.03565
1420.89764,0.03431
1419.47247,0.03299
1418.04730,0.03183
1416.62212,0.03092
1415.19695,0.03014
1413.77178,0.02934
1412.34660,0.02856
1410.92143,0.02785
1409.49626,0.02723
1408.07109,0.02668
1406.64591,0.02614
1405.22074,0.02559
1403.79557,0.02502
1402.37039,0.02442
1400.94522,0.02379
1399.52005,0.02319
1398.09487,0.02269
1396.66970,0.02231
1395.24453,0.02198
1393.81935,0.02171
1392.39418,0.02153
1390.96901,0.02139
1389.54383,0.02120
1388.11866,0.02092
1386.69349,0.02054
1385.26831,0.02014
1383.84314,0.01973
1382.41797,0.01933
1380.99280,0.01898
1379.56762,0.01870
1378.14245,0.01849
1376.71728,0.01835
1375.29210,0.01832
1373.86693,0.01841
1372.44176,0.01859
1371.01658,0.01881
1369.59141,0.01901
1368.16624,0.01915
1366.74106,0.01915
1365.31589,0.01904
1363.89072,0.01895
1362.46554,0.01897
1361.04037,0.01909
1359.61520,0.01926
1358.19002,0.01949
1356.76485,0.01981
1355.33968,0.02021
1353.91451,0.02067
1352.48933,0.02110
1351.06416,0.02145
1349.63899,0.02166
1348.21381,0.02174
1346.78864,0.02175
1345.36347,0.02176
1343.93829,0.02175
1342.51312,0.02166
1341.08795,0.02150
1339.66277,0.02137
1338.23760,0.02137
1336.81243,0.02147
1335.38725,0.02155
1333.96208,0.02153
1332.53691,0.02143
1331.11173,0.02129
1329.68656,0.02116
1328.26139,0.02105
1326.83622,0.02094
1325.41104,0.02088
1323.98587,0.02085
1322.56070,0.02082
1321.13552,0.02079
1319.71035,0.02076
1318.28518,0.02078
1316.86000,0.02088
1315.43483,0.02106
1314.00966,0.02124
1312.58448,0.02136
1311.15931,0.02143
1309.73414,0.02149
1308.30896,0.02159
1306.88379,0.02176
1305.45862,0.02199
1304.03344,0.02223
1302.60827,0.02248
1301.18310,0.02278
1299.75793,0.02314
1298.33275,0.02353
1296.90758,0.02390
1295.48241,0.02421
1294.05723,0.02446
1292.63206,0.02468
1291.20689,0.02492
1289.78171,0.02521
1288.35654,0.02557
1286.93137,0.02601
1285.50619,0.02650
1284.08102,0.02700
1282.65585,0.02751
1281.23067,0.02805
1279.80550,0.02860
1278.38033,0.02914
1276.95515,0.02971
1275.52998,0.03043
1274.10481,0.03129
1272.67963,0.03225
1271.25446,0.03327
1269.82929,0.03439
1268.40412,0.03567
1266.97894,0.03714
1265.55377,0.03883
1264.12860,0.04073
1262.70342,0.04271
1261.27825,0.04473
1259.85308,0.04694
1258.42790,0.04966
1257.00273,0.05302
1255.57756,0.05681
1254.15238,0.06082
1252.72721,0.06514
1251.30204,0.07041
1249.87686,0.07753
1248.45169,0.08688
1247.02652,0.09786
1245.60134,0.10969
1244.17617,0.12265
1242.75100,0.13742
1241.32583,0.15381
1239.90065,0.17106
1238.47548,0.18899
1237.05031,0.20760
1235.62513,0.22646
1234.19996,0.24547
1232.77479,0.26508
1231.34961,0.28467
1229.92444,0.30073
1228.49927,0.30879
1227.07409,0.30896
1225.64892,0.30714
1224.22375,0.30859
1222.79857,0.31331
1221.37340,0.31861
1219.94823,0.32311
1218.52305,0.32638
1217.09788,0.32671
1215.67271,0.32320
1214.24754,0.31970
1212.82236,0.32146
1211.39719,0.32713
1209.97202,0.32974
1208.54684,0.32707
1207.12167,0.32379
1205.69650,0.32295
1204.27132,0.32265
1202.84615,0.32121
1201.42098,0.32109
1199.99580,0.32587
1198.57063,0.33418
1197.14546,0.33968
1195.72028,0.33870
1194.29511,0.33395
1192.86994,0.32902
1191.44476,0.32389
1190.01959,0.31697
1188.59442,0.30882
1187.16925,0.30133
1185.74407,0.29358
1184.31890,0.28078
1182.89373,0.26054
1181.46855,0.23817
1180.04338,0.22043
1178.61821,0.20760
1177.19303,0.19549
1175.76786,0.18184
1174.34269,0.16739
1172.91751,0.15316
1171.49234,0.13964
1170.06717,0.12776
1168.64199,0.11830
1167.21682,0.11057
1165.79165,0.10298
1164.36647,0.09501
1162.94130,0.08752
1161.51613,0.08149
1160.09096,0.07733
1158.66578,0.07490
1157.24061,0.07325
1155.81544,0.07115
1154.39026,0.06820
1152.96509,0.06508
1151.53992,0.06238
1150.11474,0.06003
1148.68957,0.05782
1147.26440,0.05587
1145.83922,0.05444
1144.41405,0.05341
1142.98888,0.05220
1141.56370,0.05043
1140.13853,0.04833
1138.71336,0.04645
1137.28818,0.04491
1135.86301,0.04365
1134.43784,0.04288
1133.01266,0.04273
1131.58749,0.04282
1130.16232,0.04264
1128.73715,0.04218
1127.31197,0.04176
1125.88680,0.04150
1124.46163,0.04119
1123.03645,0.04064
1121.61128,0.03986
1120.18611,0.03911
1118.76093,0.03878
1117.33576,0.03892
1115.91059,0.03911
1114.48541,0.03904
1113.06024,0.03888
1111.63507,0.03875
1110.20989,0.03822
1108.78472,0.03709
1107.35955,0.03597
1105.93437,0.03552
1104.50920,0.03566
1103.08403,0.03591
1101.65886,0.03608
1100.23368,0.03619
1098.80851,0.03613
1097.38334,0.03578
1095.95816,0.03529
1094.53299,0.03500
1093.10782,0.03513
1091.68264,0.03572
1090.25747,0.03653
1088.83230,0.03702
1087.40712,0.03674
1085.98195,0.03597
1084.55678,0.03547
1083.13160,0.03532
1081.70643,0.03475
1080.28126,0.03344
1078.85608,0.03235
1077.43091,0.03255
1076.00574,0.03376
1074.58057,0.03468
1073.15539,0.03467
1071.73022,0.03439
1070.30505,0.03459
1068.87987,0.03509
1067.45470,0.03526
1066.02953,0.03523
1064.60435,0.03573
1063.17918,0.03691
1061.75401,0.03786
1060.32883,0.03783
1058.90366,0.03719
1057.47849,0.03671
1056.05331,0.03656
1054.62814,0.03663
1053.20297,0.03706
1051.77779,0.03765
1050.35262,0.03756
1048.92745,0.03641
1047.50228,0.03500
1046.07710,0.03438
1044.65193,0.03497
1043.22676,0.03663
1041.80158,0.03866
1040.37641,0.04004
1038.95124,0.04031
1037.52606,0.04018
1036.10089,0.04052
1034.67572,0.04124
1033.25054,0.04157
1031.82537,0.04121
1030.40020,0.04069
1028.97502,0.04062
1027.54985,0.04102
1026.12468,0.04156
1024.69950,0.04212
1023.27433,0.04297
1021.84916,0.04443
1020.42399,0.04633
1018.99881,0.04794
1017.57364,0.04861
1016.14847,0.04851
1014.72329,0.04837
1013.29812,0.04870
1011.87295,0.04935
1010.44777,0.04972
1009.02260,0.04935
1007.59743,0.04791
1006.17225,0.04542
1004.74708,0.04313
1003.32191,0.04302
1001.89673,0.04546
1000.47156,0.04853
999.04639,0.05044
997.62121,0.05106
996.19604,0.05076
994.77087,0.05020
993.34569,0.05094
991.92052,0.05376
990.49535,0.05728
989.07018,0.05951
987.64500,0.05948
986.21983,0.05680
984.79466,0.05193
983.36948,0.04724
981.94431,0.04568
980.51914,0.04783
979.09396,0.05102
977.66879,0.05239
976.24362,0.05214
974.81844,0.05142
973.39327,0.04902
971.96810,0.04420
970.54292,0.04110
969.11775,0.04480
967.69258,0.05379
966.26740,0.06185
964.84223,0.06594
963.41706,0.06857
961.99189,0.07240
960.56671,0.07479
959.14154,0.07028
957.71637,0.05926
956.29119,0.05087
954.86602,0.05355
953.44085,0.06524
952.01567,0.07748
950.59050,0.08540
949.16533,0.08782
947.74015,0.08157
946.31498,0.06549
944.88981,0.04934
943.46463,0.04806
942.03946,0.06666
940.61429,0.09515
939.18911,0.11595
937.76394,0.11513
936.33877,0.09229
934.91360,0.06189
933.48842,0.04331
932.06325,0.04669
930.63808,0.06470
929.21290,0.07351
927.78773,0.05187
926.36256,0.00984
924.93738,-0.02602
923.51221,-0.04740
922.08704,-0.06273
920.66186,-0.06961
919.23669,-0.04922
917.81152,-0.03153
916.38634,-0.04615
914.96117,-0.09433
913.53600,-0.12809
912.11082,-0.11618
910.68565,-0.10877
909.26048,-0.07049
907.83531,0.00393
906.41013,-0.00816
904.98496,-0.08222
903.55979,-0.20700
902.13461,-0.38725
900.70944,-0.46176
899.28427,-0.29597
897.85909,-0.18750
896.43392,-0.29895
895.00875,-0.56078
893.58357,-0.38769
892.15840,-0.33099
890.73323,-0.62015
889.30805,-0.09065
887.88288,0.27088
886.45771,0.59803
885.03253,0.68558
883.60736,0.45402
882.18219,0.23058
880.75701,0.15043
879.33184,0.17680
877.90667,0.10761
876.48150,-0.01795
875.05632,-0.06978
873.63115,-0.12362
872.20598,-0.23682
870.78080,-0.17083
869.35563,-0.05259
867.93046,0.06910
866.50528,0.18672
865.08011,0.04607
863.65494,-0.28208
862.22976,-0.42052
860.80459,-0.28092
859.37942,-0.13398
857.95424,-0.11047
856.52907,-0.25101
855.10390,-0.57689
853.67872,-0.33874
852.25355,-0.11508
850.82838,0.12402
849.40321,0.30331
847.97803,0.36377
846.55286,0.26749
845.12769,0.32156
843.70251,0.36090
842.27734,0.35608
840.85217,0.22080
839.42699,0.40474
838.00182,0.16897
836.57665,-0.02391
835.15147,-0.17624
833.72630,-0.21230
832.30113,-0.19673
830.87595,-0.16257
829.45078,-0.21634
828.02561,-0.25416
826.60043,-0.30524
825.17526,-0.21018
823.75009,-0.09335
822.32492,-0.07287
820.89974,-0.16042
819.47457,0.19919
818.04940,0.38121
816.62422,0.38420
815.19905,0.34202
813.77388,0.24923
812.34870,0.13876
810.92353,0.01448
809.49836,-0.11918
808.07318,-0.18200
806.64801,-0.10350
805.22284,0.12111
803.79766,0.28887
802.37249,0.16926
800.94732,0.00010
799.52214,-0.00388
798.09697,-0.09764
796.67180,-0.09981
795.24663,0.09559
793.82145,0.25819
792.39628,0.43897
790.97111,0.16923
789.54593,-0.19513
788.12076,0.29345
786.69559,0.51188
785.27041,0.21794
783.84524,0.00646
782.42007,-0.24274
780.99489,-0.39787
779.56972,-0.32093
778.14455,-0.13169
776.71937,0.12280
775.29420,0.19567
773.86903,0.38299
772.44385,0.33480
771.01868,0.20263
769.59351,0.04972
768.16834,-0.20070
766.74316,-0.35749
765.31799,-0.58933
763.89282,-0.43683
762.46764,-0.46645
761.04247,-0.41319
759.61730,-0.25973
758.19212,-0.15018
756.76695,0.01972
755.34178,0.20677
753.91660,0.10666
752.49143,0.07537
751.06626,0.06672
749.64108,-0.00171
748.21591,-0.17673
746.79074,-0.04937
745.36556,0.10452
743.94039,-0.05674
742.51522,-0.23973
741.09004,-0.05722
739.66487,0.15632
738.23970,0.41703
736.81453,0.64311
735.38935,0.09896
733.96418,0.17916
732.53901,0.35820
731.11383,0.29756
729.68866,0.16307
728.26349,0.10782
726.83831,0.11679
725.41314,0.24394
723.98797,0.22003
722.56279,0.06148
721.13762,0.14792
719.71245,0.17330
718.28727,0.23586
716.86210,0.25420
715.43693,-0.05349
714.01175,-0.04622
712.58658,0.06554
711.16141,-0.20013
709.73624,-0.29651
708.31106,-0.41287
706.88589,-0.02837
705.46072,0.06116
704.03554,-0.21375
702.61037,-0.25057
701.18520,0.42642
699.76002,0.39263
698.33485,0.16395
696.90968,0.10628
695.48450,0.31172
694.05933,0.30294
692.63416,0.21443
691.20898,0.12652
689.78381,0.10906
688.35864,0.46636
686.93346,0.41980
685.50829,0.03788
684.08312,-0.00776
682.65795,0.01322
681.23277,0.16982
679.80760,0.18070
678.38243,0.09020
676.95725,0.05354
675.53208,0.02588
674.10691,0.03946
672.68173,0.09523
671.25656,0.07099
669.83139,-0.41327
668.40621,-0.43011
666.98104,-0.10660
665.55587,0.11534
664.13069,0.43621
662.70552,0.37593
661.28035,0.42613
659.85517,0.10780
658.43000,-0.04908
657.00483,-0.18806
655.57966,-0.23285
654.15448,0.11960
652.72931,0.26768
651.30414,0.31790
649.87896,-0.12812
648.45379,-0.38676
647.02862,-0.28695
645.60344,-0.00510
644.17827,0.29772
642.75310,0.20803
641.32792,0.03192
639.90275,0.00121
638.47758,-0.07698
637.05240,-0.15403
635.62723,-0.02482
634.20206,0.04639
632.77688,-0.11091
631.35171,-0.30389
629.92654,-0.25605
628.50137,-0.04614
627.07619,0.12532
625.65102,0.23904
624.22585,0.15869
622.80067,0.14714
621.37550,0.13830
619.95033,-0.06057
618.52515,-0.45695
617.09998,-0.70663
615.67481,-0.46977
614.24963,-0.37340
612.82446,-0.46699
611.39929,-0.17394
609.97411,-0.08541
608.54894,-0.02278
607.12377,0.11128
605.69859,0.19044
604.27342,0.07271
602.84825,0.16226
601.42307,0.25334
599.99790,0.24649
598.57273,0.02228
597.14756,-0.15744
595.72238,-0.18237
594.29721,-0.25805
592.87204,-0.17452
591.44686,-0.01750
590.02169,0.09826
588.59652,0.02115
587.17134,-0.11121
585.74617,-0.17842
584.32100,0.13085
582.89582,0.22930
581.47065,0.26284
580.04548,0.33021
578.62030,0.39929
577.19513,0.34782
575.76996,0.01764
574.34478,0.02550
572.91961,0.06962
571.49444,0.02695
570.06927,-0.07613
568.64409,-0.04939
567.21892,0.10494
565.79375,0.07345
564.36857,0.00962
562.94340,-0.07681
561.51823,-0.10189
560.09305,0.04342
558.66788,0.16942
557.24271,0.20959
555.81753,0.25730
554.39236,0.42037
552.96719,-0.01395
551.54201,-0.08288
550.11684,-0.00695
548.69167,0.01732
547.26649,-0.24401
545.84132,-0.32231
544.41615,-0.22708
542.99098,-0.08489
541.56580,-0.02769
540.14063,-0.17881
538.71546,-0.82259
537.29028,-0.14959
535.86511,0.00939
534.43994,0.02605
533.01476,0.04921
531.58959,0.05421
530.16442,0.03153
528.73924,0.06159
527.31407,-0.00538
525.88890,-0.03830
524.46372,-0.03955
523.03855,-0.00236
521.61338,0.03871
520.18820,0.00243
518.76303,-0.12433
517.33786,-0.37239
515.91269,-0.36093
514.48751,-0.33155
513.06234,-0.30856
511.63717,-0.09776
510.21199,0.29525
508.78682,0.02406
507.36165,-0.13257
505.93647,-0.24384
504.51130,-0.43345
503.08613,-0.31237
501.66095,0.01609
500.23578,0.29286
498.81061,0.32071
497.38543,0.14246
495.96026,-0.22446
494.53509,-0.46178
493.10991,-0.26928
491.68474,-0.04351
490.25957,0.03238
488.83440,-0.01544
487.40922,0.01870
485.98405,0.27018
484.55888,0.85699
483.13370,0.29248
481.70853,0.06163
480.28336,0.27312
478.85818,0.16353
477.43301,0.02148
476.00784,0.03453
474.58266,0.28260
473.15749,0.47974
471.73232,0.43384
470.30714,0.10107
468.88197,-0.28272
467.45680,-0.35301
466.03162,-0.30104
464.60645,-0.31912
463.18128,-0.43736
461.75610,-0.15646
460.33093,0.14108
458.90576,0.29081
457.48059,0.08510
456.05541,-0.19636
454.63024,-0.06209
453.20507,0.06676
451.77989,0.13778
450.35472,0.23368
448.92955,0.41753
447.50437,0.55105
446.07920,0.29687
444.65403,0.29191
443.22885,0.10301
441.80368,-0.02913
440.37851,-0.14668
438.95333,-0.24212
437.52816,-0.20365
436.10299,-0.18042
434.67781,-0.02974
433.25264,-0.20832
431.82747,-0.14799
430.40230,0.17869
428.97712,0.39198
427.55195,0.24359
426.12678,0.00887
424.70160,-0.15783
423.27643,-0.15912
421.85126,-0.12888
420.42608,-0.11786
419.00091,-0.13580
417.57574,-0.17950
416.15056,-0.23660
414.72539,-0.16212
413.30022,-0.00320
411.87504,0.49436
410.44987,-0.00379
409.02470,-0.11884
407.59952,-0.12639
406.17435,-0.08458
404.74918,-0.04958
403.32401,-0.15991
401.89883,-0.35732
400.47366,0.03290
399.04849,0.30281
