3997.61072,0.00513
3996.18555,0.00507
3994.76038,0.00503
3993.33520,0.00499
3991.91003,0.00495
3990.48486,0.00493
3989.05968,0.00495
3987.63451,0.00501
3986.20934,0.00508
3984.78416,0.00514
3983.35899,0.00513
3981.93382,0.00507
3980.50865,0.00498
3979.08347,0.00493
3977.65830,0.00490
3976.23313,0.00488
3974.80795,0.00482
3973.38278,0.00476
3971.95761,0.00470
3970.53243,0.00466
3969.10726,0.00461
3967.68209,0.00454
3966.25691,0.00444
3964.83174,0.00432
3963.40657,0.00419
3961.98139,0.00408
3960.55622,0.00400
3959.13105,0.00395
3957.70587,0.00390
3956.28070,0.00380
3954.85553,0.00366
3953.43036,0.00351
3952.00518,0.00340
3950.58001,0.00331
3949.15484,0.00318
3947.72966,0.00301
3946.30449,0.00285
3944.87932,0.00270
3943.45414,0.00257
3942.02897,0.00243
3940.60380,0.00229
3939.17862,0.00214
3937.75345,0.00196
3936.32828,0.00177
3934.90310,0.00158
3933.47793,0.00142
3932.05276,0.00125
3930.62758,0.00103
3929.20241,0.00076
3927.77724,0.00048
3926.35207,0.00019
3924.92689,-0.00012
3923.50172,-0.00049
3922.07655,-0.00087
3920.65137,-0.00119
3919.22620,-0.00144
3917.80103,-0.00168
3916.37585,-0.00197
3914.95068,-0.00235
3913.52551,-0.00276
3912.10033,-0.00317
3910.67516,-0.00354
3909.24999,-0.00389
3907.82481,-0.00424
3906.39964,-0.00461
3904.97447,-0.00495
3903.54929,-0.00525
3902.12412,-0.00556
3900.69895,-0.00595
3899.27378,-0.00639
3897.84860,-0.00684
3896.42343,-0.00726
3894.99826,-0.00765
3893.57308,-0.00799
3892.14791,-0.00826
3890.72274,-0.00854
3889.29756,-0.00888
3887.87239,-0.00921
3886.44722,-0.00947
3885.02204,-0.00973
3883.59687,-0.01002
3882.17170,-0.01028
3880.74652,-0.01044
3879.32135,-0.01059
3877.89618,-0.01082
3876.47100,-0.01104
3875.04583,-0.01121
3873.62066,-0.01137
3872.19548,-0.01152
3870.77031,-0.01158
3869.34514,-0.01155
3867.91997,-0.01157
3866.49479,-0.01160
3865.06962,-0.01157
3863.64445,-0.01154
3862.21927,-0.01162
3860.79410,-0.01175
3859.36893,-0.01190
3857.94375,-0.01208
3856.51858,-0.01222
3855.09341,-0.01208
3853.66823,-0.01151
3852.24306,-0.01103
3850.81789,-0.01098
3849.39271,-0.01116
3847.96754,-0.01131
3846.54237,-0.01134
3845.11719,-0.01125
3843.69202,-0.01109
3842.26685,-0.01097
3840.84168,-0.01087
3839.41650,-0.01070
3837.99133,-0.01041
3836.56616,-0.01016
3835.14098,-0.01000
3833.71581,-0.00985
3832.29064,-0.00967
3830.86546,-0.00952
3829.44029,-0.00942
3828.01512,-0.00933
3826.58994,-0.00921
3825.16477,-0.00913
3823.73960,-0.00905
3822.31442,-0.00885
3820.88925,-0.00856
3819.46408,-0.00836
3818.03890,-0.00823
3816.61373,-0.00797
3815.18856,-0.00763
3813.76339,-0.00737
3812.33821,-0.00723
3810.91304,-0.00710
3809.48787,-0.00693
3808.06269,-0.00667
3806.63752,-0.00641
3805.21235,-0.00625
3803.78717,-0.00611
3802.36200,-0.00584
3800.93683,-0.00551
3799.51165,-0.00527
3798.08648,-0.00509
3796.66131,-0.00486
3795.23613,-0.00461
3793.81096,-0.00444
3792.38579,-0.00433
3790.96061,-0.00425
3789.53544,-0.00416
3788.11027,-0.00402
3786.68510,-0.00381
3785.25992,-0.00357
3783.83475,-0.00340
3782.40958,-0.00333
3780.98440,-0.00328
3779.55923,-0.00319
3778.13406,-0.00305
3776.70888,-0.00293
3775.28371,-0.00286
3773.85854,-0.00283
3772.43336,-0.00279
3771.00819,-0.00271
3769.58302,-0.00261
3768.15784,-0.00253
3766.73267,-0.00245
3765.30750,-0.00236
3763.88232,-0.00229
3762.45715,-0.00227
3761.03198,-0.00226
3759.60681,-0.00220
3758.18163,-0.00213
3756.75646,-0.00210
3755.33129,-0.00213
3753.90611,-0.00219
3752.48094,-0.00219
3751.05577,-0.00209
3749.63059,-0.00201
3748.20542,-0.00200
3746.78025,-0.00198
3745.35507,-0.00189
3743.92990,-0.00181
3742.50473,-0.00187
3741.07955,-0.00203
3739.65438,-0.00217
3738.22921,-0.00219
3736.80403,-0.00205
3735.37886,-0.00185
3733.95369,-0.00174
3732.52851,-0.00176
3731.10334,-0.00183
3729.67817,-0.00190
3728.25300,-0.00191
3726.82782,-0.00180
3725.40265,-0.00162
3723.97748,-0.00147
3722.55230,-0.00144
3721.12713,-0.00151
3719.70196,-0.00161
3718.27678,-0.00163
3716.85161,-0.00156
3715.42644,-0.00144
3714.00126,-0.00129
3712.57609,-0.00115
3711.15092,-0.00111
3709.72574,-0.00117
3708.30057,-0.00125
3706.87540,-0.00131
3705.45022,-0.00134
3704.02505,-0.00135
3702.59988,-0.00133
3701.17471,-0.00132
3699.74953,-0.00133
3698.32436,-0.00137
3696.89919,-0.00143
3695.47401,-0.00152
3694.04884,-0.00163
3692.62367,-0.00175
3691.19849,-0.00182
3689.77332,-0.00187
3688.34815,-0.00198
3686.92297,-0.00218
3685.49780,-0.00240
3684.07263,-0.00261
3682.64745,-0.00280
3681.22228,-0.00300
3679.79711,-0.00322
3678.37193,-0.00343
3676.94676,-0.00359
3675.52159,-0.00377
3674.09642,-0.00408
3672.67124,-0.00447
3671.24607,-0.00483
3669.82090,-0.00514
3668.39572,-0.00549
3666.97055,-0.00592
3665.54538,-0.00641
3664.12020,-0.00692
3662.69503,-0.00745
3661.26986,-0.00800
3659.84468,-0.00856
3658.41951,-0.00911
3656.99434,-0.00967
3655.56916,-0.01027
3654.14399,-0.01091
3652.71882,-0.01154
3651.29364,-0.01212
3649.86847,-0.01269
3648.44330,-0.01334
3647.01813,-0.01409
3645.59295,-0.01485
3644.16778,-0.01557
3642.74261,-0.01631
3641.31743,-0.01713
3639.89226,-0.01803
3638.46709,-0.01897
3637.04191,-0.01986
3635.61674,-0.02068
3634.19157,-0.02148
3632.76639,-0.02226
3631.34122,-0.02300
3629.91605,-0.02364
3628.49087,-0.02427
3627.06570,-0.02506
3625.64053,-0.02599
3624.21535,-0.02694
3622.79018,-0.02784
3621.36501,-0.02869
3619.93984,-0.02952
3618.51466,-0.03040
3617.08949,-0.03136
3615.66432,-0.03234
3614.23914,-0.03327
3612.81397,-0.03415
3611.38880,-0.03506
3609.96362,-0.03594
3608.53845,-0.03676
3607.11328,-0.03758
3605.68810,-0.03849
3604.26293,-0.03948
3602.83776,-0.04047
3601.41258,-0.04139
3599.98741,-0.04226
3598.56224,-0.04315
3597.13706,-0.04408
3595.71189,-0.04498
3594.28672,-0.04588
3592.86154,-0.04687
3591.43637,-0.04797
3590.01120,-0.04904
3588.58603,-0.04994
3587.16085,-0.05074
3585.73568,-0.05170
3584.31051,-0.05287
3582.88533,-0.05407
3581.46016,-0.05523
3580.03499,-0.05638
3578.60981,-0.05757
3577.18464,-0.05882
3575.75947,-0.06013
3574.33429,-0.06143
3572.90912,-0.06267
3571.48395,-0.06389
3570.05877,-0.06509
3568.63360,-0.06622
3567.20843,-0.06733
3565.78325,-0.06859
3564.35808,-0.07007
3562.93291,-0.07165
3561.50774,-0.07321
3560.08256,-0.07469
3558.65739,-0.07618
3557.23222,-0.07771
3555.80704,-0.07924
3554.38187,-0.08070
3552.95670,-0.08213
3551.53152,-0.08366
3550.10635,-0.08535
3548.68118,-0.08706
3547.25600,-0.08863
3545.83083,-0.09004
3544.40566,-0.09149
3542.98048,-0.09306
3541.55531,-0.09471
3540.13014,-0.09635
3538.70496,-0.09791
3537.27979,-0.09935
3535.85462,-0.10077
3534.42945,-0.10230
3533.00427,-0.10400
3531.57910,-0.10578
3530.15393,-0.10747
3528.72875,-0.10899
3527.30358,-0.11035
3525.87841,-0.11158
3524.45323,-0.11279
3523.02806,-0.11419
3521.60289,-0.11582
3520.17771,-0.11746
3518.75254,-0.11893
3517.32737,-0.12034
3515.90219,-0.12182
3514.47702,-0.12336
3513.05185,-0.12486
3511.62667,-0.12621
3510.20150,-0.12742
3508.77633,-0.12864
3507.35116,-0.12996
3505.92598,-0.13136
3504.50081,-0.13269
3503.07564,-0.13389
3501.65046,-0.13505
3500.22529,-0.13631
3498.80012,-0.13759
3497.37494,-0.13882
3495.94977,-0.14006
3494.52460,-0.14138
3493.09942,-0.14267
3491.67425,-0.14374
3490.24908,-0.14453
3488.82390,-0.14517
3487.39873,-0.14602
3485.97356,-0.14733
3484.54838,-0.14895
3483.12321,-0.15044
3481.69804,-0.15158
3480.27287,-0.15253
3478.84769,-0.15352
3477.42252,-0.15459
3475.99735,-0.15561
3474.57217,-0.15652
3473.14700,-0.15737
3471.72183,-0.15821
3470.29665,-0.15909
3468.87148,-0.16008
3467.44631,-0.16123
3466.02113,-0.16251
3464.59596,-0.16375
3463.17079,-0.16475
3461.74561,-0.16552
3460.32044,-0.16633
3458.89527,-0.16733
3457.47009,-0.16831
3456.04492,-0.16902
3454.61975,-0.16949
3453.19457,-0.17001
3451.76940,-0.17076
3450.34423,-0.17166
3448.91906,-0.17241
3447.49388,-0.17285
3446.06871,-0.17317
3444.64354,-0.17359
3443.21836,-0.17408
3441.79319,-0.17442
3440.36802,-0.17442
3438.94284,-0.17413
3437.51767,-0.17380
3436.09250,-0.17361
3434.66732,-0.17357
3433.24215,-0.17356
3431.81698,-0.17354
3430.39180,-0.17354
3428.96663,-0.17351
3427.54146,-0.17335
3426.11628,-0.17302
3424.69111,-0.17259
3423.26594,-0.17206
3421.84077,-0.17134
3420.41559,-0.17041
3418.99042,-0.16941
3417.56525,-0.16842
3416.14007,-0.16748
3414.71490,-0.16656
3413.28973,-0.16556
3411.86455,-0.16448
3410.43938,-0.16339
3409.01421,-0.16244
3407.58903,-0.16162
3406.16386,-0.16068
3404.73869,-0.15937
3403.31351,-0.15774
3401.88834,-0.15621
3400.46317,-0.15505
3399.03799,-0.15415
3397.61282,-0.15326
3396.18765,-0.15223
3394.76248,-0.15102
3393.33730,-0.14965
3391.91213,-0.14822
3390.48696,-0.14690
3389.06178,-0.14579
3387.63661,-0.14479
3386.21144,-0.14373
3384.78626,-0.14250
3383.36109,-0.14110
3381.93592,-0.13965
3380.51074,-0.13822
3379.08557,-0.13682
3377.66040,-0.13545
3376.23522,-0.13414
3374.81005,-0.13287
3373.38488,-0.13160
3371.95970,-0.13029
3370.53453,-0.12894
3369.10936,-0.12758
3367.68419,-0.12629
3366.25901,-0.12513
3364.83384,-0.12399
3363.40867,-0.12273
3361.98349,-0.12132
3360.55832,-0.11991
3359.13315,-0.11859
3357.70797,-0.11736
3356.28280,-0.11614
3354.85763,-0.11491
3353.43245,-0.11368
3352.00728,-0.11243
3350.58211,-0.11117
3349.15693,-0.10992
3347.73176,-0.10868
3346.30659,-0.10741
3344.88141,-0.10609
3343.45624,-0.10467
3342.03107,-0.10319
3340.60590,-0.10177
3339.18072,-0.10053
3337.75555,-0.09945
3336.33038,-0.09835
3334.90520,-0.09708
3333.48003,-0.09562
3332.05486,-0.09410
3330.62968,-0.09262
3329.20451,-0.09121
3327.77934,-0.08983
3326.35416,-0.08843
3324.92899,-0.08700
3323.50382,-0.08559
3322.07864,-0.08424
3320.65347,-0.08295
3319.22830,-0.08162
3317.80312,-0.08023
3316.37795,-0.07882
3314.95278,-0.07745
3313.52760,-0.07609
3312.10243,-0.07469
3310.67726,-0.07325
3309.25209,-0.07185
3307.82691,-0.07055
3306.40174,-0.06935
3304.97657,-0.06819
3303.55139,-0.06703
3302.12622,-0.06588
3300.70105,-0.06475
3299.27587,-0.06364
3297.85070,-0.06257
3296.42553,-0.06154
3295.00035,-0.06050
3293.57518,-0.05943
3292.15001,-0.05834
3290.72483,-0.05730
3289.29966,-0.05635
3287.87449,-0.05544
3286.44931,-0.05452
3285.02414,-0.05358
3283.59897,-0.05265
3282.17380,-0.05178
3280.74862,-0.05098
3279.32345,-0.05021
3277.89828,-0.04943
3276.47310,-0.04864
3275.04793,-0.04786
3273.62276,-0.04712
3272.19758,-0.04645
3270.77241,-0.04585
3269.34724,-0.04531
3267.92206,-0.04482
3266.49689,-0.04433
3265.07172,-0.04381
3263.64654,-0.04326
3262.22137,-0.04271
3260.79620,-0.04221
3259.37102,-0.04174
3257.94585,-0.04121
3256.52068,-0.04063
3255.09551,-0.04009
3253.67033,-0.03965
3252.24516,-0.03930
3250.81999,-0.03891
3249.39481,-0.03843
3247.96964,-0.03790
3246.54447,-0.03744
3245.11929,-0.03705
3243.69412,-0.03668
3242.26895,-0.03628
3240.84377,-0.03582
3239.41860,-0.03537
3237.99343,-0.03493
3236.56825,-0.03448
3235.14308,-0.03398
3233.71791,-0.03347
3232.29273,-0.03301
3230.86756,-0.03258
3229.44239,-0.03216
3228.01722,-0.03173
3226.59204,-0.03131
3225.16687,-0.03094
3223.74170,-0.03060
3222.31652,-0.03024
3220.89135,-0.02980
3219.46618,-0.02928
3218.04100,-0.02877
3216.61583,-0.02834
3215.19066,-0.02794
3213.76548,-0.02752
3212.34031,-0.02705
3210.91514,-0.02660
3209.48996,-0.02616
3208.06479,-0.02572
3206.63962,-0.02525
3205.21444,-0.02476
3203.78927,-0.02427
3202.36410,-0.02379
3200.93893,-0.02334
3199.51375,-0.02289
3198.08858,-0.02247
3196.66341,-0.02209
3195.23823,-0.02172
3193.81306,-0.02134
3192.38789,-0.02090
3190.96271,-0.02043
3189.53754,-0.02000
3188.11237,-0.01962
3186.68719,-0.01928
3185.26202,-0.01893
3183.83685,-0.01856
3182.41167,-0.01821
3180.98650,-0.01792
3179.56133,-0.01771
3178.13615,-0.01750
3176.71098,-0.01727
3175.28581,-0.01702
3173.86063,-0.01680
3172.43546,-0.01660
3171.01029,-0.01639
3169.58512,-0.01616
3168.15994,-0.01596
3166.73477,-0.01580
3165.30960,-0.01568
3163.88442,-0.01559
3162.45925,-0.01552
3161.03408,-0.01545
3159.60890,-0.01537
3158.18373,-0.01526
3156.75856,-0.01511
3155.33338,-0.01495
3153.90821,-0.01484
3152.48304,-0.01480
3151.05786,-0.01479
3149.63269,-0.01478
3148.20752,-0.01474
3146.78234,-0.01467
3145.35717,-0.01458
3143.93200,-0.01449
3142.50683,-0.01442
3141.08165,-0.01437
3139.65648,-0.01432
3138.23131,-0.01425
3136.80613,-0.01416
3135.38096,-0.01406
3133.95579,-0.01396
3132.53061,-0.01386
3131.10544,-0.01376
3129.68027,-0.01366
3128.25509,-0.01356
3126.82992,-0.01344
3125.40475,-0.01330
3123.97957,-0.01314
3122.55440,-0.01296
3121.12923,-0.01279
3119.70405,-0.01264
3118.27888,-0.01251
3116.85371,-0.01235
3115.42854,-0.01216
3114.00336,-0.01196
3112.57819,-0.01179
3111.15302,-0.01164
3109.72784,-0.01149
3108.30267,-0.01131
3106.87750,-0.01112
3105.45232,-0.01095
3104.02715,-0.01081
3102.60198,-0.01067
3101.17680,-0.01053
3099.75163,-0.01039
3098.32646,-0.01026
3096.90128,-0.01013
3095.47611,-0.01002
3094.05094,-0.00994
3092.62576,-0.00987
3091.20059,-0.00982
3089.77542,-0.00977
3088.35025,-0.00973
3086.92507,-0.00966
3085.49990,-0.00957
3084.07473,-0.00946
3082.64955,-0.00938
3081.22438,-0.00938
3079.79921,-0.00942
3078.37403,-0.00945
3076.94886,-0.00943
3075.52369,-0.00938
3074.09851,-0.00932
3072.67334,-0.00926
3071.24817,-0.00919
3069.82299,-0.00916
3068.39782,-0.00916
3066.97265,-0.00919
3065.54747,-0.00923
3064.12230,-0.00928
3062.69713,-0.00933
3061.27196,-0.00940
3059.84678,-0.00950
3058.42161,-0.00960
3056.99644,-0.00968
3055.57126,-0.00974
3054.14609,-0.00979
3052.72092,-0.00986
3051.29574,-0.00996
3049.87057,-0.01007
3048.44540,-0.01017
3047.02022,-0.01024
3045.59505,-0.01030
3044.16988,-0.01037
3042.74470,-0.01046
3041.31953,-0.01057
3039.89436,-0.01068
3038.46918,-0.01077
3037.04401,-0.01085
3035.61884,-0.01095
3034.19366,-0.01107
3032.76849,-0.01124
3031.34332,-0.01142
3029.91815,-0.01158
3028.49297,-0.01171
3027.06780,-0.01183
3025.64263,-0.01195
3024.21745,-0.01208
3022.79228,-0.01220
3021.36711,-0.01231
3019.94193,-0.01239
3018.51676,-0.01242
3017.09159,-0.01240
3015.66641,-0.01236
3014.24124,-0.01233
3012.81607,-0.01230
3011.39089,-0.01225
3009.96572,-0.01218
3008.54055,-0.01211
3007.11537,-0.01204
3005.69020,-0.01196
3004.26503,-0.01187
3002.83986,-0.01174
3001.41468,-0.01160
2999.98951,-0.01148
2998.56434,-0.01139
2997.13916,-0.01131
2995.71399,-0.01119
2994.28882,-0.01103
2992.86364,-0.01090
2991.43847,-0.01082
2990.01330,-0.01077
2988.58812,-0.01069
2987.16295,-0.01054
2985.73778,-0.01031
2984.31260,-0.01003
2982.88743,-0.00974
2981.46226,-0.00947
2980.03708,-0.00922
2978.61191,-0.00897
2977.18674,-0.00871
2975.76157,-0.00848
2974.33639,-0.00826
2972.91122,-0.00805
2971.48605,-0.00782
2970.06087,-0.00763
2968.63570,-0.00752
2967.21053,-0.00752
2965.78535,-0.00760
2964.36018,-0.00777
2962.93501,-0.00801
2961.50983,-0.00831
2960.08466,-0.00869
2958.65949,-0.00913
2957.23431,-0.00961
2955.80914,-0.01009
2954.38397,-0.01059
2952.95879,-0.01112
2951.53362,-0.01171
2950.10845,-0.01230
2948.68328,-0.01283
2947.25810,-0.01328
2945.83293,-0.01363
2944.40776,-0.01390
2942.98258,-0.01408
2941.55741,-0.01420
2940.13224,-0.01432
2938.70706,-0.01450
2937.28189,-0.01474
2935.85672,-0.01497
2934.43154,-0.01515
2933.00637,-0.01528
2931.58120,-0.01542
2930.15602,-0.01564
2928.73085,-0.01594
2927.30568,-0.01626
2925.88050,-0.01655
2924.45533,-0.01681
2923.03016,-0.01706
2921.60498,-0.01731
2920.17981,-0.01754
2918.75464,-0.01777
2917.32947,-0.01802
2915.90429,-0.01832
2914.47912,-0.01862
2913.05395,-0.01885
2911.62877,-0.01899
2910.20360,-0.01908
2908.77843,-0.01916
2907.35325,-0.01929
2905.92808,-0.01949
2904.50291,-0.01970
2903.07773,-0.01984
2901.65256,-0.01987
2900.22739,-0.01983
2898.80221,-0.01980
2897.37704,-0.01981
2895.95187,-0.01984
2894.52669,-0.01985
2893.10152,-0.01984
2891.67635,-0.01984
2890.25118,-0.01984
2888.82600,-0.01980
2887.40083,-0.01967
2885.97566,-0.01947
2884.55048,-0.01928
2883.12531,-0.01915
2881.70014,-0.01907
2880.27496,-0.01898
2878.84979,-0.01888
2877.42462,-0.01881
2875.99944,-0.01880
2874.57427,-0.01884
2873.14910,-0.01892
2871.72392,-0.01908
2870.29875,-0.01932
2868.87358,-0.01966
2867.44840,-0.02007
2866.02323,-0.02051
2864.59806,-0.02096
2863.17289,-0.02139
2861.74771,-0.02182
2860.32254,-0.02224
2858.89737,-0.02267
2857.47219,-0.02309
2856.04702,-0.02354
2854.62185,-0.02403
2853.19667,-0.02456
2851.77150,-0.02507
2850.34633,-0.02550
2848.92115,-0.02587
2847.49598,-0.02627
2846.07081,-0.02671
2844.64563,-0.02718
2843.22046,-0.02764
2841.79529,-0.02806
2840.37011,-0.02848
2838.94494,-0.02888
2837.51977,-0.02928
2836.09460,-0.02968
2834.66942,-0.03007
2833.24425,-0.03046
2831.81908,-0.03084
2830.39390,-0.03124
2828.96873,-0.03170
2827.54356,-0.03218
2826.11838,-0.03266
2824.69321,-0.03311
2823.26804,-0.03355
2821.84286,-0.03401
2820.41769,-0.03450
2818.99252,-0.03505
2817.56734,-0.03564
2816.14217,-0.03626
2814.71700,-0.03688
2813.29182,-0.03748
2811.86665,-0.03810
2810.44148,-0.03873
2809.01631,-0.03938
2807.59113,-0.04007
2806.16596,-0.04082
2804.74079,-0.04159
2803.31561,-0.04235
2801.89044,-0.04310
2800.46527,-0.04386
2799.04009,-0.04468
2797.61492,-0.04555
2796.18975,-0.04647
2794.76457,-0.04745
2793.33940,-0.04849
2791.91423,-0.04964
2790.48905,-0.05091
2789.06388,-0.05232
2787.63871,-0.05382
2786.21353,-0.05541
2784.78836,-0.05713
2783.36319,-0.05905
2781.93801,-0.06117
2780.51284,-0.06348
2779.08767,-0.06598
2777.66250,-0.06874
2776.23732,-0.07186
2774.81215,-0.07537
2773.38698,-0.07919
2771.96180,-0.08319
2770.53663,-0.08741
2769.11146,-0.09202
2767.68628,-0.09719
2766.26111,-0.10295
2764.83594,-0.10927
2763.41076,-0.11618
2761.98559,-0.12374
2760.56042,-0.13200
2759.13524,-0.14103
2757.71007,-0.15090
2756.28490,-0.16165
2754.85972,-0.17334
2753.43455,-0.18607
2752.00938,-0.19990
2750.58421,-0.21477
2749.15903,-0.23054
2747.73386,-0.24713
2746.30869,-0.26445
2744.88351,-0.28236
2743.45834,-0.30059
2742.03317,-0.31882
2740.60799,-0.33664
2739.18282,-0.35357
2737.75765,-0.36920
2736.33247,-0.38332
2734.90730,-0.39593
2733.48213,-0.40694
2732.05695,-0.41612
2730.63178,-0.42320
2729.20661,-0.42806
2727.78143,-0.43098
2726.35626,-0.43235
2724.93109,-0.43241
2723.50592,-0.43138
2722.08074,-0.42962
2720.65557,-0.42739
2719.23040,-0.42471
2717.80522,-0.42168
2716.38005,-0.41852
2714.95488,-0.41516
2713.52970,-0.41125
2712.10453,-0.40665
2710.67936,-0.40159
2709.25418,-0.39644
2707.82901,-0.39140
2706.40384,-0.38649
2704.97866,-0.38155
2703.55349,-0.37638
2702.12832,-0.37101
2700.70314,-0.36584
2699.27797,-0.36121
2697.85280,-0.35690
2696.42763,-0.35236
2695.00245,-0.34735
2693.57728,-0.34212
2692.15211,-0.33705
2690.72693,-0.33224
2689.30176,-0.32754
2687.87659,-0.32290
2686.45141,-0.31852
2685.02624,-0.31464
2683.60107,-0.31111
2682.17589,-0.30759
2680.75072,-0.30394
2679.32555,-0.30034
2677.90037,-0.29702
2676.47520,-0.29411
2675.05003,-0.29160
2673.62485,-0.28947
2672.19968,-0.28760
2670.77451,-0.28576
2669.34934,-0.28384
2667.92416,-0.28197
2666.49899,-0.28044
2665.07382,-0.27934
2663.64864,-0.27849
2662.22347,-0.27761
2660.79830,-0.27675
2659.37312,-0.27626
2657.94795,-0.27623
2656.52278,-0.27622
2655.09760,-0.27597
2653.67243,-0.27585
2652.24726,-0.27627
2650.82208,-0.27718
2649.39691,-0.27820
2647.97174,-0.27911
2646.54656,-0.27996
2645.12139,-0.28096
2643.69622,-0.28222
2642.27104,-0.28354
2640.84587,-0.28469
2639.42070,-0.28559
2637.99553,-0.28619
2636.57035,-0.28644
2635.14518,-0.28658
2633.72001,-0.28711
2632.29483,-0.28826
2630.86966,-0.28960
2629.44449,-0.29046
2628.01931,-0.29062
2626.59414,-0.29040
2625.16897,-0.29015
2623.74379,-0.28992
2622.31862,-0.28966
2620.89345,-0.28927
2619.46827,-0.28865
2618.04310,-0.28777
2616.61793,-0.28683
2615.19275,-0.28597
2613.76758,-0.28499
2612.34241,-0.28360
2610.91724,-0.28179
2609.49206,-0.27994
2608.06689,-0.27830
2606.64172,-0.27674
2605.21654,-0.27500
2603.79137,-0.27303
2602.36620,-0.27085
2600.94102,-0.26839
2599.51585,-0.26566
2598.09068,-0.26280
2596.66550,-0.25999
2595.24033,-0.25730
2593.81516,-0.25464
2592.38998,-0.25183
2590.96481,-0.24889
2589.53964,-0.24623
2588.11446,-0.24416
2586.68929,-0.24255
2585.26412,-0.24099
2583.83895,-0.23922
2582.41377,-0.23724
2580.98860,-0.23526
2579.56343,-0.23345
2578.13825,-0.23184
2576.71308,-0.23047
2575.28791,-0.22936
2573.86273,-0.22843
2572.43756,-0.22748
2571.01239,-0.22653
2569.58721,-0.22579
2568.16204,-0.22546
2566.73687,-0.22553
2565.31169,-0.22599
2563.88652,-0.22678
2562.46135,-0.22767
2561.03617,-0.22831
2559.61100,-0.22870
2558.18583,-0.22919
2556.76066,-0.23006
2555.33548,-0.23125
2553.91031,-0.23254
2552.48514,-0.23379
2551.05996,-0.23504
2549.63479,-0.23637
2548.20962,-0.23777
2546.78444,-0.23908
2545.35927,-0.24034
2543.93410,-0.24176
2542.50892,-0.24333
2541.08375,-0.24478
2539.65858,-0.24607
2538.23340,-0.24746
2536.80823,-0.24903
2535.38306,-0.25050
2533.95788,-0.25165
2532.53271,-0.25250
2531.10754,-0.25317
2529.68237,-0.25363
2528.25719,-0.25393
2526.83202,-0.25426
2525.40685,-0.25465
2523.98167,-0.25499
2522.55650,-0.25508
2521.13133,-0.25475
2519.70615,-0.25406
2518.28098,-0.25322
2516.85581,-0.25237
2515.43063,-0.25148
2514.00546,-0.25052
2512.58029,-0.24950
2511.15511,-0.24828
2509.72994,-0.24676
2508.30477,-0.24504
2506.87959,-0.24322
2505.45442,-0.24123
2504.02925,-0.23903
2502.60407,-0.23681
2501.17890,-0.23488
2499.75373,-0.23332
2498.32856,-0.23184
2496.90338,-0.23012
2495.47821,-0.22811
2494.05304,-0.22594
2492.62786,-0.22376
2491.20269,-0.22172
2489.77752,-0.22000
2488.35234,-0.21864
2486.92717,-0.21749
2485.50200,-0.21633
2484.07682,-0.21517
2482.65165,-0.21435
2481.22648,-0.21411
2479.80130,-0.21428
2478.37613,-0.21456
2476.95096,-0.21492
2475.52578,-0.21553
2474.10061,-0.21645
2472.67544,-0.21759
2471.25027,-0.21888
2469.82509,-0.22040
2468.39992,-0.22230
2466.97475,-0.22457
2465.54957,-0.22703
2464.12440,-0.22954
2462.69923,-0.23210
2461.27405,-0.23490
2459.84888,-0.23816
2458.42371,-0.24183
2456.99853,-0.24561
2455.57336,-0.24921
2454.14819,-0.25257
2452.72301,-0.25580
2451.29784,-0.25890
2449.87267,-0.26194
2448.44749,-0.26508
2447.02232,-0.26843
2445.59715,-0.27187
2444.17198,-0.27518
2442.74680,-0.27824
2441.32163,-0.28106
2439.89646,-0.28376
2438.47128,-0.28636
2437.04611,-0.28883
2435.62094,-0.29111
2434.19576,-0.29327
2432.77059,-0.29533
2431.34542,-0.29720
2429.92024,-0.29879
2428.49507,-0.30012
2427.06990,-0.30123
2425.64472,-0.30204
2424.21955,-0.30270
2422.79438,-0.30347
2421.36920,-0.30436
2419.94403,-0.30500
2418.51886,-0.30517
2417.09369,-0.30497
2415.66851,-0.30458
2414.24334,-0.30402
2412.81817,-0.30338
2411.39299,-0.30280
2409.96782,-0.30236
2408.54265,-0.30199
2407.11747,-0.30159
2405.69230,-0.30101
2404.26713,-0.30005
2402.84195,-0.29871
2401.41678,-0.29735
2399.99161,-0.29648
2398.56643,-0.29614
2397.14126,-0.29592
2395.71609,-0.29548
2394.29091,-0.29490
2392.86574,-0.29447
2391.44057,-0.29435
2390.01540,-0.29453
2388.59022,-0.29494
2387.16505,-0.29562
2385.73988,-0.29664
2384.31470,-0.29798
2382.88953,-0.29949
2381.46436,-0.30100
2380.03918,-0.30242
2378.61401,-0.30377
2377.18884,-0.30515
2375.76366,-0.30658
2374.33849,-0.30809
2372.91332,-0.30974
2371.48814,-0.31137
2370.06297,-0.31256
2368.63780,-0.31330
2367.21262,-0.31426
2365.78745,-0.31584
2364.36228,-0.31745
2362.93710,-0.31867
2361.51193,-0.32063
2360.08676,-0.32486
2358.66159,-0.33111
2357.23641,-0.33736
2355.81124,-0.34176
2354.38607,-0.34417
2352.96089,-0.34632
2351.53572,-0.35018
2350.11055,-0.35600
2348.68537,-0.36252
2347.26020,-0.36826
2345.83503,-0.37220
2344.40985,-0.37453
2342.98468,-0.37667
2341.55951,-0.37951
2340.13433,-0.38237
2338.70916,-0.38431
2337.28399,-0.38545
2335.85881,-0.38666
2334.43364,-0.38846
2333.00847,-0.39059
2331.58330,-0.39243
2330.15812,-0.39376
2328.73295,-0.39486
2327.30778,-0.39592
2325.88260,-0.39698
2324.45743,-0.39824
2323.03226,-0.39987
2321.60708,-0.40158
2320.18191,-0.40313
2318.75674,-0.40451
2317.33156,-0.40558
2315.90639,-0.40617
2314.48122,-0.40646
2313.05604,-0.40671
2311.63087,-0.40680
2310.20570,-0.40647
2308.78052,-0.40575
2307.35535,-0.40507
2305.93018,-0.40476
2304.50501,-0.40463
2303.07983,-0.40425
2301.65466,-0.40346
2300.22949,-0.40229
2298.80431,-0.40083
2297.37914,-0.39942
2295.95397,-0.39847
2294.52879,-0.39796
2293.10362,-0.39737
2291.67845,-0.39631
2290.25327,-0.39471
2288.82810,-0.39283
2287.40293,-0.39100
2285.97775,-0.38943
2284.55258,-0.38810
2283.12741,-0.38682
2281.70223,-0.38545
2280.27706,-0.38396
2278.85189,-0.38247
2277.42672,-0.38108
2276.00154,-0.37986
2274.57637,-0.37884
2273.15120,-0.37797
2271.72602,-0.37697
2270.30085,-0.37560
2268.87568,-0.37382
2267.45050,-0.37178
2266.02533,-0.36976
2264.60016,-0.36799
2263.17498,-0.36646
2261.74981,-0.36498
2260.32464,-0.36335
2258.89946,-0.36154
2257.47429,-0.35964
2256.04912,-0.35786
2254.62394,-0.35621
2253.19877,-0.35449
2251.77360,-0.35250
2250.34843,-0.35025
2248.92325,-0.34785
2247.49808,-0.34534
2246.07291,-0.34274
2244.64773,-0.34013
2243.22256,-0.33756
2241.79739,-0.33493
2240.37221,-0.33210
2238.94704,-0.32910
2237.52187,-0.32600
2236.09669,-0.32264
2234.67152,-0.31882
2233.24635,-0.31461
2231.82117,-0.31032
2230.39600,-0.30612
2228.97083,-0.30203
2227.54565,-0.29795
2226.12048,-0.29383
2224.69531,-0.28967
2223.27013,-0.28547
2221.84496,-0.28113
2220.41979,-0.27645
2218.99462,-0.27140
2217.56944,-0.26619
2216.14427,-0.26112
2214.71910,-0.25628
2213.29392,-0.25149
2211.86875,-0.24658
2210.44358,-0.24147
2209.01840,-0.23619
2207.59323,-0.23086
2206.16806,-0.22566
2204.74288,-0.22063
2203.31771,-0.21569
2201.89254,-0.21072
2200.46736,-0.20566
2199.04219,-0.20055
2197.61702,-0.19547
2196.19184,-0.19051
2194.76667,-0.18570
2193.34150,-0.18107
2191.91633,-0.17658
2190.49115,-0.17220
2189.06598,-0.16791
2187.64081,-0.16368
2186.21563,-0.15955
2184.79046,-0.15559
2183.36529,-0.15179
2181.94011,-0.14807
2180.51494,-0.14438
2179.08977,-0.14079
2177.66459,-0.13734
2176.23942,-0.13400
2174.81425,-0.13074
2173.38907,-0.12756
2171.96390,-0.12451
2170.53873,-0.12160
2169.11355,-0.11884
2167.68838,-0.11625
2166.26321,-0.11383
2164.83804,-0.11153
2163.41286,-0.10930
2161.98769,-0.10710
2160.56252,-0.10495
2159.13734,-0.10286
2157.71217,-0.10083
2156.28700,-0.09886
2154.86182,-0.09696
2153.43665,-0.09516
2152.01148,-0.09347
2150.58630,-0.09186
2149.16113,-0.09024
2147.73596,-0.08860
2146.31078,-0.08697
2144.88561,-0.08540
2143.46044,-0.08393
2142.03526,-0.08253
2140.61009,-0.08116
2139.18492,-0.07980
2137.75975,-0.07846
2136.33457,-0.07716
2134.90940,-0.07587
2133.48423,-0.07454
2132.05905,-0.07316
2130.63388,-0.07180
2129.20871,-0.07054
2127.78353,-0.06936
2126.35836,-0.06819
2124.93319,-0.06695
2123.50801,-0.06566
2122.08284,-0.06435
2120.65767,-0.06303
2119.23249,-0.06171
2117.80732,-0.06043
2116.38215,-0.05920
2114.95697,-0.05799
2113.53180,-0.05678
2112.10663,-0.05554
2110.68146,-0.05426
2109.25628,-0.05299
2107.83111,-0.05179
2106.40594,-0.05064
2104.98076,-0.04951
2103.55559,-0.04839
2102.13042,-0.04727
2100.70524,-0.04615
2099.28007,-0.04502
2097.85490,-0.04392
2096.42972,-0.04284
2095.00455,-0.04177
2093.57938,-0.04069
2092.15420,-0.03964
2090.72903,-0.03865
2089.30386,-0.03770
2087.87868,-0.03677
2086.45351,-0.03583
2085.02834,-0.03494
2083.60316,-0.03412
2082.17799,-0.03334
2080.75282,-0.03257
2079.32765,-0.03178
2077.90247,-0.03101
2076.47730,-0.03031
2075.05213,-0.02971
2073.62695,-0.02919
2072.20178,-0.02868
2070.77661,-0.02817
2069.35143,-0.02764
2067.92626,-0.02712
2066.50109,-0.02661
2065.07591,-0.02614
2063.65074,-0.02573
2062.22557,-0.02538
2060.80039,-0.02506
2059.37522,-0.02475
2057.95005,-0.02442
2056.52487,-0.02409
2055.09970,-0.02378
2053.67453,-0.02352
2052.24936,-0.02332
2050.82418,-0.02315
2049.39901,-0.02298
2047.97384,-0.02282
2046.54866,-0.02267
2045.12349,-0.02254
2043.69832,-0.02244
2042.27314,-0.02232
2040.84797,-0.02217
2039.42280,-0.02203
2037.99762,-0.02194
2036.57245,-0.02189
2035.14728,-0.02183
2033.72210,-0.02172
2032.29693,-0.02158
2030.87176,-0.02144
2029.44658,-0.02130
2028.02141,-0.02116
2026.59624,-0.02101
2025.17107,-0.02085
2023.74589,-0.02069
2022.32072,-0.02051
2020.89555,-0.02032
2019.47037,-0.02011
2018.04520,-0.01987
2016.62003,-0.01962
2015.19485,-0.01936
2013.76968,-0.01910
2012.34451,-0.01884
2010.91933,-0.01857
2009.49416,-0.01831
2008.06899,-0.01803
2006.64381,-0.01774
2005.21864,-0.01742
2003.79347,-0.01709
2002.36829,-0.01676
2000.94312,-0.01642
1999.51795,-0.01608
1998.09278,-0.01572
1996.66760,-0.01538
1995.24243,-0.01506
1993.81726,-0.01470
1992.39208,-0.01430
1990.96691,-0.01389
1989.54174,-0.01352
1988.11656,-0.01320
1986.69139,-0.01291
1985.26622,-0.01264
1983.84104,-0.01239
1982.41587,-0.01212
1980.99070,-0.01184
1979.56552,-0.01157
1978.14035,-0.01133
1976.71518,-0.01113
1975.29000,-0.01094
1973.86483,-0.01077
1972.43966,-0.01064
1971.01449,-0.01054
1969.58931,-0.01046
1968.16414,-0.01038
1966.73897,-0.01031
1965.31379,-0.01023
1963.88862,-0.01016
1962.46345,-0.01009
1961.03827,-0.01005
1959.61310,-0.01006
1958.18793,-0.01011
1956.76275,-0.01019
1955.33758,-0.01026
1953.91241,-0.01032
1952.48723,-0.01036
1951.06206,-0.01042
1949.63689,-0.01050
1948.21171,-0.01060
1946.78654,-0.01073
1945.36137,-0.01088
1943.93619,-0.01104
1942.51102,-0.01118
1941.08585,-0.01131
1939.66068,-0.01143
1938.23550,-0.01154
1936.81033,-0.01165
1935.38516,-0.01176
1933.95998,-0.01189
1932.53481,-0.01203
1931.10964,-0.01220
1929.68446,-0.01235
1928.25929,-0.01246
1926.83412,-0.01254
1925.40894,-0.01260
1923.98377,-0.01266
1922.55860,-0.01272
1921.13342,-0.01274
1919.70825,-0.01274
1918.28308,-0.01273
1916.85790,-0.01272
1915.43273,-0.01272
1914.00756,-0.01274
1912.58239,-0.01274
1911.15721,-0.01272
1909.73204,-0.01268
1908.30687,-0.01261
1906.88169,-0.01254
1905.45652,-0.01244
1904.03135,-0.01231
1902.60617,-0.01215
1901.18100,-0.01200
1899.75583,-0.01190
1898.33065,-0.01182
1896.90548,-0.01173
1895.48031,-0.01161
1894.05513,-0.01149
1892.62996,-0.01137
1891.20479,-0.01121
1889.77961,-0.01101
1888.35444,-0.01080
1886.92927,-0.01063
1885.50410,-0.01047
1884.07892,-0.01031
1882.65375,-0.01016
1881.22858,-0.01005
1879.80340,-0.00996
1878.37823,-0.00986
1876.95306,-0.00975
1875.52788,-0.00968
1874.10271,-0.00965
1872.67754,-0.00966
1871.25236,-0.00965
1869.82719,-0.00960
1868.40202,-0.00955
1866.97684,-0.00952
1865.55167,-0.00953
1864.12650,-0.00954
1862.70132,-0.00955
1861.27615,-0.00958
1859.85098,-0.00965
1858.42581,-0.00974
1857.00063,-0.00983
1855.57546,-0.00993
1854.15029,-0.01004
1852.72511,-0.01016
1851.29994,-0.01031
1849.87477,-0.01053
1848.44959,-0.01081
1847.02442,-0.01112
1845.59925,-0.01138
1844.17407,-0.01160
1842.74890,-0.01178
1841.32373,-0.01199
1839.89855,-0.01224
1838.47338,-0.01252
1837.04821,-0.01280
1835.62303,-0.01308
1834.19786,-0.01337
1832.77269,-0.01364
1831.34751,-0.01388
1829.92234,-0.01407
1828.49717,-0.01425
1827.07200,-0.01443
1825.64682,-0.01461
1824.22165,-0.01480
1822.79648,-0.01501
1821.37130,-0.01522
1819.94613,-0.01540
1818.52096,-0.01553
1817.09578,-0.01563
1815.67061,-0.01570
1814.24544,-0.01577
1812.82026,-0.01581
1811.39509,-0.01581
1809.96992,-0.01579
1808.54474,-0.01576
1807.11957,-0.01575
1805.69440,-0.01575
1804.26922,-0.01575
1802.84405,-0.01571
1801.41888,-0.01560
1799.99371,-0.01546
1798.56853,-0.01531
1797.14336,-0.01519
1795.71819,-0.01509
1794.29301,-0.01496
1792.86784,-0.01473
1791.44267,-0.01449
1790.01749,-0.01435
1788.59232,-0.01431
1787.16715,-0.01427
1785.74197,-0.01415
1784.31680,-0.01397
1782.89163,-0.01378
1781.46645,-0.01361
1780.04128,-0.01348
1778.61611,-0.01342
1777.19093,-0.01339
1775.76576,-0.01336
1774.34059,-0.01328
1772.91542,-0.01315
1771.49024,-0.01305
1770.06507,-0.01304
1768.63990,-0.01307
1767.21472,-0.01312
1765.78955,-0.01316
1764.36438,-0.01321
1762.93920,-0.01324
1761.51403,-0.01328
1760.08886,-0.01335
1758.66368,-0.01342
1757.23851,-0.01346
1755.81334,-0.01347
1754.38816,-0.01353
1752.96299,-0.01359
1751.53782,-0.01360
1750.11264,-0.01353
1748.68747,-0.01344
1747.26230,-0.01335
1745.83713,-0.01331
1744.41195,-0.01329
1742.98678,-0.01328
1741.56161,-0.01327
1740.13643,-0.01327
1738.71126,-0.01332
1737.28609,-0.01341
1735.86091,-0.01349
1734.43574,-0.01350
1733.01057,-0.01351
1731.58539,-0.01362
1730.16022,-0.01381
1728.73505,-0.01400
1727.30987,-0.01418
1725.88470,-0.01435
1724.45953,-0.01451
1723.03435,-0.01466
1721.60918,-0.01481
1720.18401,-0.01487
1718.75884,-0.01479
1717.33366,-0.01458
1715.90849,-0.01443
1714.48332,-0.01444
1713.05814,-0.01453
1711.63297,-0.01460
1710.20780,-0.01463
1708.78262,-0.01464
1707.35745,-0.01460
1705.93228,-0.01451
1704.50710,-0.01443
1703.08193,-0.01437
1701.65676,-0.01420
1700.23158,-0.01387
1698.80641,-0.01354
1697.38124,-0.01322
1695.95606,-0.01276
1694.53089,-0.01219
1693.10572,-0.01165
1691.68054,-0.01101
1690.25537,-0.01006
1688.83020,-0.00890
1687.40503,-0.00770
1685.97985,-0.00619
1684.55468,-0.00397
1683.12951,-0.00153
1681.70433,0.00035
1680.27916,0.00180
1678.85399,0.00319
1677.42881,0.00482
1676.00364,0.00690
1674.57847,0.00923
1673.15329,0.01141
1671.72812,0.01359
1670.30295,0.01633
1668.87777,0.01951
1667.45260,0.02228
1666.02743,0.02439
1664.60225,0.02629
1663.17708,0.02822
1661.75191,0.02986
1660.32674,0.03088
1658.90156,0.03133
1657.47639,0.03146
1656.05122,0.03153
1654.62604,0.03194
1653.20087,0.03297
1651.77570,0.03396
1650.35052,0.03454
1648.92535,0.03533
1647.50018,0.03707
1646.07500,0.03972
1644.64983,0.04245
1643.22466,0.04502
1641.79948,0.04776
1640.37431,0.05080
1638.94914,0.05414
1637.52396,0.05845
1636.09879,0.06457
1634.67362,0.07156
1633.24845,0.07761
1631.82327,0.08288
1630.39810,0.08848
1628.97293,0.09477
1627.54775,0.10090
1626.12258,0.10550
1624.69741,0.10746
1623.27223,0.10592
1621.84706,0.10107
1620.42189,0.09410
1618.99671,0.08534
1617.57154,0.07406
1616.14637,0.06127
1614.72119,0.04985
1613.29602,0.04046
1611.87085,0.03193
1610.44567,0.02368
1609.02050,0.01596
1607.59533,0.00915
1606.17016,0.00332
1604.74498,-0.00169
1603.31981,-0.00603
1601.89464,-0.00974
1600.46946,-0.01284
1599.04429,-0.01547
1597.61912,-0.01773
1596.19394,-0.01966
1594.76877,-0.02126
1593.34360,-0.02258
1591.91842,-0.02372
1590.49325,-0.02476
1589.06808,-0.02569
1587.64290,-0.02651
1586.21773,-0.02727
1584.79256,-0.02799
1583.36738,-0.02866
1581.94221,-0.02935
1580.51704,-0.03011
1579.09187,-0.03092
1577.66669,-0.03170
1576.24152,-0.03236
1574.81635,-0.03297
1573.39117,-0.03367
1571.96600,-0.03441
1570.54083,-0.03508
1569.11565,-0.03569
1567.69048,-0.03631
1566.26531,-0.03693
1564.84013,-0.03755
1563.41496,-0.03820
1561.98979,-0.03885
1560.56461,-0.03939
1559.13944,-0.03969
1557.71427,-0.04000
1556.28909,-0.04059
1554.86392,-0.04132
1553.43875,-0.04203
1552.01357,-0.04267
1550.58840,-0.04331
1549.16323,-0.04400
1547.73806,-0.04473
1546.31288,-0.04547
1544.88771,-0.04620
1543.46254,-0.04690
1542.03736,-0.04753
1540.61219,-0.04809
1539.18702,-0.04880
1537.76184,-0.04973
1536.33667,-0.05072
1534.91150,-0.05158
1533.48632,-0.05230
1532.06115,-0.05300
1530.63598,-0.05377
1529.21080,-0.05459
1527.78563,-0.05538
1526.36046,-0.05609
1524.93528,-0.05671
1523.51011,-0.05713
1522.08494,-0.05715
1520.65977,-0.05671
1519.23459,-0.05603
1517.80942,-0.05532
1516.38425,-0.05497
1514.95907,-0.05550
1513.53390,-0.05703
1512.10873,-0.05912
1510.68355,-0.06125
1509.25838,-0.06311
1507.83321,-0.06467
1506.40803,-0.06598
1504.98286,-0.06710
1503.55769,-0.06814
1502.13251,-0.06918
1500.70734,-0.07019
1499.28217,-0.07110
1497.85699,-0.07188
1496.43182,-0.07271
1495.00665,-0.07377
1493.58148,-0.07498
1492.15630,-0.07619
1490.73113,-0.07724
1489.30596,-0.07806
1487.88078,-0.07876
1486.45561,-0.07947
1485.03044,-0.08018
1483.60526,-0.08080
1482.18009,-0.08124
1480.75492,-0.08152
1479.32974,-0.08169
1477.90457,-0.08182
1476.47940,-0.08185
1475.05422,-0.08170
1473.62905,-0.08131
1472.20388,-0.08092
1470.77870,-0.08098
1469.35353,-0.08150
1467.92836,-0.08211
1466.50319,-0.08249
1465.07801,-0.08260
1463.65284,-0.08270
1462.22767,-0.08297
1460.80249,-0.08328
1459.37732,-0.08318
1457.95215,-0.08215
1456.52697,-0.08051
1455.10180,-0.07931
1453.67663,-0.07862
1452.25145,-0.07791
1450.82628,-0.07689
1449.40111,-0.07550
1447.97593,-0.07380
1446.55076,-0.07202
1445.12559,-0.07037
1443.70041,-0.06883
1442.27524,-0.06733
1440.85007,-0.06595
1439.42490,-0.06466
1437.99972,-0.06314
1436.57455,-0.06137
1435.14938,-0.05996
1433.72420,-0.05924
1432.29903,-0.05882
1430.87386,-0.05831
1429.44868,-0.05768
1428.02351,-0.05713
1426.59834,-0.05665
1425.17316,-0.05616
1423.74799,-0.05562
1422.32282,-0.05507
1420.89764,-0.05437
1419.47247,-0.05341
1418.04730,-0.05241
1416.62212,-0.05170
1415.19695,-0.05116
1413.77178,-0.05054
1412.34660,-0.04977
1410.92143,-0.04892
1409.49626,-0.04806
1408.07109,-0.04721
1406.64591,-0.04633
1405.22074,-0.04537
1403.79557,-0.04443
1402.37039,-0.04355
1400.94522,-0.04266
1399.52005,-0.04171
1398.09487,-0.04076
1396.66970,-0.03980
1395.24453,-0.03872
1393.81935,-0.03762
1392.39418,-0.03669
1390.96901,-0.03592
1389.54383,-0.03510
1388.11866,-0.03416
1386.69349,-0.03322
1385.26831,-0.03248
1383.84314,-0.03189
1382.41797,-0.03134
1380.99280,-0.03076
1379.56762,-0.03021
1378.14245,-0.02970
1376.71728,-0.02920
1375.29210,-0.02860
1373.86693,-0.02793
1372.44176,-0.02733
1371.01658,-0.02686
1369.59141,-0.02648
1368.16624,-0.02618
1366.74106,-0.02599
1365.31589,-0.02589
1363.89072,-0.02582
1362.46554,-0.02574
1361.04037,-0.02569
1359.61520,-0.02568
1358.19002,-0.02572
1356.76485,-0.02577
1355.33968,-0.02587
1353.91451,-0.02604
1352.48933,-0.02625
1351.06416,-0.02643
1349.63899,-0.02660
1348.21381,-0.02679
1346.78864,-0.02706
1345.36347,-0.02739
1343.93829,-0.02777
1342.51312,-0.02819
1341.08795,-0.02866
1339.66277,-0.02913
1338.23760,-0.02964
1336.81243,-0.03024
1335.38725,-0.03093
1333.96208,-0.03163
1332.53691,-0.03233
1331.11173,-0.03305
1329.68656,-0.03381
1328.26139,-0.03458
1326.83622,-0.03535
1325.41104,-0.03608
1323.98587,-0.03677
1322.56070,-0.03746
1321.13552,-0.03815
1319.71035,-0.03888
1318.28518,-0.03964
1316.86000,-0.04041
1315.43483,-0.04117
1314.00966,-0.04197
1312.58448,-0.04284
1311.15931,-0.04376
1309.73414,-0.04469
1308.30896,-0.04558
1306.88379,-0.04645
1305.45862,-0.04737
1304.03344,-0.04839
1302.60827,-0.04958
1301.18310,-0.05094
1299.75793,-0.05239
1298.33275,-0.05384
1296.90758,-0.05533
1295.48241,-0.05694
1294.05723,-0.05871
1292.63206,-0.06061
1291.20689,-0.06261
1289.78171,-0.06471
1288.35654,-0.06691
1286.93137,-0.06921
1285.50619,-0.07163
1284.08102,-0.07420
1282.65585,-0.07698
1281.23067,-0.07994
1279.80550,-0.08308
1278.38033,-0.08645
1276.95515,-0.09020
1275.52998,-0.09441
1274.10481,-0.09906
1272.67963,-0.10408
1271.25446,-0.10946
1269.82929,-0.11525
1268.40412,-0.12157
1266.97894,-0.12850
1265.55377,-0.13613
1264.12860,-0.14455
1262.70342,-0.15382
1261.27825,-0.16398
1259.85308,-0.17499
1258.42790,-0.18688
1257.00273,-0.19983
1255.57756,-0.21395
1254.15238,-0.22907
1252.72721,-0.24493
1251.30204,-0.26145
1249.87686,-0.27858
1248.45169,-0.29618
1247.02652,-0.31391
1245.60134,-0.33133
1244.17617,-0.34809
1242.75100,-0.36383
1241.32583,-0.37826
1239.90065,-0.39116
1238.47548,-0.40229
1237.05031,-0.41146
1235.62513,-0.41877
1234.19996,-0.42440
1232.77479,-0.42857
1231.34961,-0.43172
1229.92444,-0.43431
1228.49927,-0.43628
1227.07409,-0.43743
1225.64892,-0.43793
1224.22375,-0.43798
1222.79857,-0.43740
1221.37340,-0.43609
1219.94823,-0.43432
1218.52305,-0.43256
1217.09788,-0.43118
1215.67271,-0.43012
1214.24754,-0.42903
1212.82236,-0.42788
1211.39719,-0.42698
1209.97202,-0.42646
1208.54684,-0.42634
1207.12167,-0.42672
1205.69650,-0.42780
1204.27132,-0.42960
1202.84615,-0.43179
1201.42098,-0.43397
1199.99580,-0.43604
1198.57063,-0.43814
1197.14546,-0.44016
1195.72028,-0.44189
1194.29511,-0.44340
1192.86994,-0.44485
1191.44476,-0.44633
1190.01959,-0.44798
1188.59442,-0.44960
1187.16925,-0.45037
1185.74407,-0.44945
1184.31890,-0.44669
1182.89373,-0.44244
1181.46855,-0.43691
1180.04338,-0.43006
1178.61821,-0.42176
1177.19303,-0.41201
1175.76786,-0.40093
1174.34269,-0.38891
1172.91751,-0.37656
1171.49234,-0.36426
1170.06717,-0.35192
1168.64199,-0.33937
1167.21682,-0.32674
1165.79165,-0.31437
1164.36647,-0.30256
1162.94130,-0.29137
1161.51613,-0.28056
1160.09096,-0.27019
1158.66578,-0.26061
1157.24061,-0.25174
1155.81544,-0.24304
1154.39026,-0.23434
1152.96509,-0.22608
1151.53992,-0.21859
1150.11474,-0.21172
1148.68957,-0.20538
1147.26440,-0.19971
1145.83922,-0.19469
1144.41405,-0.18994
1142.98888,-0.18518
1141.56370,-0.18058
1140.13853,-0.17638
1138.71336,-0.17252
1137.28818,-0.16889
1135.86301,-0.16555
1134.43784,-0.16252
1133.01266,-0.15972
1131.58749,-0.15713
1130.16232,-0.15482
1128.73715,-0.15273
1127.31197,-0.15064
1125.88680,-0.14841
1124.46163,-0.14617
1123.03645,-0.14414
1121.61128,-0.14242
1120.18611,-0.14089
1118.76093,-0.13946
1117.33576,-0.13804
1115.91059,-0.13655
1114.48541,-0.13503
1113.06024,-0.13363
1111.63507,-0.13233
1110.20989,-0.13096
1108.78472,-0.12950
1107.35955,-0.12814
1105.93437,-0.12698
1104.50920,-0.12594
1103.08403,-0.12500
1101.65886,-0.12416
1100.23368,-0.12331
1098.80851,-0.12225
1097.38334,-0.12088
1095.95816,-0.11924
1094.53299,-0.11758
1093.10782,-0.11627
1091.68264,-0.11554
1090.25747,-0.11519
1088.83230,-0.11471
1087.40712,-0.11390
1085.98195,-0.11308
1084.55678,-0.11260
1083.13160,-0.11231
1081.70643,-0.11194
1080.28126,-0.11153
1078.85608,-0.11113
1077.43091,-0.11046
1076.00574,-0.10935
1074.58057,-0.10803
1073.15539,-0.10701
1071.73022,-0.10650
1070.30505,-0.10642
1068.87987,-0.10649
1067.45470,-0.10631
1066.02953,-0.10562
1064.60435,-0.10464
1063.17918,-0.10388
1061.75401,-0.10362
1060.32883,-0.10369
1058.90366,-0.10364
1057.47849,-0.10312
1056.05331,-0.10200
1054.62814,-0.10072
1053.20297,-0.10004
1051.77779,-0.10042
1050.35262,-0.10143
1048.92745,-0.10220
1047.50228,-0.10233
1046.07710,-0.10236
1044.65193,-0.10299
1043.22676,-0.10409
1041.80158,-0.10493
1040.37641,-0.10510
1038.95124,-0.10479
1037.52606,-0.10455
1036.10089,-0.10474
1034.67572,-0.10517
1033.25054,-0.10522
1031.82537,-0.10469
1030.40020,-0.10415
1028.97502,-0.10431
1027.54985,-0.10522
1026.12468,-0.10636
1024.69950,-0.10721
1023.27433,-0.10778
1021.84916,-0.10849
1020.42399,-0.10950
1018.99881,-0.11034
1017.57364,-0.11051
1016.14847,-0.11010
1014.72329,-0.10948
1013.29812,-0.10891
1011.87295,-0.10840
1010.44777,-0.10781
1009.02260,-0.10724
1007.59743,-0.10727
1006.17225,-0.10823
1004.74708,-0.10907
1003.32191,-0.10819
1001.89673,-0.10585
1000.47156,-0.10449
999.04639,-0.10563
997.62121,-0.10783
996.19604,-0.10886
994.77087,-0.10851
993.34569,-0.10808
991.92052,-0.10805
990.49535,-0.10771
989.07018,-0.10663
987.64500,-0.10565
986.21983,-0.10623
984.79466,-0.10842
983.36948,-0.11010
981.94431,-0.10934
980.51914,-0.10715
979.09396,-0.10598
977.66879,-0.10637
976.24362,-0.10666
974.81844,-0.10582
973.39327,-0.10497
971.96810,-0.10564
970.54292,-0.10698
969.11775,-0.10542
967.69258,-0.09853
966.26740,-0.08861
964.84223,-0.08137
963.41706,-0.08024
961.99189,-0.08321
960.56671,-0.08522
959.14154,-0.08367
957.71637,-0.08181
956.29119,-0.08403
954.86602,-0.08864
953.44085,-0.09004
952.01567,-0.08752
950.59050,-0.08621
949.16533,-0.08939
947.74015,-0.09537
946.31498,-0.10093
944.88981,-0.10296
943.46463,-0.09821
942.03946,-0.08607
940.61429,-0.07346
939.18911,-0.07034
937.76394,-0.07820
936.33877,-0.08419
934.91360,-0.07396
933.48842,-0.05502
932.06325,-0.05007
930.63808,-0.06725
929.21290,-0.08836
927.78773,-0.08832
926.36256,-0.05536
924.93738,0.00487
923.51221,0.05617
922.08704,0.05592
920.66186,0.01720
919.23669,-0.02735
917.81152,-0.06822
916.38634,-0.11455
914.96117,-0.17962
913.53600,-0.20961
912.11082,-0.11043
910.68565,0.06211
909.26048,0.17228
907.83531,0.14035
906.41013,-0.04026
904.98496,-0.27296
903.55979,-0.45015
902.13461,-0.32514
900.70944,-0.00094
899.28427,0.14332
897.85909,-0.01844
896.43392,-0.07550
895.00875,0.02327
893.58357,0.10621
892.15840,0.05811
890.73323,-0.05874
889.30805,-0.09908
887.88288,-0.05132
886.45771,0.02387
885.03253,0.09166
883.60736,0.14016
882.18219,0.17623
880.75701,0.20347
879.33184,0.24633
877.90667,0.26496
876.48150,0.26429
875.05632,0.25306
873.63115,0.18094
872.20598,0.02911
870.78080,-0.17680
869.35563,-0.02621
867.93046,0.11535
866.50528,0.14163
865.08011,0.11702
863.65494,0.15806
862.22976,0.18800
860.80459,0.11199
859.37942,0.12193
857.95424,0.11547
856.52907,0.00632
855.10390,-0.20069
853.67872,-0.34580
852.25355,-0.50101
850.82838,-0.68716
849.40321,-0.44549
847.97803,-0.24193
846.55286,-0.21140
845.12769,-0.44139
843.70251,-0.49537
842.27734,-0.42757
840.85217,-0.49934
839.42699,-0.20671
838.00182,-0.07634
836.57665,0.01720
835.15147,0.21421
833.72630,0.43558
832.30113,0.30438
830.87595,0.14451
829.45078,0.01687
828.02561,-0.14726
826.60043,-0.06227
825.17526,0.06759
823.75009,0.06305
822.32492,-0.04244
820.89974,0.00750
819.47457,0.12130
818.04940,0.17272
816.62422,0.09158
815.19905,0.06048
813.77388,0.16586
812.34870,0.05218
810.92353,-0.09122
809.49836,0.11620
808.07318,0.21138
806.64801,0.18922
805.22284,0.09592
803.79766,0.01444
802.37249,-0.19023
800.94732,-0.29193
799.52214,0.06133
798.09697,0.26046
796.67180,0.24367
795.24663,0.30890
793.82145,0.14756
792.39628,-0.21266
790.97111,-0.26008
789.54593,-0.00573
788.12076,0.28834
786.69559,0.43701
785.27041,0.34970
783.84524,0.16446
782.42007,0.04009
780.99489,0.06222
779.56972,0.03125
778.14455,0.07290
776.71937,-0.06628
775.29420,-0.34283
773.86903,-0.23741
772.44385,0.17201
771.01868,0.37813
769.59351,0.27320
768.16834,0.18827
766.74316,0.33506
765.31799,0.41939
763.89282,0.37431
762.46764,0.08898
761.04247,-0.08745
759.61730,-0.03054
758.19212,-0.08401
756.76695,-0.04135
755.34178,0.04993
753.91660,0.24310
752.49143,0.29270
751.06626,0.18644
749.64108,0.01835
748.21591,-0.10157
746.79074,-0.09396
745.36556,0.05357
743.94039,0.25658
742.51522,0.20653
741.09004,-0.06038
739.66487,-0.19121
738.23970,-0.23783
736.81453,-0.15531
735.38935,0.01297
733.96418,0.01019
732.53901,-0.14953
731.11383,-0.19775
729.68866,-0.21825
728.26349,-0.08906
726.83831,0.22475
725.41314,0.46770
723.98797,0.36265
722.56279,0.22319
721.13762,0.09233
719.71245,0.05710
718.28727,0.02575
716.86210,0.14345
715.43693,0.34425
714.01175,0.28794
712.58658,0.21913
711.16141,0.14779
709.73624,-0.03003
708.31106,-0.19499
706.88589,-0.33532
705.46072,-0.62394
704.03554,-0.18717
702.61037,-0.04623
701.18520,-0.01979
699.76002,0.23224
698.33485,0.30012
696.90968,0.14122
695.48450,0.05971
694.05933,0.14679
692.63416,0.27181
691.20898,0.00461
689.78381,-0.01452
688.35864,0.14097
686.93346,0.24552
685.50829,0.25078
684.08312,0.23955
682.65795,0.24918
681.23277,0.26212
679.80760,0.15538
678.38243,0.01389
676.95725,-0.01418
675.53208,0.04459
674.10691,0.08094
672.68173,0.06859
671.25656,-0.03762
669.83139,-0.03398
668.40621,-0.20839
666.98104,-0.30431
665.55587,-0.25888
664.13069,-0.01738
662.70552,0.81230
661.28035,0.26036
659.85517,0.14618
658.43000,0.20230
657.00483,0.11416
655.57966,-0.07003
654.15448,-0.24313
652.72931,-0.14434
651.30414,0.06436
649.87896,0.65573
648.45379,0.02095
647.02862,-0.10510
645.60344,-0.05499
644.17827,0.07455
642.75310,0.15103
641.32792,0.10635
639.90275,0.03302
638.47758,0.02518
637.05240,-0.00408
635.62723,-0.25316
634.20206,-0.36599
632.77688,-0.30447
631.35171,-0.15901
629.92654,-0.03793
628.50137,0.04871
627.07619,0.05111
625.65102,0.20593
624.22585,0.11841
622.80067,-0.23481
621.37550,-0.37263
619.95033,-0.11261
618.52515,-0.06745
617.09998,-0.27891
615.67481,-0.56363
614.24963,-0.41829
612.82446,-0.17518
611.39929,0.14570
609.97411,0.69711
608.54894,0.14548
607.12377,-0.17315
605.69859,-0.43093
604.27342,-0.24094
602.84825,0.02744
601.42307,0.34370
599.99790,0.10217
598.57273,-0.14457
597.14756,-0.37822
595.72238,-0.18638
594.29721,0.22518
592.87204,0.33753
591.44686,0.31582
590.02169,0.33839
588.59652,0.48950
587.17134,0.86026
585.74617,0.50953
584.32100,0.12737
582.89582,-0.26797
581.47065,-0.34658
580.04548,0.00917
578.62030,0.03342
577.19513,-0.05709
575.76996,-0.14057
574.34478,-0.23051
572.91961,-0.37138
571.49444,-0.44763
570.06927,-0.18891
568.64409,-0.00524
567.21892,-0.00658
565.79375,-0.23818
564.36857,-0.37640
562.94340,-0.38955
561.51823,-0.38449
560.09305,-0.03684
558.66788,0.13979
557.24271,0.16677
555.81753,0.17343
554.39236,0.15459
552.96719,0.19510
551.54201,0.42029
550.11684,0.42770
548.69167,0.26938
547.26649,-0.12086
545.84132,-0.20108
544.41615,-0.19740
542.99098,-0.23190
541.56580,-0.27974
540.14063,-0.16753
538.71546,-0.03284
537.29028,-0.04273
535.86511,-0.10950
534.43994,-0.10157
533.01476,0.02177
531.58959,0.37421
530.16442,0.59265
528.73924,0.40847
527.31407,0.30352
525.88890,0.24225
524.46372,0.13768
523.03855,0.00222
521.61338,0.19920
520.18820,0.60042
518.76303,1.04110
517.33786,0.81349
515.91269,0.31941
514.48751,0.16232
513.06234,-0.12198
511.63717,-0.72059
510.21199,-0.42538
508.78682,-0.19597
507.36165,-0.13363
505.93647,-0.23133
504.51130,-0.45826
503.08613,-0.95843
501.66095,-0.40215
500.23578,-0.32473
498.81061,-0.06852
497.38543,0.03100
495.96026,-0.29900
494.53509,-0.36158
493.10991,-0.49500
491.68474,-0.49177
490.25957,-0.16533
488.83440,0.25835
487.40922,0.45993
485.98405,0.13626
484.55888,0.36054
483.13370,-0.05055
481.70853,-0.23507
480.28336,-0.21529
478.85818,-0.12610
477.43301,-0.09044
476.00784,-0.13251
474.58266,-0.04496
473.15749,0.09458
471.73232,0.24509
470.30714,0.33459
468.88197,0.21840
467.45680,0.07670
466.03162,0.08737
464.60645,0.04450
463.18128,-0.05987
461.75610,-0.22920
460.33093,-0.55187
458.90576,-0.52613
457.48059,-0.42776
456.05541,-0.23245
454.63024,-0.10521
453.20507,-0.26380
451.77989,-0.23404
450.35472,0.88686
448.92955,0.05608
447.50437,-0.29329
446.07920,-0.44362
444.65403,-0.04812
443.22885,0.28861
441.80368,0.49572
440.37851,0.50667
438.95333,0.44089
437.52816,0.36643
436.10299,0.48428
434.67781,0.33897
433.25264,0.06892
431.82747,0.09689
430.40230,0.20964
428.97712,-0.24829
427.55195,-0.41890
426.12678,-0.01799
424.70160,0.06039
423.27643,-0.09371
421.85126,-0.25076
420.42608,-0.37610
419.00091,-0.35997
417.57574,0.01641
416.15056,-0.02836
414.72539,0.01104
413.30022,-0.01005
411.87504,-0.02019
410.44987,-0.06312
409.02470,-0.46106
407.59952,-0.36064
406.17435,-0.39064
404.74918,-0.43186
403.32401,-0.35817
401.89883,-0.20467
400.47366,-0.09016
399.04849,-0.09169
