3997.61072,0.00355
3996.18555,0.00365
3994.76038,0.00372
3993.33520,0.00377
3991.91003,0.00379
3990.48486,0.00377
3989.05968,0.00371
3987.63451,0.00368
3986.20934,0.00370
3984.78416,0.00374
3983.35899,0.00371
3981.93382,0.00360
3980.50865,0.00347
3979.08347,0.00336
3977.65830,0.00326
3976.23313,0.00319
3974.80795,0.00314
3973.38278,0.00313
3971.95761,0.00314
3970.53243,0.00314
3969.10726,0.00311
3967.68209,0.00301
3966.25691,0.00287
3964.83174,0.00274
3963.40657,0.00264
3961.98139,0.00254
3960.55622,0.00243
3959.13105,0.00231
3957.70587,0.00221
3956.28070,0.00213
3954.85553,0.00208
3953.43036,0.00202
3952.00518,0.00191
3950.58001,0.00177
3949.15484,0.00164
3947.72966,0.00156
3946.30449,0.00152
3944.87932,0.00146
3943.45414,0.00133
3942.02897,0.00116
3940.60380,0.00100
3939.17862,0.00089
3937.75345,0.00081
3936.32828,0.00076
3934.90310,0.00075
3933.47793,0.00072
3932.05276,0.00065
3930.62758,0.00055
3929.20241,0.00046
3927.77724,0.00037
3926.35207,0.00030
3924.92689,0.00026
3923.50172,0.00023
3922.07655,0.00016
3920.65137,0.00005
3919.22620,-0.00006
3917.80103,-0.00013
3916.37585,-0.00020
3914.95068,-0.00031
3913.52551,-0.00046
3912.10033,-0.00063
3910.67516,-0.00078
3909.24999,-0.00092
3907.82481,-0.00108
3906.39964,-0.00125
3904.97447,-0.00134
3903.54929,-0.00129
3902.12412,-0.00117
3900.69895,-0.00114
3899.27378,-0.00125
3897.84860,-0.00147
3896.42343,-0.00175
3894.99826,-0.00204
3893.57308,-0.00220
3892.14791,-0.00220
3890.72274,-0.00221
3889.29756,-0.00238
3887.87239,-0.00257
3886.44722,-0.00259
3885.02204,-0.00250
3883.59687,-0.00252
3882.17170,-0.00258
3880.74652,-0.00259
3879.32135,-0.00264
3877.89618,-0.00284
3876.47100,-0.00312
3875.04583,-0.00339
3873.62066,-0.00364
3872.19548,-0.00382
3870.77031,-0.00385
3869.34514,-0.00385
3867.91997,-0.00396
3866.49479,-0.00415
3865.06962,-0.00428
3863.64445,-0.00438
3862.21927,-0.00450
3860.79410,-0.00467
3859.36893,-0.00490
3857.94375,-0.00518
3856.51858,-0.00539
3855.09341,-0.00527
3853.66823,-0.00482
3852.24306,-0.00456
3850.81789,-0.00470
3849.39271,-0.00499
3847.96754,-0.00528
3846.54237,-0.00552
3845.11719,-0.00566
3843.69202,-0.00571
3842.26685,-0.00575
3840.84168,-0.00583
3839.41650,-0.00581
3837.99133,-0.00560
3836.56616,-0.00534
3835.14098,-0.00518
3833.71581,-0.00508
3832.29064,-0.00494
3830.86546,-0.00481
3829.44029,-0.00472
3828.01512,-0.00465
3826.58994,-0.00458
3825.16477,-0.00456
3823.73960,-0.00452
3822.31442,-0.00431
3820.88925,-0.00401
3819.46408,-0.00386
3818.03890,-0.00380
3816.61373,-0.00356
3815.18856,-0.00320
3813.76339,-0.00298
3812.33821,-0.00293
3810.91304,-0.00290
3809.48787,-0.00275
3808.06269,-0.00244
3806.63752,-0.00212
3805.21235,-0.00197
3803.78717,-0.00187
3802.36200,-0.00164
3800.93683,-0.00136
3799.51165,-0.00125
3798.08648,-0.00123
3796.66131,-0.00109
3795.23613,-0.00085
3793.81096,-0.00065
3792.38579,-0.00052
3790.96061,-0.00043
3789.53544,-0.00036
3788.11027,-0.00030
3786.68510,-0.00019
3785.25992,-0.00004
3783.83475,0.00009
3782.40958,0.00015
3780.98440,0.00018
3779.55923,0.00020
3778.13406,0.00021
3776.70888,0.00016
3775.28371,0.00007
3773.85854,-0.00001
3772.43336,-0.00003
3771.00819,0.00002
3769.58302,0.00006
3768.15784,0.00003
3766.73267,-0.00004
3765.30750,-0.00013
3763.88232,-0.00025
3762.45715,-0.00037
3761.03198,-0.00047
3759.60681,-0.00054
3758.18163,-0.00062
3756.75646,-0.00073
3755.33129,-0.00084
3753.90611,-0.00092
3752.48094,-0.00095
3751.05577,-0.00096
3749.63059,-0.00109
3748.20542,-0.00131
3746.78025,-0.00146
3745.35507,-0.00145
3743.92990,-0.00137
3742.50473,-0.00139
3741.07955,-0.00151
3739.65438,-0.00164
3738.22921,-0.00169
3736.80403,-0.00161
3735.37886,-0.00143
3733.95369,-0.00129
3732.52851,-0.00125
3731.10334,-0.00125
3729.67817,-0.00123
3728.25300,-0.00118
3726.82782,-0.00110
3725.40265,-0.00103
3723.97748,-0.00100
3722.55230,-0.00097
3721.12713,-0.00090
3719.70196,-0.00081
3718.27678,-0.00075
3716.85161,-0.00072
3715.42644,-0.00070
3714.00126,-0.00064
3712.57609,-0.00047
3711.15092,-0.00024
3709.72574,-0.00009
3708.30057,-0.00005
3706.87540,-0.00006
3705.45022,-0.00007
3704.02505,-0.00004
3702.59988,0.00004
3701.17471,0.00010
3699.74953,0.00010
3698.32436,0.00009
3696.89919,0.00011
3695.47401,0.00015
3694.04884,0.00018
3692.62367,0.00020
3691.19849,0.00026
3689.77332,0.00032
3688.34815,0.00029
3686.92297,0.00014
3685.49780,-0.00005
3684.07263,-0.00025
3682.64745,-0.00043
3681.22228,-0.00061
3679.79711,-0.00078
3678.37193,-0.00091
3676.94676,-0.00098
3675.52159,-0.00104
3674.09642,-0.00120
3672.67124,-0.00144
3671.24607,-0.00170
3669.82090,-0.00200
3668.39572,-0.00238
3666.97055,-0.00280
3665.54538,-0.00320
3664.12020,-0.00357
3662.69503,-0.00394
3661.26986,-0.00433
3659.84468,-0.00474
3658.41951,-0.00514
3656.99434,-0.00553
3655.56916,-0.00595
3654.14399,-0.00643
3652.71882,-0.00694
3651.29364,-0.00739
3649.86847,-0.00772
3648.44330,-0.00806
3647.01813,-0.00856
3645.59295,-0.00918
3644.16778,-0.00983
3642.74261,-0.01041
3641.31743,-0.01093
3639.89226,-0.01146
3638.46709,-0.01205
3637.04191,-0.01267
3635.61674,-0.01326
3634.19157,-0.01383
3632.76639,-0.01443
3631.34122,-0.01499
3629.91605,-0.01533
3628.49087,-0.01546
3627.06570,-0.01574
3625.64053,-0.01629
3624.21535,-0.01698
3622.79018,-0.01764
3621.36501,-0.01814
3619.93984,-0.01841
3618.51466,-0.01855
3617.08949,-0.01883
3615.66432,-0.01925
3614.23914,-0.01969
3612.81397,-0.02010
3611.38880,-0.02055
3609.96362,-0.02094
3608.53845,-0.02117
3607.11328,-0.02136
3605.68810,-0.02172
3604.26293,-0.02229
3602.83776,-0.02284
3601.41258,-0.02321
3599.98741,-0.02347
3598.56224,-0.02381
3597.13706,-0.02424
3595.71189,-0.02465
3594.28672,-0.02505
3592.86154,-0.02557
3591.43637,-0.02625
3590.01120,-0.02681
3588.58603,-0.02698
3587.16085,-0.02695
3585.73568,-0.02722
3584.31051,-0.02790
3582.88533,-0.02873
3581.46016,-0.02951
3580.03499,-0.03022
3578.60981,-0.03090
3577.18464,-0.03155
3575.75947,-0.03217
3574.33429,-0.03282
3572.90912,-0.03363
3571.48395,-0.03462
3570.05877,-0.03557
3568.63360,-0.03617
3567.20843,-0.03639
3565.78325,-0.03674
3564.35808,-0.03754
3562.93291,-0.03863
3561.50774,-0.03971
3560.08256,-0.04074
3558.65739,-0.04180
3557.23222,-0.04292
3555.80704,-0.04403
3554.38187,-0.04503
3552.95670,-0.04595
3551.53152,-0.04696
3550.10635,-0.04813
3548.68118,-0.04929
3547.25600,-0.05019
3545.83083,-0.05085
3544.40566,-0.05152
3542.98048,-0.05242
3541.55531,-0.05361
3540.13014,-0.05495
3538.70496,-0.05623
3537.27979,-0.05729
3535.85462,-0.05815
3534.42945,-0.05896
3533.00427,-0.05977
3531.57910,-0.06062
3530.15393,-0.06150
3528.72875,-0.06234
3527.30358,-0.06307
3525.87841,-0.06363
3524.45323,-0.06404
3523.02806,-0.06441
3521.60289,-0.06489
3520.17771,-0.06546
3518.75254,-0.06603
3517.32737,-0.06656
3515.90219,-0.06708
3514.47702,-0.06764
3513.05185,-0.06819
3511.62667,-0.06866
3510.20150,-0.06900
3508.77633,-0.06934
3507.35116,-0.06973
3505.92598,-0.07006
3504.50081,-0.07020
3503.07564,-0.07020
3501.65046,-0.07031
3500.22529,-0.07067
3498.80012,-0.07114
3497.37494,-0.07152
3495.94977,-0.07178
3494.52460,-0.07201
3493.09942,-0.07225
3491.67425,-0.07251
3490.24908,-0.07277
3488.82390,-0.07304
3487.39873,-0.07334
3485.97356,-0.07373
3484.54838,-0.07420
3483.12321,-0.07468
3481.69804,-0.07509
3480.27287,-0.07549
3478.84769,-0.07597
3477.42252,-0.07656
3475.99735,-0.07721
3474.57217,-0.07787
3473.14700,-0.07852
3471.72183,-0.07910
3470.29665,-0.07963
3468.87148,-0.08021
3467.44631,-0.08094
3466.02113,-0.08178
3464.59596,-0.08260
3463.17079,-0.08332
3461.74561,-0.08395
3460.32044,-0.08465
3458.89527,-0.08553
3457.47009,-0.08651
3456.04492,-0.08739
3454.61975,-0.08801
3453.19457,-0.08844
3451.76940,-0.08889
3450.34423,-0.08947
3448.91906,-0.09002
3447.49388,-0.09043
3446.06871,-0.09082
3444.64354,-0.09137
3443.21836,-0.09204
3441.79319,-0.09265
3440.36802,-0.09307
3438.94284,-0.09333
3437.51767,-0.09352
3436.09250,-0.09367
3434.66732,-0.09383
3433.24215,-0.09402
3431.81698,-0.09415
3430.39180,-0.09417
3428.96663,-0.09409
3427.54146,-0.09396
3426.11628,-0.09382
3424.69111,-0.09363
3423.26594,-0.09329
3421.84077,-0.09274
3420.41559,-0.09199
3418.99042,-0.09111
3417.56525,-0.09018
3416.14007,-0.08926
3414.71490,-0.08844
3413.28973,-0.08772
3411.86455,-0.08700
3410.43938,-0.08624
3409.01421,-0.08546
3407.58903,-0.08472
3406.16386,-0.08394
3404.73869,-0.08293
3403.31351,-0.08167
3401.88834,-0.08043
3400.46317,-0.07959
3399.03799,-0.07921
3397.61282,-0.07893
3396.18765,-0.07836
3394.76248,-0.07731
3393.33730,-0.07598
3391.91213,-0.07480
3390.48696,-0.07401
3389.06178,-0.07347
3387.63661,-0.07290
3386.21144,-0.07220
3384.78626,-0.07147
3383.36109,-0.07078
3381.93592,-0.07016
3380.51074,-0.06953
3379.08557,-0.06881
3377.66040,-0.06801
3376.23522,-0.06727
3374.81005,-0.06668
3373.38488,-0.06617
3371.95970,-0.06559
3370.53453,-0.06502
3369.10936,-0.06461
3367.68419,-0.06439
3366.25901,-0.06421
3364.83384,-0.06393
3363.40867,-0.06351
3361.98349,-0.06308
3360.55832,-0.06274
3359.13315,-0.06251
3357.70797,-0.06223
3356.28280,-0.06181
3354.85763,-0.06129
3353.43245,-0.06080
3352.00728,-0.06042
3350.58211,-0.06017
3349.15693,-0.05993
3347.73176,-0.05958
3346.30659,-0.05909
3344.88141,-0.05862
3343.45624,-0.05826
3342.03107,-0.05789
3340.60590,-0.05738
3339.18072,-0.05676
3337.75555,-0.05618
3336.33038,-0.05569
3334.90520,-0.05520
3333.48003,-0.05467
3332.05486,-0.05411
3330.62968,-0.05353
3329.20451,-0.05284
3327.77934,-0.05203
3326.35416,-0.05117
3324.92899,-0.05033
3323.50382,-0.04954
3322.07864,-0.04877
3320.65347,-0.04799
3319.22830,-0.04719
3317.80312,-0.04633
3316.37795,-0.04537
3314.95278,-0.04436
3313.52760,-0.04336
3312.10243,-0.04238
3310.67726,-0.04139
3309.25209,-0.04040
3307.82691,-0.03945
3306.40174,-0.03856
3304.97657,-0.03771
3303.55139,-0.03693
3302.12622,-0.03621
3300.70105,-0.03552
3299.27587,-0.03475
3297.85070,-0.03385
3296.42553,-0.03294
3295.00035,-0.03212
3293.57518,-0.03144
3292.15001,-0.03086
3290.72483,-0.03030
3289.29966,-0.02971
3287.87449,-0.02909
3286.44931,-0.02846
3285.02414,-0.02785
3283.59897,-0.02731
3282.17380,-0.02682
3280.74862,-0.02636
3279.32345,-0.02591
3277.89828,-0.02548
3276.47310,-0.02510
3275.04793,-0.02476
3273.62276,-0.02444
3272.19758,-0.02411
3270.77241,-0.02382
3269.34724,-0.02360
3267.92206,-0.02346
3266.49689,-0.02338
3265.07172,-0.02331
3263.64654,-0.02325
3262.22137,-0.02320
3260.79620,-0.02313
3259.37102,-0.02301
3257.94585,-0.02282
3256.52068,-0.02261
3255.09551,-0.02243
3253.67033,-0.02233
3252.24516,-0.02229
3250.81999,-0.02226
3249.39481,-0.02220
3247.96964,-0.02208
3246.54447,-0.02197
3245.11929,-0.02191
3243.69412,-0.02189
3242.26895,-0.02184
3240.84377,-0.02176
3239.41860,-0.02168
3237.99343,-0.02158
3236.56825,-0.02142
3235.14308,-0.02120
3233.71791,-0.02101
3232.29273,-0.02087
3230.86756,-0.02077
3229.44239,-0.02065
3228.01722,-0.02048
3226.59204,-0.02026
3225.16687,-0.02001
3223.74170,-0.01975
3222.31652,-0.01947
3220.89135,-0.01915
3219.46618,-0.01880
3218.04100,-0.01843
3216.61583,-0.01806
3215.19066,-0.01769
3213.76548,-0.01731
3212.34031,-0.01696
3210.91514,-0.01662
3209.48996,-0.01629
3208.06479,-0.01596
3206.63962,-0.01563
3205.21444,-0.01526
3203.78927,-0.01485
3202.36410,-0.01441
3200.93893,-0.01398
3199.51375,-0.01356
3198.08858,-0.01314
3196.66341,-0.01272
3195.23823,-0.01232
3193.81306,-0.01194
3192.38789,-0.01159
3190.96271,-0.01128
3189.53754,-0.01098
3188.11237,-0.01067
3186.68719,-0.01036
3185.26202,-0.01006
3183.83685,-0.00979
3182.41167,-0.00954
3180.98650,-0.00933
3179.56133,-0.00915
3178.13615,-0.00899
3176.71098,-0.00883
3175.28581,-0.00867
3173.86063,-0.00853
3172.43546,-0.00840
3171.01029,-0.00830
3169.58512,-0.00822
3168.15994,-0.00816
3166.73477,-0.00811
3165.30960,-0.00806
3163.88442,-0.00804
3162.45925,-0.00807
3161.03408,-0.00810
3159.60890,-0.00812
3158.18373,-0.00814
3156.75856,-0.00820
3155.33338,-0.00831
3153.90821,-0.00841
3152.48304,-0.00849
3151.05786,-0.00856
3149.63269,-0.00863
3148.20752,-0.00870
3146.78234,-0.00876
3145.35717,-0.00883
3143.93200,-0.00889
3142.50683,-0.00895
3141.08165,-0.00899
3139.65648,-0.00903
3138.23131,-0.00908
3136.80613,-0.00913
3135.38096,-0.00916
3133.95579,-0.00917
3132.53061,-0.00914
3131.10544,-0.00910
3129.68027,-0.00904
3128.25509,-0.00895
3126.82992,-0.00886
3125.40475,-0.00878
3123.97957,-0.00869
3122.55440,-0.00860
3121.12923,-0.00852
3119.70405,-0.00844
3118.27888,-0.00830
3116.85371,-0.00810
3115.42854,-0.00790
3114.00336,-0.00774
3112.57819,-0.00761
3111.15302,-0.00744
3109.72784,-0.00723
3108.30267,-0.00699
3106.87750,-0.00676
3105.45232,-0.00656
3104.02715,-0.00639
3102.60198,-0.00625
3101.17680,-0.00610
3099.75163,-0.00589
3098.32646,-0.00564
3096.90128,-0.00540
3095.47611,-0.00520
3094.05094,-0.00501
3092.62576,-0.00485
3091.20059,-0.00472
3089.77542,-0.00464
3088.35025,-0.00459
3086.92507,-0.00453
3085.49990,-0.00442
3084.07473,-0.00430
3082.64955,-0.00417
3081.22438,-0.00407
3079.79921,-0.00400
3078.37403,-0.00394
3076.94886,-0.00388
3075.52369,-0.00382
3074.09851,-0.00377
3072.67334,-0.00374
3071.24817,-0.00374
3069.82299,-0.00375
3068.39782,-0.00379
3066.97265,-0.00385
3065.54747,-0.00390
3064.12230,-0.00395
3062.69713,-0.00399
3061.27196,-0.00402
3059.84678,-0.00405
3058.42161,-0.00412
3056.99644,-0.00423
3055.57126,-0.00436
3054.14609,-0.00449
3052.72092,-0.00460
3051.29574,-0.00473
3049.87057,-0.00490
3048.44540,-0.00511
3047.02022,-0.00534
3045.59505,-0.00556
3044.16988,-0.00574
3042.74470,-0.00588
3041.31953,-0.00599
3039.89436,-0.00610
3038.46918,-0.00622
3037.04401,-0.00634
3035.61884,-0.00646
3034.19366,-0.00660
3032.76849,-0.00679
3031.34332,-0.00701
3029.91815,-0.00723
3028.49297,-0.00741
3027.06780,-0.00755
3025.64263,-0.00766
3024.21745,-0.00777
3022.79228,-0.00783
3021.36711,-0.00785
3019.94193,-0.00785
3018.51676,-0.00784
3017.09159,-0.00783
3015.66641,-0.00777
3014.24124,-0.00764
3012.81607,-0.00745
3011.39089,-0.00725
3009.96572,-0.00704
3008.54055,-0.00682
3007.11537,-0.00658
3005.69020,-0.00632
3004.26503,-0.00607
3002.83986,-0.00582
3001.41468,-0.00554
2999.98951,-0.00524
2998.56434,-0.00496
2997.13916,-0.00474
2995.71399,-0.00457
2994.28882,-0.00441
2992.86364,-0.00419
2991.43847,-0.00392
2990.01330,-0.00361
2988.58812,-0.00331
2987.16295,-0.00300
2985.73778,-0.00266
2984.31260,-0.00227
2982.88743,-0.00188
2981.46226,-0.00148
2980.03708,-0.00108
2978.61191,-0.00067
2977.18674,-0.00026
2975.76157,0.00011
2974.33639,0.00040
2972.91122,0.00064
2971.48605,0.00084
2970.06087,0.00103
2968.63570,0.00120
2967.21053,0.00135
2965.78535,0.00145
2964.36018,0.00145
2962.93501,0.00133
2961.50983,0.00109
2960.08466,0.00076
2958.65949,0.00033
2957.23431,-0.00017
2955.80914,-0.00074
2954.38397,-0.00133
2952.95879,-0.00192
2951.53362,-0.00248
2950.10845,-0.00299
2948.68328,-0.00345
2947.25810,-0.00386
2945.83293,-0.00422
2944.40776,-0.00452
2942.98258,-0.00476
2941.55741,-0.00497
2940.13224,-0.00515
2938.70706,-0.00533
2937.28189,-0.00552
2935.85672,-0.00572
2934.43154,-0.00591
2933.00637,-0.00610
2931.58120,-0.00632
2930.15602,-0.00657
2928.73085,-0.00679
2927.30568,-0.00700
2925.88050,-0.00722
2924.45533,-0.00749
2923.03016,-0.00780
2921.60498,-0.00810
2920.17981,-0.00837
2918.75464,-0.00859
2917.32947,-0.00876
2915.90429,-0.00890
2914.47912,-0.00902
2913.05395,-0.00915
2911.62877,-0.00927
2910.20360,-0.00939
2908.77843,-0.00950
2907.35325,-0.00958
2905.92808,-0.00965
2904.50291,-0.00968
2903.07773,-0.00967
2901.65256,-0.00961
2900.22739,-0.00951
2898.80221,-0.00942
2897.37704,-0.00932
2895.95187,-0.00920
2894.52669,-0.00903
2893.10152,-0.00884
2891.67635,-0.00865
2890.25118,-0.00844
2888.82600,-0.00824
2887.40083,-0.00805
2885.97566,-0.00786
2884.55048,-0.00765
2883.12531,-0.00741
2881.70014,-0.00716
2880.27496,-0.00689
2878.84979,-0.00664
2877.42462,-0.00644
2875.99944,-0.00629
2874.57427,-0.00623
2873.14910,-0.00627
2871.72392,-0.00640
2870.29875,-0.00662
2868.87358,-0.00690
2867.44840,-0.00720
2866.02323,-0.00752
2864.59806,-0.00787
2863.17289,-0.00827
2861.74771,-0.00870
2860.32254,-0.00911
2858.89737,-0.00951
2857.47219,-0.00991
2856.04702,-0.01034
2854.62185,-0.01081
2853.19667,-0.01129
2851.77150,-0.01172
2850.34633,-0.01210
2848.92115,-0.01246
2847.49598,-0.01288
2846.07081,-0.01334
2844.64563,-0.01379
2843.22046,-0.01417
2841.79529,-0.01451
2840.37011,-0.01486
2838.94494,-0.01524
2837.51977,-0.01563
2836.09460,-0.01599
2834.66942,-0.01630
2833.24425,-0.01661
2831.81908,-0.01695
2830.39390,-0.01731
2828.96873,-0.01767
2827.54356,-0.01800
2826.11838,-0.01832
2824.69321,-0.01863
2823.26804,-0.01892
2821.84286,-0.01924
2820.41769,-0.01960
2818.99252,-0.01996
2817.56734,-0.02030
2816.14217,-0.02062
2814.71700,-0.02095
2813.29182,-0.02129
2811.86665,-0.02164
2810.44148,-0.02202
2809.01631,-0.02238
2807.59113,-0.02267
2806.16596,-0.02286
2804.74079,-0.02303
2803.31561,-0.02325
2801.89044,-0.02349
2800.46527,-0.02373
2799.04009,-0.02392
2797.61492,-0.02408
2796.18975,-0.02428
2794.76457,-0.02454
2793.33940,-0.02484
2791.91423,-0.02518
2790.48905,-0.02557
2789.06388,-0.02606
2787.63871,-0.02663
2786.21353,-0.02723
2784.78836,-0.02785
2783.36319,-0.02854
2781.93801,-0.02939
2780.51284,-0.03038
2779.08767,-0.03148
2777.66250,-0.03266
2776.23732,-0.03393
2774.81215,-0.03536
2773.38698,-0.03700
2771.96180,-0.03885
2770.53663,-0.04093
2769.11146,-0.04318
2767.68628,-0.04560
2766.26111,-0.04820
2764.83594,-0.05104
2763.41076,-0.05418
2761.98559,-0.05768
2760.56042,-0.06158
2759.13524,-0.06587
2757.71007,-0.07046
2756.28490,-0.07536
2754.85972,-0.08069
2753.43455,-0.08654
2752.00938,-0.09286
2750.58421,-0.09950
2749.15903,-0.10646
2747.73386,-0.11385
2746.30869,-0.12161
2744.88351,-0.12940
2743.45834,-0.13691
2742.03317,-0.14415
2740.60799,-0.15114
2739.18282,-0.15767
2737.75765,-0.16344
2736.33247,-0.16834
2734.90730,-0.17251
2733.48213,-0.17606
2732.05695,-0.17887
2730.63178,-0.18071
2729.20661,-0.18151
2727.78143,-0.18147
2726.35626,-0.18088
2724.93109,-0.17983
2723.50592,-0.17826
2722.08074,-0.17614
2720.65557,-0.17360
2719.23040,-0.17085
2717.80522,-0.16789
2716.38005,-0.16460
2714.95488,-0.16097
2713.52970,-0.15702
2712.10453,-0.15273
2710.67936,-0.14808
2709.25418,-0.14332
2707.82901,-0.13871
2706.40384,-0.13421
2704.97866,-0.12946
2703.55349,-0.12423
2702.12832,-0.11871
2700.70314,-0.11322
2699.27797,-0.10796
2697.85280,-0.10287
2696.42763,-0.09782
2695.00245,-0.09272
2693.57728,-0.08751
2692.15211,-0.08209
2690.72693,-0.07645
2689.30176,-0.07082
2687.87659,-0.06555
2686.45141,-0.06077
2685.02624,-0.05632
2683.60107,-0.05202
2682.17589,-0.04793
2680.75072,-0.04403
2679.32555,-0.04018
2677.90037,-0.03637
2676.47520,-0.03283
2675.05003,-0.02964
2673.62485,-0.02669
2672.19968,-0.02388
2670.77451,-0.02121
2669.34934,-0.01873
2667.92416,-0.01654
2666.49899,-0.01487
2665.07382,-0.01367
2663.64864,-0.01261
2662.22347,-0.01154
2660.79830,-0.01068
2659.37312,-0.01013
2657.94795,-0.00972
2656.52278,-0.00940
2655.09760,-0.00943
2653.67243,-0.01001
2652.24726,-0.01098
2650.82208,-0.01215
2649.39691,-0.01339
2647.97174,-0.01452
2646.54656,-0.01546
2645.12139,-0.01638
2643.69622,-0.01748
2642.27104,-0.01875
2640.84587,-0.02004
2639.42070,-0.02123
2637.99553,-0.02234
2636.57035,-0.02354
2635.14518,-0.02502
2633.72001,-0.02676
2632.29483,-0.02845
2630.86966,-0.02981
2629.44449,-0.03075
2628.01931,-0.03134
2626.59414,-0.03176
2625.16897,-0.03213
2623.74379,-0.03243
2622.31862,-0.03257
2620.89345,-0.03258
2619.46827,-0.03253
2618.04310,-0.03251
2616.61793,-0.03252
2615.19275,-0.03239
2613.76758,-0.03181
2612.34241,-0.03064
2610.91724,-0.02905
2609.49206,-0.02741
2608.06689,-0.02589
2606.64172,-0.02429
2605.21654,-0.02230
2603.79137,-0.01994
2602.36620,-0.01753
2600.94102,-0.01516
2599.51585,-0.01263
2598.09068,-0.00978
2596.66550,-0.00676
2595.24033,-0.00376
2593.81516,-0.00078
2592.38998,0.00227
2590.96481,0.00534
2589.53964,0.00825
2588.11446,0.01094
2586.68929,0.01341
2585.26412,0.01571
2583.83895,0.01788
2582.41377,0.02003
2580.98860,0.02221
2579.56343,0.02442
2578.13825,0.02663
2576.71308,0.02877
2575.28791,0.03071
2573.86273,0.03235
2572.43756,0.03374
2571.01239,0.03493
2569.58721,0.03585
2568.16204,0.03638
2566.73687,0.03663
2565.31169,0.03675
2563.88652,0.03670
2562.46135,0.03640
2561.03617,0.03588
2559.61100,0.03533
2558.18583,0.03483
2556.76066,0.03426
2555.33548,0.03345
2553.91031,0.03229
2552.48514,0.03085
2551.05996,0.02922
2549.63479,0.02751
2548.20962,0.02580
2546.78444,0.02418
2545.35927,0.02259
2543.93410,0.02085
2542.50892,0.01883
2541.08375,0.01665
2539.65858,0.01453
2538.23340,0.01265
2536.80823,0.01106
2535.38306,0.00968
2533.95788,0.00837
2532.53271,0.00704
2531.10754,0.00570
2529.68237,0.00442
2528.25719,0.00328
2526.83202,0.00229
2525.40685,0.00140
2523.98167,0.00067
2522.55650,0.00022
2521.13133,-0.00000
2519.70615,-0.00011
2518.28098,-0.00005
2516.85581,0.00039
2515.43063,0.00124
2514.00546,0.00220
2512.58029,0.00302
2511.15511,0.00381
2509.72994,0.00491
2508.30477,0.00645
2506.87959,0.00830
2505.45442,0.01026
2504.02925,0.01220
2502.60407,0.01409
2501.17890,0.01603
2499.75373,0.01823
2498.32856,0.02067
2496.90338,0.02309
2495.47821,0.02524
2494.05304,0.02713
2492.62786,0.02905
2491.20269,0.03112
2489.77752,0.03322
2488.35234,0.03517
2486.92717,0.03698
2485.50200,0.03871
2484.07682,0.04021
2482.65165,0.04124
2481.22648,0.04174
2479.80130,0.04190
2478.37613,0.04197
2476.95096,0.04202
2475.52578,0.04202
2474.10061,0.04183
2472.67544,0.04130
2471.25027,0.04035
2469.82509,0.03904
2468.39992,0.03748
2466.97475,0.03579
2465.54957,0.03401
2464.12440,0.03210
2462.69923,0.02990
2461.27405,0.02735
2459.84888,0.02465
2458.42371,0.02189
2456.99853,0.01891
2455.57336,0.01556
2454.14819,0.01199
2452.72301,0.00852
2451.29784,0.00521
2449.87267,0.00191
2448.44749,-0.00143
2447.02232,-0.00473
2445.59715,-0.00803
2444.17198,-0.01144
2442.74680,-0.01488
2441.32163,-0.01804
2439.89646,-0.02086
2438.47128,-0.02352
2437.04611,-0.02624
2435.62094,-0.02903
2434.19576,-0.03171
2432.77059,-0.03414
2431.34542,-0.03635
2429.92024,-0.03841
2428.49507,-0.04031
2427.06990,-0.04185
2425.64472,-0.04292
2424.21955,-0.04368
2422.79438,-0.04444
2421.36920,-0.04535
2419.94403,-0.04634
2418.51886,-0.04733
2417.09369,-0.04822
2415.66851,-0.04882
2414.24334,-0.04895
2412.81817,-0.04855
2411.39299,-0.04773
2409.96782,-0.04680
2408.54265,-0.04613
2407.11747,-0.04585
2405.69230,-0.04568
2404.26713,-0.04526
2402.84195,-0.04452
2401.41678,-0.04372
2399.99161,-0.04315
2398.56643,-0.04282
2397.14126,-0.04250
2395.71609,-0.04197
2394.29091,-0.04123
2392.86574,-0.04046
2391.44057,-0.03996
2390.01540,-0.03991
2388.59022,-0.04025
2387.16505,-0.04074
2385.73988,-0.04129
2384.31470,-0.04196
2382.88953,-0.04278
2381.46436,-0.04377
2380.03918,-0.04492
2378.61401,-0.04615
2377.18884,-0.04744
2375.76366,-0.04889
2374.33849,-0.05065
2372.91332,-0.05251
2371.48814,-0.05394
2370.06297,-0.05461
2368.63780,-0.05479
2367.21262,-0.05514
2365.78745,-0.05616
2364.36228,-0.05792
2362.93710,-0.06001
2361.51193,-0.06180
2360.08676,-0.06288
2358.66159,-0.06383
2357.23641,-0.06607
2355.81124,-0.06994
2354.38607,-0.07407
2352.96089,-0.07767
2351.53572,-0.08180
2350.11055,-0.08726
2348.68537,-0.09332
2347.26020,-0.09849
2345.83503,-0.10172
2344.40985,-0.10343
2342.98468,-0.10525
2341.55951,-0.10774
2340.13433,-0.11035
2338.70916,-0.11289
2337.28399,-0.11568
2335.85881,-0.11888
2334.43364,-0.12225
2333.00847,-0.12525
2331.58330,-0.12749
2330.15812,-0.12919
2328.73295,-0.13107
2327.30778,-0.13352
2325.88260,-0.13623
2324.45743,-0.13865
2323.03226,-0.14048
2321.60708,-0.14182
2320.18191,-0.14296
2318.75674,-0.14411
2317.33156,-0.14533
2315.90639,-0.14661
2314.48122,-0.14793
2313.05604,-0.14911
2311.63087,-0.14994
2310.20570,-0.15042
2308.78052,-0.15068
2307.35535,-0.15083
2305.93018,-0.15092
2304.50501,-0.15096
2303.07983,-0.15083
2301.65466,-0.15037
2300.22949,-0.14969
2298.80431,-0.14909
2297.37914,-0.14865
2295.95397,-0.14823
2294.52879,-0.14773
2293.10362,-0.14711
2291.67845,-0.14626
2290.25327,-0.14521
2288.82810,-0.14413
2287.40293,-0.14324
2285.97775,-0.14254
2284.55258,-0.14193
2283.12741,-0.14118
2281.70223,-0.14014
2280.27706,-0.13889
2278.85189,-0.13772
2277.42672,-0.13686
2276.00154,-0.13638
2274.57637,-0.13615
2273.15120,-0.13603
2271.72602,-0.13583
2270.30085,-0.13554
2268.87568,-0.13526
2267.45050,-0.13512
2266.02533,-0.13504
2264.60016,-0.13484
2263.17498,-0.13449
2261.74981,-0.13422
2260.32464,-0.13424
2258.89946,-0.13451
2257.47429,-0.13483
2256.04912,-0.13508
2254.62394,-0.13527
2253.19877,-0.13551
2251.77360,-0.13582
2250.34843,-0.13608
2248.92325,-0.13615
2247.49808,-0.13611
2246.07291,-0.13620
2244.64773,-0.13652
2243.22256,-0.13692
2241.79739,-0.13717
2240.37221,-0.13727
2238.94704,-0.13729
2237.52187,-0.13725
2236.09669,-0.13702
2234.67152,-0.13660
2233.24635,-0.13607
2231.82117,-0.13549
2230.39600,-0.13485
2228.97083,-0.13409
2227.54565,-0.13315
2226.12048,-0.13211
2224.69531,-0.13108
2223.27013,-0.13010
2221.84496,-0.12906
2220.41979,-0.12780
2218.99462,-0.12624
2217.56944,-0.12443
2216.14427,-0.12252
2214.71910,-0.12060
2213.29392,-0.11867
2211.86875,-0.11674
2210.44358,-0.11478
2209.01840,-0.11274
2207.59323,-0.11055
2206.16806,-0.10822
2204.74288,-0.10583
2203.31771,-0.10341
2201.89254,-0.10096
2200.46736,-0.09851
2199.04219,-0.09610
2197.61702,-0.09370
2196.19184,-0.09126
2194.76667,-0.08881
2193.34150,-0.08641
2191.91633,-0.08405
2190.49115,-0.08166
2189.06598,-0.07916
2187.64081,-0.07663
2186.21563,-0.07422
2184.79046,-0.07199
2183.36529,-0.06991
2181.94011,-0.06788
2180.51494,-0.06589
2179.08977,-0.06398
2177.66459,-0.06215
2176.23942,-0.06037
2174.81425,-0.05865
2173.38907,-0.05705
2171.96390,-0.05562
2170.53873,-0.05427
2169.11355,-0.05295
2167.68838,-0.05167
2166.26321,-0.05048
2164.83804,-0.04937
2163.41286,-0.04833
2161.98769,-0.04730
2160.56252,-0.04629
2159.13734,-0.04533
2157.71217,-0.04448
2156.28700,-0.04374
2154.86182,-0.04309
2153.43665,-0.04244
2152.01148,-0.04180
2150.58630,-0.04120
2149.16113,-0.04066
2147.73596,-0.04016
2146.31078,-0.03967
2144.88561,-0.03921
2143.46044,-0.03880
2142.03526,-0.03845
2140.61009,-0.03814
2139.18492,-0.03787
2137.75975,-0.03758
2136.33457,-0.03723
2134.90940,-0.03688
2133.48423,-0.03657
2132.05905,-0.03631
2130.63388,-0.03601
2129.20871,-0.03564
2127.78353,-0.03519
2126.35836,-0.03470
2124.93319,-0.03420
2123.50801,-0.03375
2122.08284,-0.03330
2120.65767,-0.03282
2119.23249,-0.03229
2117.80732,-0.03175
2116.38215,-0.03124
2114.95697,-0.03072
2113.53180,-0.03017
2112.10663,-0.02959
2110.68146,-0.02900
2109.25628,-0.02840
2107.83111,-0.02777
2106.40594,-0.02712
2104.98076,-0.02645
2103.55559,-0.02576
2102.13042,-0.02508
2100.70524,-0.02441
2099.28007,-0.02377
2097.85490,-0.02312
2096.42972,-0.02244
2095.00455,-0.02175
2093.57938,-0.02108
2092.15420,-0.02043
2090.72903,-0.01978
2089.30386,-0.01912
2087.87868,-0.01848
2086.45351,-0.01788
2085.02834,-0.01728
2083.60316,-0.01667
2082.17799,-0.01607
2080.75282,-0.01551
2079.32765,-0.01501
2077.90247,-0.01455
2076.47730,-0.01409
2075.05213,-0.01362
2073.62695,-0.01316
2072.20178,-0.01272
2070.77661,-0.01231
2069.35143,-0.01192
2067.92626,-0.01157
2066.50109,-0.01125
2065.07591,-0.01099
2063.65074,-0.01080
2062.22557,-0.01065
2060.80039,-0.01050
2059.37522,-0.01033
2057.95005,-0.01017
2056.52487,-0.01005
2055.09970,-0.00998
2053.67453,-0.00994
2052.24936,-0.00989
2050.82418,-0.00985
2049.39901,-0.00982
2047.97384,-0.00981
2046.54866,-0.00983
2045.12349,-0.00988
2043.69832,-0.00995
2042.27314,-0.01003
2040.84797,-0.01015
2039.42280,-0.01031
2037.99762,-0.01047
2036.57245,-0.01060
2035.14728,-0.01071
2033.72210,-0.01082
2032.29693,-0.01094
2030.87176,-0.01105
2029.44658,-0.01117
2028.02141,-0.01126
2026.59624,-0.01133
2025.17107,-0.01137
2023.74589,-0.01142
2022.32072,-0.01147
2020.89555,-0.01150
2019.47037,-0.01150
2018.04520,-0.01145
2016.62003,-0.01136
2015.19485,-0.01128
2013.76968,-0.01120
2012.34451,-0.01113
2010.91933,-0.01104
2009.49416,-0.01091
2008.06899,-0.01075
2006.64381,-0.01058
2005.21864,-0.01040
2003.79347,-0.01020
2002.36829,-0.00998
2000.94312,-0.00975
1999.51795,-0.00956
1998.09278,-0.00937
1996.66760,-0.00915
1995.24243,-0.00889
1993.81726,-0.00859
1992.39208,-0.00828
1990.96691,-0.00796
1989.54174,-0.00766
1988.11656,-0.00736
1986.69139,-0.00706
1985.26622,-0.00677
1983.84104,-0.00649
1982.41587,-0.00622
1980.99070,-0.00597
1979.56552,-0.00575
1978.14035,-0.00554
1976.71518,-0.00534
1975.29000,-0.00515
1973.86483,-0.00496
1972.43966,-0.00478
1971.01449,-0.00462
1969.58931,-0.00444
1968.16414,-0.00427
1966.73897,-0.00415
1965.31379,-0.00410
1963.88862,-0.00409
1962.46345,-0.00406
1961.03827,-0.00401
1959.61310,-0.00397
1958.18793,-0.00397
1956.76275,-0.00401
1955.33758,-0.00409
1953.91241,-0.00418
1952.48723,-0.00427
1951.06206,-0.00435
1949.63689,-0.00447
1948.21171,-0.00462
1946.78654,-0.00478
1945.36137,-0.00492
1943.93619,-0.00505
1942.51102,-0.00522
1941.08585,-0.00542
1939.66068,-0.00564
1938.23550,-0.00584
1936.81033,-0.00602
1935.38516,-0.00620
1933.95998,-0.00638
1932.53481,-0.00656
1931.10964,-0.00674
1929.68446,-0.00691
1928.25929,-0.00708
1926.83412,-0.00725
1925.40894,-0.00743
1923.98377,-0.00761
1922.55860,-0.00780
1921.13342,-0.00796
1919.70825,-0.00809
1918.28308,-0.00817
1916.85790,-0.00825
1915.43273,-0.00835
1914.00756,-0.00843
1912.58239,-0.00847
1911.15721,-0.00847
1909.73204,-0.00845
1908.30687,-0.00844
1906.88169,-0.00844
1905.45652,-0.00841
1904.03135,-0.00836
1902.60617,-0.00829
1901.18100,-0.00822
1899.75583,-0.00816
1898.33065,-0.00809
1896.90548,-0.00799
1895.48031,-0.00785
1894.05513,-0.00771
1892.62996,-0.00757
1891.20479,-0.00740
1889.77961,-0.00718
1888.35444,-0.00695
1886.92927,-0.00673
1885.50410,-0.00652
1884.07892,-0.00632
1882.65375,-0.00612
1881.22858,-0.00592
1879.80340,-0.00572
1878.37823,-0.00554
1876.95306,-0.00537
1875.52788,-0.00522
1874.10271,-0.00508
1872.67754,-0.00497
1871.25236,-0.00485
1869.82719,-0.00468
1868.40202,-0.00448
1866.97684,-0.00433
1865.55167,-0.00426
1864.12650,-0.00424
1862.70132,-0.00425
1861.27615,-0.00426
1859.85098,-0.00429
1858.42581,-0.00432
1857.00063,-0.00435
1855.57546,-0.00438
1854.15029,-0.00441
1852.72511,-0.00447
1851.29994,-0.00456
1849.87477,-0.00467
1848.44959,-0.00480
1847.02442,-0.00493
1845.59925,-0.00507
1844.17407,-0.00525
1842.74890,-0.00550
1841.32373,-0.00579
1839.89855,-0.00607
1838.47338,-0.00632
1837.04821,-0.00657
1835.62303,-0.00686
1834.19786,-0.00717
1832.77269,-0.00743
1831.34751,-0.00764
1829.92234,-0.00783
1828.49717,-0.00805
1827.07200,-0.00830
1825.64682,-0.00854
1824.22165,-0.00877
1822.79648,-0.00899
1821.37130,-0.00920
1819.94613,-0.00940
1818.52096,-0.00958
1817.09578,-0.00974
1815.67061,-0.00987
1814.24544,-0.00997
1812.82026,-0.01006
1811.39509,-0.01014
1809.96992,-0.01019
1808.54474,-0.01022
1807.11957,-0.01023
1805.69440,-0.01022
1804.26922,-0.01018
1802.84405,-0.01012
1801.41888,-0.01001
1799.99371,-0.00989
1798.56853,-0.00976
1797.14336,-0.00964
1795.71819,-0.00951
1794.29301,-0.00933
1792.86784,-0.00905
1791.44267,-0.00876
1790.01749,-0.00859
1788.59232,-0.00852
1787.16715,-0.00845
1785.74197,-0.00829
1784.31680,-0.00804
1782.89163,-0.00776
1781.46645,-0.00749
1780.04128,-0.00726
1778.61611,-0.00710
1777.19093,-0.00699
1775.76576,-0.00688
1774.34059,-0.00667
1772.91542,-0.00637
1771.49024,-0.00609
1770.06507,-0.00595
1768.63990,-0.00589
1767.21472,-0.00580
1765.78955,-0.00571
1764.36438,-0.00562
1762.93920,-0.00552
1761.51403,-0.00539
1760.08886,-0.00528
1758.66368,-0.00519
1757.23851,-0.00511
1755.81334,-0.00504
1754.38816,-0.00501
1752.96299,-0.00494
1751.53782,-0.00475
1750.11264,-0.00447
1748.68747,-0.00423
1747.26230,-0.00409
1745.83713,-0.00401
1744.41195,-0.00392
1742.98678,-0.00379
1741.56161,-0.00363
1740.13643,-0.00349
1738.71126,-0.00348
1737.28609,-0.00360
1735.86091,-0.00372
1734.43574,-0.00371
1733.01057,-0.00368
1731.58539,-0.00379
1730.16022,-0.00400
1728.73505,-0.00420
1727.30987,-0.00437
1725.88470,-0.00448
1724.45953,-0.00455
1723.03435,-0.00466
1721.60918,-0.00484
1720.18401,-0.00501
1718.75884,-0.00502
1717.33366,-0.00481
1715.90849,-0.00459
1714.48332,-0.00453
1713.05814,-0.00460
1711.63297,-0.00468
1710.20780,-0.00474
1708.78262,-0.00477
1707.35745,-0.00469
1705.93228,-0.00452
1704.50710,-0.00441
1703.08193,-0.00437
1701.65676,-0.00420
1700.23158,-0.00378
1698.80641,-0.00333
1697.38124,-0.00297
1695.95606,-0.00254
1694.53089,-0.00203
1693.10572,-0.00154
1691.68054,-0.00097
1690.25537,-0.00016
1688.83020,0.00082
1687.40503,0.00188
1685.97985,0.00335
1684.55468,0.00561
1683.12951,0.00800
1681.70433,0.00978
1680.27916,0.01120
1678.85399,0.01265
1677.42881,0.01441
1676.00364,0.01668
1674.57847,0.01928
1673.15329,0.02176
1671.72812,0.02429
1670.30295,0.02747
1668.87777,0.03113
1667.45260,0.03429
1666.02743,0.03671
1664.60225,0.03890
1663.17708,0.04110
1661.75191,0.04294
1660.32674,0.04406
1658.90156,0.04455
1657.47639,0.04470
1656.05122,0.04479
1654.62604,0.04531
1653.20087,0.04658
1651.77570,0.04784
1650.35052,0.04863
1648.92535,0.04967
1647.50018,0.05186
1646.07500,0.05522
1644.64983,0.05869
1643.22466,0.06192
1641.79948,0.06531
1640.37431,0.06902
1638.94914,0.07309
1637.52396,0.07829
1636.09879,0.08564
1634.67362,0.09399
1633.24845,0.10114
1631.82327,0.10733
1630.39810,0.11389
1628.97293,0.12125
1627.54775,0.12841
1626.12258,0.13374
1624.69741,0.13589
1623.27223,0.13398
1621.84706,0.12834
1620.42189,0.12046
1618.99671,0.11073
1617.57154,0.09841
1616.14637,0.08462
1614.72119,0.07243
1613.29602,0.06245
1611.87085,0.05338
1610.44567,0.04463
1609.02050,0.03650
1607.59533,0.02938
1606.17016,0.02334
1604.74498,0.01821
1603.31981,0.01381
1601.89464,0.01005
1600.46946,0.00689
1599.04429,0.00425
1597.61912,0.00203
1596.19394,0.00015
1594.76877,-0.00142
1593.34360,-0.00273
1591.91842,-0.00380
1590.49325,-0.00472
1589.06808,-0.00554
1587.64290,-0.00626
1586.21773,-0.00690
1584.79256,-0.00746
1583.36738,-0.00802
1581.94221,-0.00863
1580.51704,-0.00930
1579.09187,-0.00993
1577.66669,-0.01038
1576.24152,-0.01064
1574.81635,-0.01096
1573.39117,-0.01147
1571.96600,-0.01200
1570.54083,-0.01235
1569.11565,-0.01257
1567.69048,-0.01286
1566.26531,-0.01328
1564.84013,-0.01374
1563.41496,-0.01422
1561.98979,-0.01462
1560.56461,-0.01466
1559.13944,-0.01422
1557.71427,-0.01407
1556.28909,-0.01454
1554.86392,-0.01515
1553.43875,-0.01567
1552.01357,-0.01612
1550.58840,-0.01658
1549.16323,-0.01705
1547.73806,-0.01757
1546.31288,-0.01811
1544.88771,-0.01859
1543.46254,-0.01899
1542.03736,-0.01929
1540.61219,-0.01946
1539.18702,-0.01977
1537.76184,-0.02045
1536.33667,-0.02128
1534.91150,-0.02195
1533.48632,-0.02246
1532.06115,-0.02304
1530.63598,-0.02383
1529.21080,-0.02465
1527.78563,-0.02530
1526.36046,-0.02573
1524.93528,-0.02605
1523.51011,-0.02617
1522.08494,-0.02587
1520.65977,-0.02522
1519.23459,-0.02457
1517.80942,-0.02403
1516.38425,-0.02380
1514.95907,-0.02430
1513.53390,-0.02564
1512.10873,-0.02746
1510.68355,-0.02934
1509.25838,-0.03097
1507.83321,-0.03214
1506.40803,-0.03291
1504.98286,-0.03366
1503.55769,-0.03456
1502.13251,-0.03547
1500.70734,-0.03623
1499.28217,-0.03675
1497.85699,-0.03705
1496.43182,-0.03733
1495.00665,-0.03784
1493.58148,-0.03857
1492.15630,-0.03924
1490.73113,-0.03956
1489.30596,-0.03947
1487.88078,-0.03930
1486.45561,-0.03927
1485.03044,-0.03926
1483.60526,-0.03910
1482.18009,-0.03867
1480.75492,-0.03805
1479.32974,-0.03735
1477.90457,-0.03658
1476.47940,-0.03564
1475.05422,-0.03437
1473.62905,-0.03265
1472.20388,-0.03087
1470.77870,-0.02983
1469.35353,-0.02967
1467.92836,-0.02982
1466.50319,-0.02971
1465.07801,-0.02914
1463.65284,-0.02847
1462.22767,-0.02812
1460.80249,-0.02800
1459.37732,-0.02746
1457.95215,-0.02568
1456.52697,-0.02311
1455.10180,-0.02138
1453.67663,-0.02065
1452.25145,-0.02017
1450.82628,-0.01941
1449.40111,-0.01819
1447.97593,-0.01663
1446.55076,-0.01513
1445.12559,-0.01398
1443.70041,-0.01308
1442.27524,-0.01234
1440.85007,-0.01185
1439.42490,-0.01158
1437.99972,-0.01127
1436.57455,-0.01080
1435.14938,-0.01063
1433.72420,-0.01104
1432.29903,-0.01182
1430.87386,-0.01271
1429.44868,-0.01361
1428.02351,-0.01454
1426.59834,-0.01543
1425.17316,-0.01624
1423.74799,-0.01702
1422.32282,-0.01779
1420.89764,-0.01844
1419.47247,-0.01881
1418.04730,-0.01902
1416.62212,-0.01935
1415.19695,-0.01978
1413.77178,-0.02014
1412.34660,-0.02034
1410.92143,-0.02042
1409.49626,-0.02045
1408.07109,-0.02046
1406.64591,-0.02042
1405.22074,-0.02026
1403.79557,-0.02004
1402.37039,-0.01980
1400.94522,-0.01950
1399.52005,-0.01908
1398.09487,-0.01862
1396.66970,-0.01816
1395.24453,-0.01767
1393.81935,-0.01716
1392.39418,-0.01670
1390.96901,-0.01630
1389.54383,-0.01581
1388.11866,-0.01515
1386.69349,-0.01448
1385.26831,-0.01400
1383.84314,-0.01370
1382.41797,-0.01342
1380.99280,-0.01303
1379.56762,-0.01254
1378.14245,-0.01200
1376.71728,-0.01140
1375.29210,-0.01075
1373.86693,-0.01014
1372.44176,-0.00966
1371.01658,-0.00931
1369.59141,-0.00901
1368.16624,-0.00877
1366.74106,-0.00862
1365.31589,-0.00853
1363.89072,-0.00842
1362.46554,-0.00828
1361.04037,-0.00819
1359.61520,-0.00821
1358.19002,-0.00830
1356.76485,-0.00838
1355.33968,-0.00841
1353.91451,-0.00841
1352.48933,-0.00841
1351.06416,-0.00844
1349.63899,-0.00849
1348.21381,-0.00858
1346.78864,-0.00873
1345.36347,-0.00891
1343.93829,-0.00910
1342.51312,-0.00934
1341.08795,-0.00962
1339.66277,-0.00996
1338.23760,-0.01032
1336.81243,-0.01071
1335.38725,-0.01116
1333.96208,-0.01166
1332.53691,-0.01222
1331.11173,-0.01281
1329.68656,-0.01340
1328.26139,-0.01396
1326.83622,-0.01450
1325.41104,-0.01503
1323.98587,-0.01557
1322.56070,-0.01610
1321.13552,-0.01663
1319.71035,-0.01712
1318.28518,-0.01755
1316.86000,-0.01798
1315.43483,-0.01848
1314.00966,-0.01903
1312.58448,-0.01961
1311.15931,-0.02017
1309.73414,-0.02076
1308.30896,-0.02140
1306.88379,-0.02208
1305.45862,-0.02275
1304.03344,-0.02336
1302.60827,-0.02394
1301.18310,-0.02457
1299.75793,-0.02530
1298.33275,-0.02613
1296.90758,-0.02704
1295.48241,-0.02801
1294.05723,-0.02907
1292.63206,-0.03022
1291.20689,-0.03141
1289.78171,-0.03256
1288.35654,-0.03360
1286.93137,-0.03458
1285.50619,-0.03558
1284.08102,-0.03671
1282.65585,-0.03801
1281.23067,-0.03945
1279.80550,-0.04098
1278.38033,-0.04258
1276.95515,-0.04429
1275.52998,-0.04615
1274.10481,-0.04817
1272.67963,-0.05033
1271.25446,-0.05262
1269.82929,-0.05504
1268.40412,-0.05761
1266.97894,-0.06044
1265.55377,-0.06365
1264.12860,-0.06720
1262.70342,-0.07096
1261.27825,-0.07495
1259.85308,-0.07934
1258.42790,-0.08424
1257.00273,-0.08955
1255.57756,-0.09520
1254.15238,-0.10121
1252.72721,-0.10757
1251.30204,-0.11412
1249.87686,-0.12071
1248.45169,-0.12722
1247.02652,-0.13340
1245.60134,-0.13892
1244.17617,-0.14372
1242.75100,-0.14807
1241.32583,-0.15206
1239.90065,-0.15549
1238.47548,-0.15809
1237.05031,-0.15978
1235.62513,-0.16066
1234.19996,-0.16099
1232.77479,-0.16109
1231.34961,-0.16107
1229.92444,-0.16074
1228.49927,-0.16000
1227.07409,-0.15902
1225.64892,-0.15790
1224.22375,-0.15646
1222.79857,-0.15455
1221.37340,-0.15241
1219.94823,-0.15039
1218.52305,-0.14858
1217.09788,-0.14691
1215.67271,-0.14547
1214.24754,-0.14440
1212.82236,-0.14362
1211.39719,-0.14276
1209.97202,-0.14167
1208.54684,-0.14071
1207.12167,-0.14041
1205.69650,-0.14105
1204.27132,-0.14255
1202.84615,-0.14446
1201.42098,-0.14631
1199.99580,-0.14816
1198.57063,-0.15043
1197.14546,-0.15326
1195.72028,-0.15629
1194.29511,-0.15918
1192.86994,-0.16197
1191.44476,-0.16485
1190.01959,-0.16780
1188.59442,-0.17055
1187.16925,-0.17292
1185.74407,-0.17479
1184.31890,-0.17598
1182.89373,-0.17629
1181.46855,-0.17585
1180.04338,-0.17485
1178.61821,-0.17327
1177.19303,-0.17099
1175.76786,-0.16806
1174.34269,-0.16460
1172.91751,-0.16080
1171.49234,-0.15681
1170.06717,-0.15273
1168.64199,-0.14850
1167.21682,-0.14405
1165.79165,-0.13944
1164.36647,-0.13492
1162.94130,-0.13075
1161.51613,-0.12683
1160.09096,-0.12275
1158.66578,-0.11841
1157.24061,-0.11420
1155.81544,-0.11053
1154.39026,-0.10726
1152.96509,-0.10405
1151.53992,-0.10082
1150.11474,-0.09777
1148.68957,-0.09506
1147.26440,-0.09269
1145.83922,-0.09061
1144.41405,-0.08865
1142.98888,-0.08659
1141.56370,-0.08444
1140.13853,-0.08245
1138.71336,-0.08081
1137.28818,-0.07948
1135.86301,-0.07829
1134.43784,-0.07717
1133.01266,-0.07612
1131.58749,-0.07513
1130.16232,-0.07422
1128.73715,-0.07338
1127.31197,-0.07259
1125.88680,-0.07181
1124.46163,-0.07098
1123.03645,-0.07012
1121.61128,-0.06934
1120.18611,-0.06882
1118.76093,-0.06863
1117.33576,-0.06847
1115.91059,-0.06796
1114.48541,-0.06707
1113.06024,-0.06614
1111.63507,-0.06535
1110.20989,-0.06457
1108.78472,-0.06380
1107.35955,-0.06321
1105.93437,-0.06273
1104.50920,-0.06209
1103.08403,-0.06137
1101.65886,-0.06103
1100.23368,-0.06124
1098.80851,-0.06158
1097.38334,-0.06156
1095.95816,-0.06111
1094.53299,-0.06042
1093.10782,-0.05970
1091.68264,-0.05915
1090.25747,-0.05881
1088.83230,-0.05857
1087.40712,-0.05837
1085.98195,-0.05820
1084.55678,-0.05794
1083.13160,-0.05748
1081.70643,-0.05710
1080.28126,-0.05709
1078.85608,-0.05718
1077.43091,-0.05666
1076.00574,-0.05541
1074.58057,-0.05405
1073.15539,-0.05321
1071.73022,-0.05293
1070.30505,-0.05299
1068.87987,-0.05326
1067.45470,-0.05357
1066.02953,-0.05374
1064.60435,-0.05372
1063.17918,-0.05370
1061.75401,-0.05371
1060.32883,-0.05354
1058.90366,-0.05300
1057.47849,-0.05232
1056.05331,-0.05183
1054.62814,-0.05153
1053.20297,-0.05112
1051.77779,-0.05041
1050.35262,-0.04963
1048.92745,-0.04926
1047.50228,-0.04964
1046.07710,-0.05072
1044.65193,-0.05196
1043.22676,-0.05267
1041.80158,-0.05237
1040.37641,-0.05135
1038.95124,-0.05051
1037.52606,-0.05059
1036.10089,-0.05144
1034.67572,-0.05219
1033.25054,-0.05225
1031.82537,-0.05183
1030.40020,-0.05150
1028.97502,-0.05131
1027.54985,-0.05080
1026.12468,-0.04990
1024.69950,-0.04935
1023.27433,-0.04998
1021.84916,-0.05182
1020.42399,-0.05413
1018.99881,-0.05602
1017.57364,-0.05686
1016.14847,-0.05640
1014.72329,-0.05499
1013.29812,-0.05335
1011.87295,-0.05208
1010.44777,-0.05132
1009.02260,-0.05083
1007.59743,-0.05041
1006.17225,-0.05031
1004.74708,-0.05110
1003.32191,-0.05269
1001.89673,-0.05393
1000.47156,-0.05383
999.04639,-0.05263
997.62121,-0.05109
996.19604,-0.04926
994.77087,-0.04710
993.34569,-0.04575
991.92052,-0.04692
990.49535,-0.05109
989.07018,-0.05690
987.64500,-0.06232
986.21983,-0.06602
984.79466,-0.06765
983.36948,-0.06720
981.94431,-0.06515
980.51914,-0.06280
979.09396,-0.06120
977.66879,-0.05977
976.24362,-0.05738
974.81844,-0.05431
973.39327,-0.05236
971.96810,-0.05318
970.54292,-0.05649
969.11775,-0.05974
967.69258,-0.05973
966.26740,-0.05546
964.84223,-0.04911
963.41706,-0.04373
961.99189,-0.04053
960.56671,-0.03972
959.14154,-0.04243
957.71637,-0.04935
956.29119,-0.05830
954.86602,-0.06531
953.44085,-0.06717
952.01567,-0.06288
950.59050,-0.05464
949.16533,-0.04536
947.74015,-0.03540
946.31498,-0.02614
944.88981,-0.02485
943.46463,-0.03632
942.03946,-0.05110
940.61429,-0.05654
939.18911,-0.05597
937.76394,-0.06020
936.33877,-0.06434
934.91360,-0.05452
933.48842,-0.03506
932.06325,-0.03001
930.63808,-0.05238
929.21290,-0.07891
927.78773,-0.08547
926.36256,-0.08108
924.93738,-0.08605
923.51221,-0.09562
922.08704,-0.08110
920.66186,-0.02981
919.23669,0.03592
917.81152,0.08759
916.38634,0.10975
914.96117,0.10224
913.53600,0.07117
912.11082,-0.02124
910.68565,-0.17980
909.26048,-0.25372
907.83531,-0.25044
906.41013,-0.34084
904.98496,-0.35439
903.55979,-0.30947
902.13461,-0.18128
900.70944,-0.05064
899.28427,0.04940
897.85909,0.18470
896.43392,0.31092
895.00875,0.28524
893.58357,0.10983
892.15840,0.07265
890.73323,0.11407
889.30805,0.05048
887.88288,-0.12279
886.45771,-0.10192
885.03253,-0.03892
883.60736,0.17355
882.18219,0.38096
880.75701,0.58230
879.33184,0.56154
877.90667,0.45118
876.48150,0.11881
875.05632,-0.21478
873.63115,-0.32127
872.20598,-0.51180
870.78080,-0.36167
869.35563,-0.11355
867.93046,0.06837
866.50528,0.15515
865.08011,-0.08779
863.65494,0.51296
862.22976,0.68346
860.80459,0.52479
859.37942,0.45308
857.95424,0.42649
856.52907,0.52204
855.10390,0.31047
853.67872,-0.20790
852.25355,-0.14257
850.82838,0.18624
849.40321,0.04103
847.97803,-0.25999
846.55286,-0.24800
845.12769,-0.25050
843.70251,-0.01841
842.27734,0.04211
840.85217,0.08533
839.42699,0.18715
838.00182,0.26920
836.57665,0.10341
835.15147,-0.00162
833.72630,-0.00115
832.30113,0.34049
830.87595,0.47602
829.45078,0.16668
828.02561,0.00383
826.60043,0.02813
825.17526,0.06137
823.75009,0.12703
822.32492,0.22429
820.89974,-0.02252
819.47457,-0.54473
818.04940,-0.13035
816.62422,0.10929
815.19905,0.01234
813.77388,-0.13417
812.34870,0.15590
810.92353,0.61515
809.49836,0.19849
808.07318,0.23129
806.64801,0.23872
805.22284,0.09959
803.79766,0.17183
802.37249,0.39642
800.94732,0.04436
799.52214,-0.13928
798.09697,-0.13206
796.67180,0.08165
795.24663,0.19175
793.82145,-0.04899
792.39628,-0.33176
790.97111,-0.47915
789.54593,-0.35036
788.12076,-0.14938
786.69559,0.05567
785.27041,0.04383
783.84524,0.15620
782.42007,0.17978
780.99489,0.02819
779.56972,-0.39299
778.14455,-0.45978
776.71937,-0.32590
775.29420,-0.37817
773.86903,-0.44441
772.44385,-0.24425
771.01868,0.07793
769.59351,0.31844
768.16834,-0.10574
766.74316,-0.59762
765.31799,-0.64179
763.89282,-0.32703
762.46764,-0.30191
761.04247,-0.35292
759.61730,-0.20073
758.19212,-0.05564
756.76695,0.07620
755.34178,-0.00032
753.91660,-0.14443
752.49143,-0.13499
751.06626,-0.14930
749.64108,-0.22816
748.21591,-0.08218
746.79074,0.01516
745.36556,-0.03748
743.94039,0.07513
742.51522,0.21758
741.09004,0.21992
739.66487,0.27837
738.23970,0.09550
736.81453,0.04477
735.38935,-0.04428
733.96418,-0.22007
732.53901,-0.29932
731.11383,-0.17100
729.68866,-0.05580
728.26349,0.00160
726.83831,0.10224
725.41314,0.26267
723.98797,0.00707
722.56279,0.11773
721.13762,0.03908
719.71245,-0.23054
718.28727,-0.36683
716.86210,-0.17518
715.43693,-0.00424
714.01175,0.10179
712.58658,0.14701
711.16141,0.13512
709.73624,0.19832
708.31106,0.25902
706.88589,0.19084
705.46072,0.16390
704.03554,0.14626
702.61037,0.75363
701.18520,0.84550
699.76002,0.51615
698.33485,0.20169
696.90968,0.05662
695.48450,0.09571
694.05933,0.31934
692.63416,0.44780
691.20898,0.27691
689.78381,0.06186
688.35864,-0.43255
686.93346,-0.42548
685.50829,-0.28449
684.08312,-0.19445
682.65795,-0.18170
681.23277,-0.42894
679.80760,-0.49028
678.38243,-0.28785
676.95725,-0.14634
675.53208,-0.06450
674.10691,-0.05149
672.68173,-0.09288
671.25656,-0.12650
669.83139,-0.03851
668.40621,0.17755
666.98104,0.42215
665.55587,0.32504
664.13069,0.07968
662.70552,-0.03179
661.28035,-0.06260
659.85517,-0.06021
658.43000,-0.04714
657.00483,0.00992
655.57966,0.04945
654.15448,-0.01885
652.72931,0.02115
651.30414,-0.11682
649.87896,-0.28510
648.45379,-0.38963
647.02862,-0.34457
645.60344,-0.19111
644.17827,-0.07195
642.75310,-0.12415
641.32792,-0.24211
639.90275,-0.17142
638.47758,-0.11302
637.05240,-0.01205
635.62723,-0.02835
634.20206,-0.12892
632.77688,0.01283
631.35171,0.10271
629.92654,0.01052
628.50137,-0.19390
627.07619,-0.04534
625.65102,0.05790
624.22585,0.00456
622.80067,0.07973
621.37550,0.12127
619.95033,-0.18572
618.52515,-0.55422
617.09998,-0.02477
615.67481,0.07166
614.24963,0.07546
612.82446,0.22485
611.39929,0.39367
609.97411,0.16942
608.54894,-0.00274
607.12377,-0.13488
605.69859,-0.23861
604.27342,-0.36173
602.84825,-0.31107
601.42307,-0.21670
599.99790,0.03485
598.57273,0.20193
597.14756,0.00740
595.72238,-0.17938
594.29721,-0.19178
592.87204,-0.19222
591.44686,-0.21735
590.02169,-0.19881
588.59652,-0.05150
587.17134,0.27872
585.74617,0.11100
584.32100,-0.17725
582.89582,-0.10950
581.47065,0.12086
580.04548,0.24632
578.62030,0.28368
577.19513,0.43968
575.76996,0.35922
574.34478,0.02742
572.91961,-0.32249
571.49444,-0.31698
570.06927,-0.00911
568.64409,0.10284
567.21892,0.00750
565.79375,-0.19789
564.36857,-0.43102
562.94340,-0.49151
561.51823,-0.43824
560.09305,-0.45035
558.66788,-0.50929
557.24271,-0.39089
555.81753,-0.30117
554.39236,-0.21964
552.96719,-0.04312
551.54201,0.04435
550.11684,0.01622
548.69167,-0.01043
547.26649,-0.00722
545.84132,0.22236
544.41615,0.29403
542.99098,0.17306
541.56580,0.19319
540.14063,0.27593
538.71546,0.21067
537.29028,0.25907
535.86511,0.25679
534.43994,0.08388
533.01476,-0.07487
531.58959,-0.11989
530.16442,-0.17337
528.73924,-0.31092
527.31407,-0.40779
525.88890,-0.14833
524.46372,0.06530
523.03855,0.18948
521.61338,0.18834
520.18820,0.00792
518.76303,-0.23642
517.33786,-0.20217
515.91269,-0.18019
514.48751,-0.15675
513.06234,-0.11537
511.63717,-0.16864
510.21199,-0.29134
508.78682,-0.16170
507.36165,-0.14549
505.93647,-0.04207
504.51130,0.02461
503.08613,-0.00247
501.66095,-0.09207
500.23578,-0.17686
498.81061,-0.14100
497.38543,-0.02653
495.96026,-0.01151
494.53509,-0.25231
493.10991,-0.23607
491.68474,-0.10986
490.25957,-0.03316
488.83440,0.00259
487.40922,0.01792
485.98405,0.05656
484.55888,0.04960
483.13370,-0.02425
481.70853,0.02655
480.28336,0.06760
478.85818,0.02340
477.43301,-0.10347
476.00784,-0.13357
474.58266,-0.03576
473.15749,0.06870
471.73232,0.23149
470.30714,0.41743
468.88197,0.51386
467.45680,0.32257
466.03162,0.12491
464.60645,0.29032
463.18128,0.33978
461.75610,0.06339
460.33093,-0.11793
458.90576,-0.12709
457.48059,-0.21288
456.05541,-0.33724
454.63024,-0.25616
453.20507,0.09279
451.77989,0.03717
450.35472,-0.04420
448.92955,-0.10424
447.50437,-0.20240
446.07920,-0.18016
444.65403,-0.23885
443.22885,-0.32856
441.80368,-0.29515
440.37851,-0.15782
438.95333,-0.06427
437.52816,0.03626
436.10299,0.19168
434.67781,-0.02140
433.25264,-0.20189
431.82747,-0.25093
430.40230,-0.25771
428.97712,-0.14750
427.55195,-0.06753
426.12678,-0.02997
424.70160,0.08354
423.27643,0.17569
421.85126,-0.13910
420.42608,-0.42135
419.00091,-0.33103
417.57574,-0.16717
416.15056,-0.13497
414.72539,-0.14037
413.30022,0.14386
411.87504,0.31558
410.44987,0.17134
409.02470,0.01508
407.59952,0.06797
406.17435,-0.04661
404.74918,-0.18071
403.32401,-0.18371
401.89883,-0.13198
400.47366,-0.10876
399.04849,-0.07533
