3997.61072,0.00267
3996.18555,0.00279
3994.76038,0.00289
3993.33520,0.00291
3991.91003,0.00286
3990.48486,0.00279
3989.05968,0.00274
3987.63451,0.00271
3986.20934,0.00269
3984.78416,0.00268
3983.35899,0.00265
3981.93382,0.00262
3980.50865,0.00259
3979.08347,0.00260
3977.65830,0.00263
3976.23313,0.00263
3974.80795,0.00260
3973.38278,0.00258
3971.95761,0.00257
3970.53243,0.00254
3969.10726,0.00247
3967.68209,0.00240
3966.25691,0.00236
3964.83174,0.00237
3963.40657,0.00237
3961.98139,0.00236
3960.55622,0.00232
3959.13105,0.00230
3957.70587,0.00231
3956.28070,0.00232
3954.85553,0.00231
3953.43036,0.00225
3952.00518,0.00217
3950.58001,0.00207
3949.15484,0.00199
3947.72966,0.00192
3946.30449,0.00182
3944.87932,0.00168
3943.45414,0.00153
3942.02897,0.00141
3940.60380,0.00135
3939.17862,0.00133
3937.75345,0.00130
3936.32828,0.00121
3934.90310,0.00109
3933.47793,0.00095
3932.05276,0.00079
3930.62758,0.00061
3929.20241,0.00044
3927.77724,0.00031
3926.35207,0.00018
3924.92689,-0.00001
3923.50172,-0.00028
3922.07655,-0.00055
3920.65137,-0.00077
3919.22620,-0.00093
3917.80103,-0.00110
3916.37585,-0.00133
3914.95068,-0.00159
3913.52551,-0.00186
3912.10033,-0.00211
3910.67516,-0.00237
3909.24999,-0.00262
3907.82481,-0.00283
3906.39964,-0.00299
3904.97447,-0.00314
3903.54929,-0.00333
3902.12412,-0.00354
3900.69895,-0.00372
3899.27378,-0.00388
3897.84860,-0.00409
3896.42343,-0.00435
3894.99826,-0.00465
3893.57308,-0.00491
3892.14791,-0.00508
3890.72274,-0.00517
3889.29756,-0.00526
3887.87239,-0.00534
3886.44722,-0.00539
3885.02204,-0.00544
3883.59687,-0.00558
3882.17170,-0.00573
3880.74652,-0.00582
3879.32135,-0.00593
3877.89618,-0.00611
3876.47100,-0.00627
3875.04583,-0.00633
3873.62066,-0.00630
3872.19548,-0.00627
3870.77031,-0.00624
3869.34514,-0.00622
3867.91997,-0.00622
3866.49479,-0.00626
3865.06962,-0.00632
3863.64445,-0.00643
3862.21927,-0.00656
3860.79410,-0.00669
3859.36893,-0.00680
3857.94375,-0.00689
3856.51858,-0.00689
3855.09341,-0.00666
3853.66823,-0.00628
3852.24306,-0.00612
3850.81789,-0.00623
3849.39271,-0.00639
3847.96754,-0.00645
3846.54237,-0.00644
3845.11719,-0.00641
3843.69202,-0.00641
3842.26685,-0.00643
3840.84168,-0.00639
3839.41650,-0.00623
3837.99133,-0.00600
3836.56616,-0.00587
3835.14098,-0.00590
3833.71581,-0.00596
3832.29064,-0.00596
3830.86546,-0.00591
3829.44029,-0.00584
3828.01512,-0.00576
3826.58994,-0.00570
3825.16477,-0.00568
3823.73960,-0.00566
3822.31442,-0.00549
3820.88925,-0.00522
3819.46408,-0.00504
3818.03890,-0.00496
3816.61373,-0.00485
3815.18856,-0.00471
3813.76339,-0.00462
3812.33821,-0.00455
3810.91304,-0.00445
3809.48787,-0.00429
3808.06269,-0.00405
3806.63752,-0.00379
3805.21235,-0.00362
3803.78717,-0.00349
3802.36200,-0.00334
3800.93683,-0.00319
3799.51165,-0.00309
3798.08648,-0.00302
3796.66131,-0.00293
3795.23613,-0.00282
3793.81096,-0.00273
3792.38579,-0.00263
3790.96061,-0.00249
3789.53544,-0.00235
3788.11027,-0.00225
3786.68510,-0.00218
3785.25992,-0.00212
3783.83475,-0.00205
3782.40958,-0.00196
3780.98440,-0.00178
3779.55923,-0.00155
3778.13406,-0.00136
3776.70888,-0.00130
3775.28371,-0.00130
3773.85854,-0.00127
3772.43336,-0.00119
3771.00819,-0.00108
3769.58302,-0.00103
3768.15784,-0.00106
3766.73267,-0.00115
3765.30750,-0.00122
3763.88232,-0.00124
3762.45715,-0.00119
3761.03198,-0.00111
3759.60681,-0.00103
3758.18163,-0.00099
3756.75646,-0.00102
3755.33129,-0.00110
3753.90611,-0.00119
3752.48094,-0.00123
3751.05577,-0.00118
3749.63059,-0.00113
3748.20542,-0.00115
3746.78025,-0.00120
3745.35507,-0.00121
3743.92990,-0.00121
3742.50473,-0.00131
3741.07955,-0.00150
3739.65438,-0.00167
3738.22921,-0.00176
3736.80403,-0.00169
3735.37886,-0.00149
3733.95369,-0.00132
3732.52851,-0.00126
3731.10334,-0.00127
3729.67817,-0.00132
3728.25300,-0.00137
3726.82782,-0.00141
3725.40265,-0.00142
3723.97748,-0.00139
3722.55230,-0.00135
3721.12713,-0.00132
3719.70196,-0.00131
3718.27678,-0.00131
3716.85161,-0.00137
3715.42644,-0.00149
3714.00126,-0.00158
3712.57609,-0.00152
3711.15092,-0.00130
3709.72574,-0.00112
3708.30057,-0.00110
3706.87540,-0.00118
3705.45022,-0.00128
3704.02505,-0.00131
3702.59988,-0.00126
3701.17471,-0.00120
3699.74953,-0.00119
3698.32436,-0.00121
3696.89919,-0.00122
3695.47401,-0.00122
3694.04884,-0.00125
3692.62367,-0.00131
3691.19849,-0.00135
3689.77332,-0.00136
3688.34815,-0.00142
3686.92297,-0.00157
3685.49780,-0.00178
3684.07263,-0.00198
3682.64745,-0.00215
3681.22228,-0.00230
3679.79711,-0.00244
3678.37193,-0.00259
3676.94676,-0.00272
3675.52159,-0.00289
3674.09642,-0.00313
3672.67124,-0.00339
3671.24607,-0.00361
3669.82090,-0.00379
3668.39572,-0.00402
3666.97055,-0.00436
3665.54538,-0.00475
3664.12020,-0.00515
3662.69503,-0.00553
3661.26986,-0.00588
3659.84468,-0.00625
3658.41951,-0.00664
3656.99434,-0.00707
3655.56916,-0.00749
3654.14399,-0.00787
3652.71882,-0.00824
3651.29364,-0.00867
3649.86847,-0.00918
3648.44330,-0.00975
3647.01813,-0.01032
3645.59295,-0.01086
3644.16778,-0.01140
3642.74261,-0.01194
3641.31743,-0.01248
3639.89226,-0.01303
3638.46709,-0.01361
3637.04191,-0.01422
3635.61674,-0.01486
3634.19157,-0.01554
3632.76639,-0.01622
3631.34122,-0.01686
3629.91605,-0.01738
3628.49087,-0.01782
3627.06570,-0.01834
3625.64053,-0.01902
3624.21535,-0.01981
3622.79018,-0.02060
3621.36501,-0.02135
3619.93984,-0.02204
3618.51466,-0.02268
3617.08949,-0.02331
3615.66432,-0.02390
3614.23914,-0.02443
3612.81397,-0.02493
3611.38880,-0.02547
3609.96362,-0.02608
3608.53845,-0.02671
3607.11328,-0.02735
3605.68810,-0.02804
3604.26293,-0.02875
3602.83776,-0.02944
3601.41258,-0.03006
3599.98741,-0.03068
3598.56224,-0.03133
3597.13706,-0.03197
3595.71189,-0.03257
3594.28672,-0.03314
3592.86154,-0.03380
3591.43637,-0.03459
3590.01120,-0.03545
3588.58603,-0.03621
3587.16085,-0.03680
3585.73568,-0.03737
3584.31051,-0.03803
3582.88533,-0.03877
3581.46016,-0.03958
3580.03499,-0.04041
3578.60981,-0.04120
3577.18464,-0.04193
3575.75947,-0.04270
3574.33429,-0.04358
3572.90912,-0.04461
3571.48395,-0.04574
3570.05877,-0.04681
3568.63360,-0.04765
3567.20843,-0.04828
3565.78325,-0.04899
3564.35808,-0.04996
3562.93291,-0.05115
3561.50774,-0.05239
3560.08256,-0.05356
3558.65739,-0.05467
3557.23222,-0.05581
3555.80704,-0.05703
3554.38187,-0.05824
3552.95670,-0.05937
3551.53152,-0.06042
3550.10635,-0.06151
3548.68118,-0.06270
3547.25600,-0.06394
3545.83083,-0.06516
3544.40566,-0.06635
3542.98048,-0.06752
3541.55531,-0.06881
3540.13014,-0.07023
3538.70496,-0.07162
3537.27979,-0.07286
3535.85462,-0.07401
3534.42945,-0.07519
3533.00427,-0.07638
3531.57910,-0.07760
3530.15393,-0.07884
3528.72875,-0.08009
3527.30358,-0.08135
3525.87841,-0.08263
3524.45323,-0.08392
3523.02806,-0.08522
3521.60289,-0.08650
3520.17771,-0.08772
3518.75254,-0.08886
3517.32737,-0.08988
3515.90219,-0.09084
3514.47702,-0.09182
3513.05185,-0.09286
3511.62667,-0.09391
3510.20150,-0.09492
3508.77633,-0.09589
3507.35116,-0.09680
3505.92598,-0.09768
3504.50081,-0.09863
3503.07564,-0.09970
3501.65046,-0.10083
3500.22529,-0.10188
3498.80012,-0.10278
3497.37494,-0.10359
3495.94977,-0.10454
3494.52460,-0.10572
3493.09942,-0.10699
3491.67425,-0.10809
3490.24908,-0.10893
3488.82390,-0.10959
3487.39873,-0.11032
3485.97356,-0.11129
3484.54838,-0.11238
3483.12321,-0.11329
3481.69804,-0.11388
3480.27287,-0.11434
3478.84769,-0.11491
3477.42252,-0.11569
3475.99735,-0.11662
3474.57217,-0.11759
3473.14700,-0.11857
3471.72183,-0.11951
3470.29665,-0.12031
3468.87148,-0.12095
3467.44631,-0.12154
3466.02113,-0.12227
3464.59596,-0.12320
3463.17079,-0.12419
3461.74561,-0.12510
3460.32044,-0.12598
3458.89527,-0.12680
3457.47009,-0.12745
3456.04492,-0.12798
3454.61975,-0.12857
3453.19457,-0.12932
3451.76940,-0.13011
3450.34423,-0.13077
3448.91906,-0.13120
3447.49388,-0.13147
3446.06871,-0.13179
3444.64354,-0.13228
3443.21836,-0.13277
3441.79319,-0.13302
3440.36802,-0.13298
3438.94284,-0.13280
3437.51767,-0.13270
3436.09250,-0.13273
3434.66732,-0.13282
3433.24215,-0.13288
3431.81698,-0.13288
3430.39180,-0.13282
3428.96663,-0.13270
3427.54146,-0.13253
3426.11628,-0.13239
3424.69111,-0.13229
3423.26594,-0.13204
3421.84077,-0.13146
3420.41559,-0.13068
3418.99042,-0.12993
3417.56525,-0.12920
3416.14007,-0.12836
3414.71490,-0.12747
3413.28973,-0.12667
3411.86455,-0.12594
3410.43938,-0.12514
3409.01421,-0.12419
3407.58903,-0.12312
3406.16386,-0.12197
3404.73869,-0.12082
3403.31351,-0.11977
3401.88834,-0.11888
3400.46317,-0.11803
3399.03799,-0.11705
3397.61282,-0.11590
3396.18765,-0.11465
3394.76248,-0.11339
3393.33730,-0.11216
3391.91213,-0.11109
3390.48696,-0.11030
3389.06178,-0.10962
3387.63661,-0.10876
3386.21144,-0.10754
3384.78626,-0.10609
3383.36109,-0.10466
3381.93592,-0.10344
3380.51074,-0.10241
3379.08557,-0.10142
3377.66040,-0.10029
3376.23522,-0.09900
3374.81005,-0.09767
3373.38488,-0.09641
3371.95970,-0.09521
3370.53453,-0.09404
3369.10936,-0.09296
3367.68419,-0.09213
3366.25901,-0.09157
3364.83384,-0.09103
3363.40867,-0.09022
3361.98349,-0.08912
3360.55832,-0.08797
3359.13315,-0.08693
3357.70797,-0.08600
3356.28280,-0.08509
3354.85763,-0.08411
3353.43245,-0.08306
3352.00728,-0.08200
3350.58211,-0.08101
3349.15693,-0.08008
3347.73176,-0.07914
3346.30659,-0.07817
3344.88141,-0.07718
3343.45624,-0.07618
3342.03107,-0.07517
3340.60590,-0.07419
3339.18072,-0.07327
3337.75555,-0.07241
3336.33038,-0.07152
3334.90520,-0.07058
3333.48003,-0.06957
3332.05486,-0.06852
3330.62968,-0.06742
3329.20451,-0.06632
3327.77934,-0.06528
3326.35416,-0.06436
3324.92899,-0.06354
3323.50382,-0.06273
3322.07864,-0.06183
3320.65347,-0.06083
3319.22830,-0.05975
3317.80312,-0.05864
3316.37795,-0.05757
3314.95278,-0.05654
3313.52760,-0.05552
3312.10243,-0.05448
3310.67726,-0.05342
3309.25209,-0.05237
3307.82691,-0.05133
3306.40174,-0.05033
3304.97657,-0.04940
3303.55139,-0.04853
3302.12622,-0.04771
3300.70105,-0.04689
3299.27587,-0.04604
3297.85070,-0.04519
3296.42553,-0.04435
3295.00035,-0.04348
3293.57518,-0.04256
3292.15001,-0.04166
3290.72483,-0.04086
3289.29966,-0.04011
3287.87449,-0.03936
3286.44931,-0.03865
3285.02414,-0.03801
3283.59897,-0.03744
3282.17380,-0.03685
3280.74862,-0.03620
3279.32345,-0.03550
3277.89828,-0.03483
3276.47310,-0.03423
3275.04793,-0.03371
3273.62276,-0.03319
3272.19758,-0.03265
3270.77241,-0.03213
3269.34724,-0.03170
3267.92206,-0.03135
3266.49689,-0.03107
3265.07172,-0.03078
3263.64654,-0.03043
3262.22137,-0.02999
3260.79620,-0.02949
3259.37102,-0.02903
3257.94585,-0.02865
3256.52068,-0.02832
3255.09551,-0.02799
3253.67033,-0.02763
3252.24516,-0.02728
3250.81999,-0.02694
3249.39481,-0.02661
3247.96964,-0.02632
3246.54447,-0.02607
3245.11929,-0.02586
3243.69412,-0.02566
3242.26895,-0.02544
3240.84377,-0.02518
3239.41860,-0.02488
3237.99343,-0.02455
3236.56825,-0.02420
3235.14308,-0.02387
3233.71791,-0.02359
3232.29273,-0.02337
3230.86756,-0.02315
3229.44239,-0.02291
3228.01722,-0.02264
3226.59204,-0.02238
3225.16687,-0.02212
3223.74170,-0.02183
3222.31652,-0.02153
3220.89135,-0.02122
3219.46618,-0.02092
3218.04100,-0.02061
3216.61583,-0.02030
3215.19066,-0.02000
3213.76548,-0.01973
3212.34031,-0.01948
3210.91514,-0.01919
3209.48996,-0.01885
3208.06479,-0.01850
3206.63962,-0.01816
3205.21444,-0.01781
3203.78927,-0.01745
3202.36410,-0.01710
3200.93893,-0.01674
3199.51375,-0.01638
3198.08858,-0.01602
3196.66341,-0.01572
3195.23823,-0.01548
3193.81306,-0.01525
3192.38789,-0.01497
3190.96271,-0.01462
3189.53754,-0.01426
3188.11237,-0.01392
3186.68719,-0.01359
3185.26202,-0.01326
3183.83685,-0.01290
3182.41167,-0.01253
3180.98650,-0.01218
3179.56133,-0.01188
3178.13615,-0.01164
3176.71098,-0.01144
3175.28581,-0.01124
3173.86063,-0.01102
3172.43546,-0.01080
3171.01029,-0.01061
3169.58512,-0.01047
3168.15994,-0.01033
3166.73477,-0.01020
3165.30960,-0.01008
3163.88442,-0.00999
3162.45925,-0.00991
3161.03408,-0.00984
3159.60890,-0.00977
3158.18373,-0.00970
3156.75856,-0.00965
3155.33338,-0.00963
3153.90821,-0.00965
3152.48304,-0.00969
3151.05786,-0.00972
3149.63269,-0.00974
3148.20752,-0.00976
3146.78234,-0.00978
3145.35717,-0.00977
3143.93200,-0.00972
3142.50683,-0.00967
3141.08165,-0.00966
3139.65648,-0.00968
3138.23131,-0.00971
3136.80613,-0.00972
3135.38096,-0.00970
3133.95579,-0.00967
3132.53061,-0.00963
3131.10544,-0.00961
3129.68027,-0.00958
3128.25509,-0.00956
3126.82992,-0.00950
3125.40475,-0.00941
3123.97957,-0.00930
3122.55440,-0.00920
3121.12923,-0.00912
3119.70405,-0.00901
3118.27888,-0.00888
3116.85371,-0.00874
3115.42854,-0.00861
3114.00336,-0.00848
3112.57819,-0.00833
3111.15302,-0.00815
3109.72784,-0.00794
3108.30267,-0.00774
3106.87750,-0.00759
3105.45232,-0.00749
3104.02715,-0.00740
3102.60198,-0.00728
3101.17680,-0.00714
3099.75163,-0.00699
3098.32646,-0.00684
3096.90128,-0.00668
3095.47611,-0.00654
3094.05094,-0.00643
3092.62576,-0.00637
3091.20059,-0.00632
3089.77542,-0.00627
3088.35025,-0.00618
3086.92507,-0.00607
3085.49990,-0.00596
3084.07473,-0.00588
3082.64955,-0.00582
3081.22438,-0.00577
3079.79921,-0.00576
3078.37403,-0.00575
3076.94886,-0.00574
3075.52369,-0.00570
3074.09851,-0.00565
3072.67334,-0.00559
3071.24817,-0.00556
3069.82299,-0.00557
3068.39782,-0.00556
3066.97265,-0.00549
3065.54747,-0.00541
3064.12230,-0.00535
3062.69713,-0.00533
3061.27196,-0.00534
3059.84678,-0.00539
3058.42161,-0.00548
3056.99644,-0.00557
3055.57126,-0.00565
3054.14609,-0.00570
3052.72092,-0.00573
3051.29574,-0.00578
3049.87057,-0.00587
3048.44540,-0.00596
3047.02022,-0.00602
3045.59505,-0.00605
3044.16988,-0.00606
3042.74470,-0.00609
3041.31953,-0.00616
3039.89436,-0.00627
3038.46918,-0.00638
3037.04401,-0.00649
3035.61884,-0.00662
3034.19366,-0.00677
3032.76849,-0.00689
3031.34332,-0.00698
3029.91815,-0.00706
3028.49297,-0.00718
3027.06780,-0.00736
3025.64263,-0.00754
3024.21745,-0.00768
3022.79228,-0.00777
3021.36711,-0.00784
3019.94193,-0.00792
3018.51676,-0.00800
3017.09159,-0.00807
3015.66641,-0.00811
3014.24124,-0.00811
3012.81607,-0.00808
3011.39089,-0.00802
3009.96572,-0.00795
3008.54055,-0.00789
3007.11537,-0.00784
3005.69020,-0.00776
3004.26503,-0.00762
3002.83986,-0.00745
3001.41468,-0.00724
2999.98951,-0.00702
2998.56434,-0.00682
2997.13916,-0.00667
2995.71399,-0.00651
2994.28882,-0.00630
2992.86364,-0.00606
2991.43847,-0.00584
2990.01330,-0.00560
2988.58812,-0.00533
2987.16295,-0.00503
2985.73778,-0.00470
2984.31260,-0.00431
2982.88743,-0.00387
2981.46226,-0.00341
2980.03708,-0.00299
2978.61191,-0.00261
2977.18674,-0.00227
2975.76157,-0.00196
2974.33639,-0.00167
2972.91122,-0.00139
2971.48605,-0.00114
2970.06087,-0.00093
2968.63570,-0.00079
2967.21053,-0.00070
2965.78535,-0.00067
2964.36018,-0.00071
2962.93501,-0.00084
2961.50983,-0.00108
2960.08466,-0.00147
2958.65949,-0.00193
2957.23431,-0.00241
2955.80914,-0.00290
2954.38397,-0.00342
2952.95879,-0.00394
2951.53362,-0.00442
2950.10845,-0.00487
2948.68328,-0.00530
2947.25810,-0.00567
2945.83293,-0.00595
2944.40776,-0.00615
2942.98258,-0.00632
2941.55741,-0.00649
2940.13224,-0.00664
2938.70706,-0.00678
2937.28189,-0.00694
2935.85672,-0.00712
2934.43154,-0.00734
2933.00637,-0.00757
2931.58120,-0.00780
2930.15602,-0.00802
2928.73085,-0.00824
2927.30568,-0.00847
2925.88050,-0.00871
2924.45533,-0.00896
2923.03016,-0.00919
2921.60498,-0.00941
2920.17981,-0.00964
2918.75464,-0.00986
2917.32947,-0.01007
2915.90429,-0.01024
2914.47912,-0.01039
2913.05395,-0.01054
2911.62877,-0.01069
2910.20360,-0.01084
2908.77843,-0.01099
2907.35325,-0.01113
2905.92808,-0.01126
2904.50291,-0.01138
2903.07773,-0.01150
2901.65256,-0.01158
2900.22739,-0.01161
2898.80221,-0.01159
2897.37704,-0.01152
2895.95187,-0.01142
2894.52669,-0.01132
2893.10152,-0.01124
2891.67635,-0.01118
2890.25118,-0.01113
2888.82600,-0.01106
2887.40083,-0.01090
2885.97566,-0.01065
2884.55048,-0.01036
2883.12531,-0.01010
2881.70014,-0.00991
2880.27496,-0.00980
2878.84979,-0.00971
2877.42462,-0.00963
2875.99944,-0.00955
2874.57427,-0.00949
2873.14910,-0.00949
2871.72392,-0.00957
2870.29875,-0.00972
2868.87358,-0.00993
2867.44840,-0.01015
2866.02323,-0.01039
2864.59806,-0.01066
2863.17289,-0.01099
2861.74771,-0.01135
2860.32254,-0.01171
2858.89737,-0.01203
2857.47219,-0.01235
2856.04702,-0.01271
2854.62185,-0.01311
2853.19667,-0.01352
2851.77150,-0.01389
2850.34633,-0.01425
2848.92115,-0.01463
2847.49598,-0.01504
2846.07081,-0.01547
2844.64563,-0.01590
2843.22046,-0.01629
2841.79529,-0.01664
2840.37011,-0.01698
2838.94494,-0.01734
2837.51977,-0.01772
2836.09460,-0.01808
2834.66942,-0.01840
2833.24425,-0.01869
2831.81908,-0.01898
2830.39390,-0.01927
2828.96873,-0.01957
2827.54356,-0.01990
2826.11838,-0.02020
2824.69321,-0.02046
2823.26804,-0.02072
2821.84286,-0.02102
2820.41769,-0.02139
2818.99252,-0.02179
2817.56734,-0.02219
2816.14217,-0.02259
2814.71700,-0.02301
2813.29182,-0.02345
2811.86665,-0.02390
2810.44148,-0.02437
2809.01631,-0.02487
2807.59113,-0.02535
2806.16596,-0.02584
2804.74079,-0.02632
2803.31561,-0.02681
2801.89044,-0.02728
2800.46527,-0.02775
2799.04009,-0.02822
2797.61492,-0.02872
2796.18975,-0.02928
2794.76457,-0.02986
2793.33940,-0.03046
2791.91423,-0.03107
2790.48905,-0.03176
2789.06388,-0.03256
2787.63871,-0.03341
2786.21353,-0.03427
2784.78836,-0.03520
2783.36319,-0.03632
2781.93801,-0.03768
2780.51284,-0.03921
2779.08767,-0.04084
2777.66250,-0.04260
2776.23732,-0.04460
2774.81215,-0.04690
2773.38698,-0.04950
2771.96180,-0.05235
2770.53663,-0.05550
2769.11146,-0.05898
2767.68628,-0.06285
2766.26111,-0.06709
2764.83594,-0.07172
2763.41076,-0.07682
2761.98559,-0.08249
2760.56042,-0.08884
2759.13524,-0.09597
2757.71007,-0.10396
2756.28490,-0.11290
2754.85972,-0.12287
2753.43455,-0.13394
2752.00938,-0.14616
2750.58421,-0.15965
2749.15903,-0.17446
2747.73386,-0.19055
2746.30869,-0.20785
2744.88351,-0.22622
2743.45834,-0.24541
2742.03317,-0.26505
2740.60799,-0.28477
2739.18282,-0.30422
2737.75765,-0.32313
2736.33247,-0.34120
2734.90730,-0.35782
2733.48213,-0.37222
2732.05695,-0.38415
2730.63178,-0.39400
2729.20661,-0.40216
2727.78143,-0.40867
2726.35626,-0.41349
2724.93109,-0.41681
2723.50592,-0.41906
2722.08074,-0.42061
2720.65557,-0.42154
2719.23040,-0.42157
2717.80522,-0.42061
2716.38005,-0.41893
2714.95488,-0.41701
2713.52970,-0.41504
2712.10453,-0.41278
2710.67936,-0.40998
2709.25418,-0.40690
2707.82901,-0.40401
2706.40384,-0.40137
2704.97866,-0.39861
2703.55349,-0.39554
2702.12832,-0.39228
2700.70314,-0.38890
2699.27797,-0.38525
2697.85280,-0.38146
2696.42763,-0.37799
2695.00245,-0.37509
2693.57728,-0.37245
2692.15211,-0.36952
2690.72693,-0.36614
2689.30176,-0.36258
2687.87659,-0.35925
2686.45141,-0.35618
2685.02624,-0.35293
2683.60107,-0.34926
2682.17589,-0.34560
2680.75072,-0.34265
2679.32555,-0.34064
2677.90037,-0.33913
2676.47520,-0.33756
2675.05003,-0.33576
2673.62485,-0.33390
2672.19968,-0.33218
2670.77451,-0.33062
2669.34934,-0.32915
2667.92416,-0.32769
2666.49899,-0.32618
2665.07382,-0.32484
2663.64864,-0.32421
2662.22347,-0.32467
2660.79830,-0.32585
2659.37312,-0.32691
2657.94795,-0.32745
2656.52278,-0.32776
2655.09760,-0.32835
2653.67243,-0.32939
2652.24726,-0.33070
2650.82208,-0.33197
2649.39691,-0.33297
2647.97174,-0.33377
2646.54656,-0.33467
2645.12139,-0.33594
2643.69622,-0.33750
2642.27104,-0.33911
2640.84587,-0.34058
2639.42070,-0.34197
2637.99553,-0.34343
2636.57035,-0.34502
2635.14518,-0.34674
2633.72001,-0.34851
2632.29483,-0.35022
2630.86966,-0.35167
2629.44449,-0.35265
2628.01931,-0.35316
2626.59414,-0.35346
2625.16897,-0.35373
2623.74379,-0.35394
2622.31862,-0.35396
2620.89345,-0.35387
2619.46827,-0.35389
2618.04310,-0.35406
2616.61793,-0.35419
2615.19275,-0.35386
2613.76758,-0.35292
2612.34241,-0.35174
2610.91724,-0.35075
2609.49206,-0.34986
2608.06689,-0.34856
2606.64172,-0.34665
2605.21654,-0.34440
2603.79137,-0.34208
2602.36620,-0.33979
2600.94102,-0.33749
2599.51585,-0.33498
2598.09068,-0.33210
2596.66550,-0.32906
2595.24033,-0.32627
2593.81516,-0.32384
2592.38998,-0.32156
2590.96481,-0.31924
2589.53964,-0.31689
2588.11446,-0.31452
2586.68929,-0.31206
2585.26412,-0.30946
2583.83895,-0.30672
2582.41377,-0.30401
2580.98860,-0.30165
2579.56343,-0.29970
2578.13825,-0.29794
2576.71308,-0.29622
2575.28791,-0.29469
2573.86273,-0.29356
2572.43756,-0.29278
2571.01239,-0.29219
2569.58721,-0.29158
2568.16204,-0.29094
2566.73687,-0.29051
2565.31169,-0.29061
2563.88652,-0.29133
2562.46135,-0.29253
2561.03617,-0.29386
2559.61100,-0.29494
2558.18583,-0.29561
2556.76066,-0.29610
2555.33548,-0.29688
2553.91031,-0.29831
2552.48514,-0.30039
2551.05996,-0.30266
2549.63479,-0.30457
2548.20962,-0.30604
2546.78444,-0.30750
2545.35927,-0.30929
2543.93410,-0.31117
2542.50892,-0.31285
2541.08375,-0.31471
2539.65858,-0.31738
2538.23340,-0.32067
2536.80823,-0.32352
2535.38306,-0.32530
2533.95788,-0.32644
2532.53271,-0.32768
2531.10754,-0.32915
2529.68237,-0.33050
2528.25719,-0.33146
2526.83202,-0.33215
2525.40685,-0.33283
2523.98167,-0.33349
2522.55650,-0.33393
2521.13133,-0.33416
2519.70615,-0.33439
2518.28098,-0.33443
2516.85581,-0.33374
2515.43063,-0.33228
2514.00546,-0.33060
2512.58029,-0.32908
2511.15511,-0.32767
2509.72994,-0.32623
2508.30477,-0.32461
2506.87959,-0.32278
2505.45442,-0.32089
2504.02925,-0.31899
2502.60407,-0.31690
2501.17890,-0.31452
2499.75373,-0.31201
2498.32856,-0.30952
2496.90338,-0.30695
2495.47821,-0.30421
2494.05304,-0.30146
2492.62786,-0.29911
2491.20269,-0.29726
2489.77752,-0.29541
2488.35234,-0.29301
2486.92717,-0.29027
2485.50200,-0.28794
2484.07682,-0.28636
2482.65165,-0.28520
2481.22648,-0.28410
2479.80130,-0.28301
2478.37613,-0.28200
2476.95096,-0.28111
2475.52578,-0.28048
2474.10061,-0.28034
2472.67544,-0.28070
2471.25027,-0.28138
2469.82509,-0.28233
2468.39992,-0.28375
2466.97475,-0.28572
2465.54957,-0.28792
2464.12440,-0.28995
2462.69923,-0.29177
2461.27405,-0.29377
2459.84888,-0.29626
2458.42371,-0.29907
2456.99853,-0.30194
2455.57336,-0.30502
2454.14819,-0.30851
2452.72301,-0.31213
2451.29784,-0.31545
2449.87267,-0.31844
2448.44749,-0.32133
2447.02232,-0.32419
2445.59715,-0.32701
2444.17198,-0.32995
2442.74680,-0.33325
2441.32163,-0.33692
2439.89646,-0.34069
2438.47128,-0.34412
2437.04611,-0.34703
2435.62094,-0.34971
2434.19576,-0.35224
2432.77059,-0.35416
2431.34542,-0.35520
2429.92024,-0.35602
2428.49507,-0.35746
2427.06990,-0.35933
2425.64472,-0.36076
2424.21955,-0.36143
2422.79438,-0.36172
2421.36920,-0.36190
2419.94403,-0.36193
2418.51886,-0.36183
2417.09369,-0.36170
2415.66851,-0.36150
2414.24334,-0.36116
2412.81817,-0.36063
2411.39299,-0.35966
2409.96782,-0.35805
2408.54265,-0.35608
2407.11747,-0.35422
2405.69230,-0.35252
2404.26713,-0.35080
2402.84195,-0.34906
2401.41678,-0.34738
2399.99161,-0.34572
2398.56643,-0.34399
2397.14126,-0.34211
2395.71609,-0.34005
2394.29091,-0.33796
2392.86574,-0.33627
2391.44057,-0.33529
2390.01540,-0.33477
2388.59022,-0.33419
2387.16505,-0.33333
2385.73988,-0.33248
2384.31470,-0.33207
2382.88953,-0.33218
2381.46436,-0.33245
2380.03918,-0.33263
2378.61401,-0.33294
2377.18884,-0.33385
2375.76366,-0.33536
2374.33849,-0.33665
2372.91332,-0.33672
2371.48814,-0.33553
2370.06297,-0.33437
2368.63780,-0.33476
2367.21262,-0.33734
2365.78745,-0.34212
2364.36228,-0.34834
2362.93710,-0.35388
2361.51193,-0.35673
2360.08676,-0.35719
2358.66159,-0.35713
2357.23641,-0.35780
2355.81124,-0.35922
2354.38607,-0.36068
2352.96089,-0.36185
2351.53572,-0.36357
2350.11055,-0.36682
2348.68537,-0.37145
2347.26020,-0.37645
2345.83503,-0.38075
2344.40985,-0.38428
2342.98468,-0.38797
2341.55951,-0.39214
2340.13433,-0.39594
2338.70916,-0.39858
2337.28399,-0.39986
2335.85881,-0.40026
2334.43364,-0.40104
2333.00847,-0.40330
2331.58330,-0.40660
2330.15812,-0.40935
2328.73295,-0.41071
2327.30778,-0.41108
2325.88260,-0.41110
2324.45743,-0.41106
2323.03226,-0.41088
2321.60708,-0.41059
2320.18191,-0.41067
2318.75674,-0.41153
2317.33156,-0.41260
2315.90639,-0.41287
2314.48122,-0.41202
2313.05604,-0.41058
2311.63087,-0.40905
2310.20570,-0.40754
2308.78052,-0.40594
2307.35535,-0.40430
2305.93018,-0.40280
2304.50501,-0.40132
2303.07983,-0.39967
2301.65466,-0.39784
2300.22949,-0.39595
2298.80431,-0.39392
2297.37914,-0.39163
2295.95397,-0.38910
2294.52879,-0.38645
2293.10362,-0.38379
2291.67845,-0.38122
2290.25327,-0.37861
2288.82810,-0.37585
2287.40293,-0.37295
2285.97775,-0.36995
2284.55258,-0.36687
2283.12741,-0.36389
2281.70223,-0.36125
2280.27706,-0.35883
2278.85189,-0.35636
2277.42672,-0.35377
2276.00154,-0.35127
2274.57637,-0.34902
2273.15120,-0.34704
2271.72602,-0.34527
2270.30085,-0.34357
2268.87568,-0.34148
2267.45050,-0.33855
2266.02533,-0.33502
2264.60016,-0.33167
2263.17498,-0.32894
2261.74981,-0.32670
2260.32464,-0.32469
2258.89946,-0.32262
2257.47429,-0.32020
2256.04912,-0.31748
2254.62394,-0.31486
2253.19877,-0.31258
2251.77360,-0.31046
2250.34843,-0.30831
2248.92325,-0.30607
2247.49808,-0.30367
2246.07291,-0.30086
2244.64773,-0.29756
2243.22256,-0.29402
2241.79739,-0.29057
2240.37221,-0.28730
2238.94704,-0.28405
2237.52187,-0.28064
2236.09669,-0.27699
2234.67152,-0.27321
2233.24635,-0.26937
2231.82117,-0.26536
2230.39600,-0.26103
2228.97083,-0.25642
2227.54565,-0.25158
2226.12048,-0.24660
2224.69531,-0.24165
2223.27013,-0.23689
2221.84496,-0.23228
2220.41979,-0.22769
2218.99462,-0.22299
2217.56944,-0.21812
2216.14427,-0.21311
2214.71910,-0.20801
2213.29392,-0.20290
2211.86875,-0.19779
2210.44358,-0.19266
2209.01840,-0.18743
2207.59323,-0.18214
2206.16806,-0.17690
2204.74288,-0.17181
2203.31771,-0.16685
2201.89254,-0.16197
2200.46736,-0.15713
2199.04219,-0.15236
2197.61702,-0.14768
2196.19184,-0.14314
2194.76667,-0.13869
2193.34150,-0.13428
2191.91633,-0.12988
2190.49115,-0.12560
2189.06598,-0.12154
2187.64081,-0.11777
2186.21563,-0.11422
2184.79046,-0.11076
2183.36529,-0.10733
2181.94011,-0.10398
2180.51494,-0.10076
2179.08977,-0.09773
2177.66459,-0.09489
2176.23942,-0.09217
2174.81425,-0.08953
2173.38907,-0.08697
2171.96390,-0.08450
2170.53873,-0.08213
2169.11355,-0.07988
2167.68838,-0.07779
2166.26321,-0.07588
2164.83804,-0.07409
2163.41286,-0.07237
2161.98769,-0.07071
2160.56252,-0.06912
2159.13734,-0.06758
2157.71217,-0.06603
2156.28700,-0.06451
2154.86182,-0.06310
2153.43665,-0.06189
2152.01148,-0.06085
2150.58630,-0.05990
2149.16113,-0.05895
2147.73596,-0.05795
2146.31078,-0.05689
2144.88561,-0.05585
2143.46044,-0.05492
2142.03526,-0.05412
2140.61009,-0.05337
2139.18492,-0.05262
2137.75975,-0.05184
2136.33457,-0.05104
2134.90940,-0.05023
2133.48423,-0.04941
2132.05905,-0.04857
2130.63388,-0.04775
2129.20871,-0.04698
2127.78353,-0.04624
2126.35836,-0.04543
2124.93319,-0.04453
2123.50801,-0.04363
2122.08284,-0.04279
2120.65767,-0.04198
2119.23249,-0.04114
2117.80732,-0.04028
2116.38215,-0.03941
2114.95697,-0.03855
2113.53180,-0.03766
2112.10663,-0.03673
2110.68146,-0.03577
2109.25628,-0.03481
2107.83111,-0.03389
2106.40594,-0.03301
2104.98076,-0.03215
2103.55559,-0.03130
2102.13042,-0.03045
2100.70524,-0.02956
2099.28007,-0.02864
2097.85490,-0.02772
2096.42972,-0.02684
2095.00455,-0.02599
2093.57938,-0.02514
2092.15420,-0.02429
2090.72903,-0.02347
2089.30386,-0.02270
2087.87868,-0.02196
2086.45351,-0.02122
2085.02834,-0.02052
2083.60316,-0.01988
2082.17799,-0.01931
2080.75282,-0.01878
2079.32765,-0.01827
2077.90247,-0.01775
2076.47730,-0.01725
2075.05213,-0.01678
2073.62695,-0.01637
2072.20178,-0.01599
2070.77661,-0.01561
2069.35143,-0.01522
2067.92626,-0.01485
2066.50109,-0.01451
2065.07591,-0.01422
2063.65074,-0.01396
2062.22557,-0.01373
2060.80039,-0.01351
2059.37522,-0.01331
2057.95005,-0.01312
2056.52487,-0.01296
2055.09970,-0.01284
2053.67453,-0.01278
2052.24936,-0.01278
2050.82418,-0.01281
2049.39901,-0.01281
2047.97384,-0.01278
2046.54866,-0.01273
2045.12349,-0.01268
2043.69832,-0.01266
2042.27314,-0.01268
2040.84797,-0.01273
2039.42280,-0.01280
2037.99762,-0.01287
2036.57245,-0.01294
2035.14728,-0.01299
2033.72210,-0.01302
2032.29693,-0.01303
2030.87176,-0.01302
2029.44658,-0.01301
2028.02141,-0.01300
2026.59624,-0.01300
2025.17107,-0.01301
2023.74589,-0.01299
2022.32072,-0.01292
2020.89555,-0.01284
2019.47037,-0.01276
2018.04520,-0.01267
2016.62003,-0.01253
2015.19485,-0.01237
2013.76968,-0.01221
2012.34451,-0.01204
2010.91933,-0.01186
2009.49416,-0.01166
2008.06899,-0.01146
2006.64381,-0.01125
2005.21864,-0.01102
2003.79347,-0.01075
2002.36829,-0.01045
2000.94312,-0.01014
1999.51795,-0.00984
1998.09278,-0.00955
1996.66760,-0.00927
1995.24243,-0.00898
1993.81726,-0.00868
1992.39208,-0.00835
1990.96691,-0.00800
1989.54174,-0.00767
1988.11656,-0.00738
1986.69139,-0.00712
1985.26622,-0.00689
1983.84104,-0.00665
1982.41587,-0.00642
1980.99070,-0.00620
1979.56552,-0.00599
1978.14035,-0.00580
1976.71518,-0.00561
1975.29000,-0.00544
1973.86483,-0.00527
1972.43966,-0.00512
1971.01449,-0.00499
1969.58931,-0.00490
1968.16414,-0.00484
1966.73897,-0.00481
1965.31379,-0.00479
1963.88862,-0.00478
1962.46345,-0.00478
1961.03827,-0.00478
1959.61310,-0.00480
1958.18793,-0.00483
1956.76275,-0.00489
1955.33758,-0.00496
1953.91241,-0.00505
1952.48723,-0.00516
1951.06206,-0.00529
1949.63689,-0.00544
1948.21171,-0.00560
1946.78654,-0.00578
1945.36137,-0.00597
1943.93619,-0.00614
1942.51102,-0.00629
1941.08585,-0.00644
1939.66068,-0.00661
1938.23550,-0.00679
1936.81033,-0.00696
1935.38516,-0.00712
1933.95998,-0.00726
1932.53481,-0.00740
1931.10964,-0.00753
1929.68446,-0.00770
1928.25929,-0.00790
1926.83412,-0.00811
1925.40894,-0.00829
1923.98377,-0.00839
1922.55860,-0.00843
1921.13342,-0.00845
1919.70825,-0.00850
1918.28308,-0.00854
1916.85790,-0.00856
1915.43273,-0.00858
1914.00756,-0.00859
1912.58239,-0.00858
1911.15721,-0.00856
1909.73204,-0.00853
1908.30687,-0.00847
1906.88169,-0.00836
1905.45652,-0.00823
1904.03135,-0.00809
1902.60617,-0.00795
1901.18100,-0.00782
1899.75583,-0.00770
1898.33065,-0.00759
1896.90548,-0.00747
1895.48031,-0.00734
1894.05513,-0.00719
1892.62996,-0.00704
1891.20479,-0.00685
1889.77961,-0.00665
1888.35444,-0.00645
1886.92927,-0.00628
1885.50410,-0.00613
1884.07892,-0.00599
1882.65375,-0.00582
1881.22858,-0.00563
1879.80340,-0.00544
1878.37823,-0.00527
1876.95306,-0.00512
1875.52788,-0.00502
1874.10271,-0.00497
1872.67754,-0.00494
1871.25236,-0.00488
1869.82719,-0.00479
1868.40202,-0.00469
1866.97684,-0.00462
1865.55167,-0.00460
1864.12650,-0.00462
1862.70132,-0.00466
1861.27615,-0.00472
1859.85098,-0.00478
1858.42581,-0.00485
1857.00063,-0.00493
1855.57546,-0.00503
1854.15029,-0.00513
1852.72511,-0.00524
1851.29994,-0.00535
1849.87477,-0.00548
1848.44959,-0.00561
1847.02442,-0.00576
1845.59925,-0.00596
1844.17407,-0.00620
1842.74890,-0.00646
1841.32373,-0.00671
1839.89855,-0.00695
1838.47338,-0.00720
1837.04821,-0.00747
1835.62303,-0.00775
1834.19786,-0.00802
1832.77269,-0.00826
1831.34751,-0.00847
1829.92234,-0.00869
1828.49717,-0.00892
1827.07200,-0.00914
1825.64682,-0.00934
1824.22165,-0.00954
1822.79648,-0.00974
1821.37130,-0.00994
1819.94613,-0.01011
1818.52096,-0.01025
1817.09578,-0.01036
1815.67061,-0.01042
1814.24544,-0.01046
1812.82026,-0.01047
1811.39509,-0.01047
1809.96992,-0.01045
1808.54474,-0.01041
1807.11957,-0.01035
1805.69440,-0.01029
1804.26922,-0.01022
1802.84405,-0.01012
1801.41888,-0.00996
1799.99371,-0.00977
1798.56853,-0.00958
1797.14336,-0.00941
1795.71819,-0.00926
1794.29301,-0.00908
1792.86784,-0.00885
1791.44267,-0.00859
1790.01749,-0.00838
1788.59232,-0.00821
1787.16715,-0.00804
1785.74197,-0.00784
1784.31680,-0.00763
1782.89163,-0.00744
1781.46645,-0.00727
1780.04128,-0.00711
1778.61611,-0.00696
1777.19093,-0.00684
1775.76576,-0.00670
1774.34059,-0.00651
1772.91542,-0.00629
1771.49024,-0.00615
1770.06507,-0.00611
1768.63990,-0.00607
1767.21472,-0.00600
1765.78955,-0.00592
1764.36438,-0.00587
1762.93920,-0.00584
1761.51403,-0.00584
1760.08886,-0.00585
1758.66368,-0.00585
1757.23851,-0.00582
1755.81334,-0.00581
1754.38816,-0.00584
1752.96299,-0.00587
1751.53782,-0.00583
1750.11264,-0.00572
1748.68747,-0.00564
1747.26230,-0.00562
1745.83713,-0.00564
1744.41195,-0.00565
1742.98678,-0.00561
1741.56161,-0.00552
1740.13643,-0.00544
1738.71126,-0.00542
1737.28609,-0.00547
1735.86091,-0.00549
1734.43574,-0.00538
1733.01057,-0.00522
1731.58539,-0.00516
1730.16022,-0.00520
1728.73505,-0.00527
1727.30987,-0.00530
1725.88470,-0.00529
1724.45953,-0.00522
1723.03435,-0.00514
1721.60918,-0.00510
1720.18401,-0.00507
1718.75884,-0.00497
1717.33366,-0.00476
1715.90849,-0.00451
1714.48332,-0.00434
1713.05814,-0.00426
1711.63297,-0.00419
1710.20780,-0.00411
1708.78262,-0.00398
1707.35745,-0.00372
1705.93228,-0.00335
1704.50710,-0.00297
1703.08193,-0.00260
1701.65676,-0.00207
1700.23158,-0.00129
1698.80641,-0.00050
1697.38124,0.00021
1695.95606,0.00102
1694.53089,0.00194
1693.10572,0.00285
1691.68054,0.00386
1690.25537,0.00520
1688.83020,0.00678
1687.40503,0.00849
1685.97985,0.01070
1684.55468,0.01389
1683.12951,0.01727
1681.70433,0.01984
1680.27916,0.02187
1678.85399,0.02386
1677.42881,0.02608
1676.00364,0.02870
1674.57847,0.03151
1673.15329,0.03409
1671.72812,0.03662
1670.30295,0.03965
1668.87777,0.04303
1667.45260,0.04594
1666.02743,0.04826
1664.60225,0.05049
1663.17708,0.05294
1661.75191,0.05532
1660.32674,0.05725
1658.90156,0.05872
1657.47639,0.05982
1656.05122,0.06073
1654.62604,0.06180
1653.20087,0.06318
1651.77570,0.06419
1650.35052,0.06456
1648.92535,0.06472
1647.50018,0.06505
1646.07500,0.06551
1644.64983,0.06582
1643.22466,0.06594
1641.79948,0.06599
1640.37431,0.06601
1638.94914,0.06602
1637.52396,0.06618
1636.09879,0.06673
1634.67362,0.06752
1633.24845,0.06819
1631.82327,0.06872
1630.39810,0.06930
1628.97293,0.06993
1627.54775,0.07040
1626.12258,0.07029
1624.69741,0.06916
1623.27223,0.06664
1621.84706,0.06293
1620.42189,0.05858
1618.99671,0.05346
1617.57154,0.04702
1616.14637,0.03980
1614.72119,0.03339
1613.29602,0.02809
1611.87085,0.02322
1610.44567,0.01843
1609.02050,0.01386
1607.59533,0.00973
1606.17016,0.00615
1604.74498,0.00308
1603.31981,0.00044
1601.89464,-0.00179
1600.46946,-0.00365
1599.04429,-0.00522
1597.61912,-0.00656
1596.19394,-0.00771
1594.76877,-0.00867
1593.34360,-0.00946
1591.91842,-0.01012
1590.49325,-0.01068
1589.06808,-0.01116
1587.64290,-0.01156
1586.21773,-0.01195
1584.79256,-0.01233
1583.36738,-0.01271
1581.94221,-0.01314
1580.51704,-0.01363
1579.09187,-0.01413
1577.66669,-0.01458
1576.24152,-0.01497
1574.81635,-0.01541
1573.39117,-0.01592
1571.96600,-0.01646
1570.54083,-0.01694
1569.11565,-0.01740
1567.69048,-0.01786
1566.26531,-0.01832
1564.84013,-0.01875
1563.41496,-0.01921
1561.98979,-0.01972
1560.56461,-0.02017
1559.13944,-0.02048
1557.71427,-0.02073
1556.28909,-0.02112
1554.86392,-0.02163
1553.43875,-0.02219
1552.01357,-0.02276
1550.58840,-0.02332
1549.16323,-0.02385
1547.73806,-0.02436
1546.31288,-0.02489
1544.88771,-0.02550
1543.46254,-0.02614
1542.03736,-0.02671
1540.61219,-0.02718
1539.18702,-0.02774
1537.76184,-0.02848
1536.33667,-0.02930
1534.91150,-0.03010
1533.48632,-0.03091
1532.06115,-0.03173
1530.63598,-0.03254
1529.21080,-0.03330
1527.78563,-0.03398
1526.36046,-0.03454
1524.93528,-0.03498
1523.51011,-0.03523
1522.08494,-0.03508
1520.65977,-0.03442
1519.23459,-0.03349
1517.80942,-0.03260
1516.38425,-0.03215
1514.95907,-0.03261
1513.53390,-0.03399
1512.10873,-0.03586
1510.68355,-0.03774
1509.25838,-0.03939
1507.83321,-0.04076
1506.40803,-0.04191
1504.98286,-0.04289
1503.55769,-0.04374
1502.13251,-0.04445
1500.70734,-0.04502
1499.28217,-0.04547
1497.85699,-0.04594
1496.43182,-0.04657
1495.00665,-0.04736
1493.58148,-0.04816
1492.15630,-0.04884
1490.73113,-0.04934
1489.30596,-0.04967
1487.88078,-0.04998
1486.45561,-0.05030
1485.03044,-0.05055
1483.60526,-0.05063
1482.18009,-0.05047
1480.75492,-0.05015
1479.32974,-0.04980
1477.90457,-0.04946
1476.47940,-0.04901
1475.05422,-0.04832
1473.62905,-0.04731
1472.20388,-0.04629
1470.77870,-0.04573
1469.35353,-0.04562
1467.92836,-0.04559
1466.50319,-0.04538
1465.07801,-0.04502
1463.65284,-0.04474
1462.22767,-0.04469
1460.80249,-0.04472
1459.37732,-0.04445
1457.95215,-0.04342
1456.52697,-0.04192
1455.10180,-0.04085
1453.67663,-0.04028
1452.25145,-0.03982
1450.82628,-0.03925
1449.40111,-0.03846
1447.97593,-0.03740
1446.55076,-0.03612
1445.12559,-0.03485
1443.70041,-0.03367
1442.27524,-0.03261
1440.85007,-0.03172
1439.42490,-0.03092
1437.99972,-0.02994
1436.57455,-0.02880
1435.14938,-0.02798
1433.72420,-0.02771
1432.29903,-0.02767
1430.87386,-0.02765
1429.44868,-0.02766
1428.02351,-0.02781
1426.59834,-0.02801
1425.17316,-0.02818
1423.74799,-0.02834
1422.32282,-0.02848
1420.89764,-0.02846
1419.47247,-0.02817
1418.04730,-0.02774
1416.62212,-0.02744
1415.19695,-0.02723
1413.77178,-0.02695
1412.34660,-0.02652
1410.92143,-0.02602
1409.49626,-0.02556
1408.07109,-0.02520
1406.64591,-0.02485
1405.22074,-0.02441
1403.79557,-0.02394
1402.37039,-0.02350
1400.94522,-0.02305
1399.52005,-0.02256
1398.09487,-0.02202
1396.66970,-0.02143
1395.24453,-0.02073
1393.81935,-0.01999
1392.39418,-0.01931
1390.96901,-0.01868
1389.54383,-0.01802
1388.11866,-0.01732
1386.69349,-0.01667
1385.26831,-0.01614
1383.84314,-0.01570
1382.41797,-0.01524
1380.99280,-0.01470
1379.56762,-0.01406
1378.14245,-0.01336
1376.71728,-0.01261
1375.29210,-0.01185
1373.86693,-0.01113
1372.44176,-0.01052
1371.01658,-0.01002
1369.59141,-0.00961
1368.16624,-0.00933
1366.74106,-0.00918
1365.31589,-0.00911
1363.89072,-0.00901
1362.46554,-0.00889
1361.04037,-0.00879
1359.61520,-0.00875
1358.19002,-0.00875
1356.76485,-0.00879
1355.33968,-0.00886
1353.91451,-0.00895
1352.48933,-0.00904
1351.06416,-0.00916
1349.63899,-0.00933
1348.21381,-0.00953
1346.78864,-0.00977
1345.36347,-0.01009
1343.93829,-0.01048
1342.51312,-0.01091
1341.08795,-0.01141
1339.66277,-0.01199
1338.23760,-0.01261
1336.81243,-0.01322
1335.38725,-0.01382
1333.96208,-0.01445
1332.53691,-0.01512
1331.11173,-0.01585
1329.68656,-0.01663
1328.26139,-0.01742
1326.83622,-0.01819
1325.41104,-0.01894
1323.98587,-0.01966
1322.56070,-0.02035
1321.13552,-0.02099
1319.71035,-0.02159
1318.28518,-0.02221
1316.86000,-0.02288
1315.43483,-0.02361
1314.00966,-0.02435
1312.58448,-0.02503
1311.15931,-0.02564
1309.73414,-0.02623
1308.30896,-0.02687
1306.88379,-0.02759
1305.45862,-0.02838
1304.03344,-0.02920
1302.60827,-0.02999
1301.18310,-0.03073
1299.75793,-0.03151
1298.33275,-0.03242
1296.90758,-0.03344
1295.48241,-0.03450
1294.05723,-0.03558
1292.63206,-0.03671
1291.20689,-0.03790
1289.78171,-0.03919
1288.35654,-0.04063
1286.93137,-0.04224
1285.50619,-0.04398
1284.08102,-0.04581
1282.65585,-0.04771
1281.23067,-0.04970
1279.80550,-0.05183
1278.38033,-0.05415
1276.95515,-0.05667
1275.52998,-0.05941
1274.10481,-0.06244
1272.67963,-0.06580
1271.25446,-0.06957
1269.82929,-0.07386
1268.40412,-0.07877
1266.97894,-0.08425
1265.55377,-0.09014
1264.12860,-0.09644
1262.70342,-0.10353
1261.27825,-0.11179
1259.85308,-0.12128
1258.42790,-0.13178
1257.00273,-0.14322
1255.57756,-0.15572
1254.15238,-0.16937
1252.72721,-0.18415
1251.30204,-0.20017
1249.87686,-0.21757
1248.45169,-0.23636
1247.02652,-0.25610
1245.60134,-0.27602
1244.17617,-0.29551
1242.75100,-0.31426
1241.32583,-0.33207
1239.90065,-0.34885
1238.47548,-0.36458
1237.05031,-0.37901
1235.62513,-0.39153
1234.19996,-0.40152
1232.77479,-0.40909
1231.34961,-0.41510
1229.92444,-0.42033
1228.49927,-0.42483
1227.07409,-0.42846
1225.64892,-0.43146
1224.22375,-0.43421
1222.79857,-0.43672
1221.37340,-0.43884
1219.94823,-0.44036
1218.52305,-0.44146
1217.09788,-0.44275
1215.67271,-0.44452
1214.24754,-0.44643
1212.82236,-0.44817
1211.39719,-0.44956
1209.97202,-0.45023
1208.54684,-0.45011
1207.12167,-0.44988
1205.69650,-0.45030
1204.27132,-0.45145
1202.84615,-0.45276
1201.42098,-0.45359
1199.99580,-0.45386
1198.57063,-0.45400
1197.14546,-0.45431
1195.72028,-0.45482
1194.29511,-0.45569
1192.86994,-0.45683
1191.44476,-0.45742
1190.01959,-0.45657
1188.59442,-0.45407
1187.16925,-0.45018
1185.74407,-0.44497
1184.31890,-0.43797
1182.89373,-0.42845
1181.46855,-0.41639
1180.04338,-0.40275
1178.61821,-0.38855
1177.19303,-0.37422
1175.76786,-0.35990
1174.34269,-0.34564
1172.91751,-0.33132
1171.49234,-0.31655
1170.06717,-0.30121
1168.64199,-0.28579
1167.21682,-0.27103
1165.79165,-0.25719
1164.36647,-0.24414
1162.94130,-0.23172
1161.51613,-0.21996
1160.09096,-0.20904
1158.66578,-0.19909
1157.24061,-0.19002
1155.81544,-0.18159
1154.39026,-0.17370
1152.96509,-0.16644
1151.53992,-0.15990
1150.11474,-0.15393
1148.68957,-0.14838
1147.26440,-0.14338
1145.83922,-0.13917
1144.41405,-0.13571
1142.98888,-0.13258
1141.56370,-0.12937
1140.13853,-0.12614
1138.71336,-0.12320
1137.28818,-0.12054
1135.86301,-0.11792
1134.43784,-0.11534
1133.01266,-0.11301
1131.58749,-0.11092
1130.16232,-0.10895
1128.73715,-0.10722
1127.31197,-0.10599
1125.88680,-0.10512
1124.46163,-0.10407
1123.03645,-0.10251
1121.61128,-0.10068
1120.18611,-0.09909
1118.76093,-0.09803
1117.33576,-0.09738
1115.91059,-0.09681
1114.48541,-0.09603
1113.06024,-0.09490
1111.63507,-0.09350
1110.20989,-0.09203
1108.78472,-0.09078
1107.35955,-0.08989
1105.93437,-0.08931
1104.50920,-0.08870
1103.08403,-0.08770
1101.65886,-0.08626
1100.23368,-0.08471
1098.80851,-0.08348
1097.38334,-0.08269
1095.95816,-0.08190
1094.53299,-0.08065
1093.10782,-0.07920
1091.68264,-0.07828
1090.25747,-0.07809
1088.83230,-0.07798
1087.40712,-0.07721
1085.98195,-0.07581
1084.55678,-0.07446
1083.13160,-0.07367
1081.70643,-0.07318
1080.28126,-0.07229
1078.85608,-0.07079
1077.43091,-0.06919
1076.00574,-0.06811
1074.58057,-0.06771
1073.15539,-0.06786
1071.73022,-0.06846
1070.30505,-0.06908
1068.87987,-0.06907
1067.45470,-0.06826
1066.02953,-0.06727
1064.60435,-0.06669
1063.17918,-0.06645
1061.75401,-0.06622
1060.32883,-0.06594
1058.90366,-0.06568
1057.47849,-0.06544
1056.05331,-0.06534
1054.62814,-0.06544
1053.20297,-0.06547
1051.77779,-0.06511
1050.35262,-0.06441
1048.92745,-0.06372
1047.50228,-0.06347
1046.07710,-0.06391
1044.65193,-0.06489
1043.22676,-0.06607
1041.80158,-0.06719
1040.37641,-0.06800
1038.95124,-0.06827
1037.52606,-0.06824
1036.10089,-0.06866
1034.67572,-0.06981
1033.25054,-0.07101
1031.82537,-0.07142
1030.40020,-0.07109
1028.97502,-0.07088
1027.54985,-0.07139
1026.12468,-0.07233
1024.69950,-0.07309
1023.27433,-0.07339
1021.84916,-0.07330
1020.42399,-0.07304
1018.99881,-0.07308
1017.57364,-0.07392
1016.14847,-0.07545
1014.72329,-0.07673
1013.29812,-0.07685
1011.87295,-0.07561
1010.44777,-0.07373
1009.02260,-0.07249
1007.59743,-0.07270
1006.17225,-0.07374
1004.74708,-0.07423
1003.32191,-0.07426
1001.89673,-0.07545
1000.47156,-0.07811
999.04639,-0.07988
997.62121,-0.07857
996.19604,-0.07527
994.77087,-0.07274
993.34569,-0.07218
991.92052,-0.07296
990.49535,-0.07429
989.07018,-0.07582
987.64500,-0.07726
986.21983,-0.07855
984.79466,-0.07990
983.36948,-0.08072
981.94431,-0.07993
980.51914,-0.07795
979.09396,-0.07714
977.66879,-0.07870
976.24362,-0.07998
974.81844,-0.07699
973.39327,-0.06978
971.96810,-0.06376
970.54292,-0.06452
969.11775,-0.07206
967.69258,-0.08068
966.26740,-0.08449
964.84223,-0.08212
963.41706,-0.07639
961.99189,-0.07019
960.56671,-0.06571
959.14154,-0.06599
957.71637,-0.07277
956.29119,-0.08276
954.86602,-0.09077
953.44085,-0.09574
952.01567,-0.09888
950.59050,-0.09740
949.16533,-0.08704
947.74015,-0.07281
946.31498,-0.06957
944.88981,-0.08382
943.46463,-0.10236
942.03946,-0.10847
940.61429,-0.09984
939.18911,-0.08554
937.76394,-0.07436
936.33877,-0.06944
934.91360,-0.06988
933.48842,-0.07080
932.06325,-0.07212
930.63808,-0.08245
929.21290,-0.10104
927.78773,-0.10533
926.36256,-0.07894
924.93738,-0.03779
923.51221,-0.00470
922.08704,0.01448
920.66186,0.01716
919.23669,0.01683
917.81152,0.05044
916.38634,0.10496
914.96117,0.12870
913.53600,0.05412
912.11082,-0.39107
910.68565,-0.07335
909.26048,0.15588
907.83531,0.08561
906.41013,-0.23041
904.98496,-0.47263
903.55979,-0.11112
902.13461,0.04810
900.70944,0.08109
899.28427,-0.02437
897.85909,-0.03223
896.43392,0.08960
895.00875,0.20175
893.58357,0.22364
892.15840,0.18617
890.73323,0.14847
889.30805,0.10563
887.88288,0.00694
886.45771,-0.19010
885.03253,-0.36362
883.60736,-0.54288
882.18219,-0.32604
880.75701,-0.17020
879.33184,-0.09101
877.90667,0.30977
876.48150,0.57190
875.05632,0.38351
873.63115,0.05816
872.20598,-0.15515
870.78080,-0.25944
869.35563,-0.21386
867.93046,-0.09424
866.50528,0.02885
865.08011,0.13931
863.65494,0.23900
862.22976,0.30433
860.80459,0.04355
859.37942,-0.22191
857.95424,-0.28402
856.52907,-0.06180
855.10390,-0.00780
853.67872,-0.14512
852.25355,-0.34160
850.82838,-0.19211
849.40321,-0.01418
847.97803,0.12469
846.55286,0.14409
845.12769,-0.06624
843.70251,0.15916
842.27734,0.00593
840.85217,-0.28118
839.42699,-0.20664
838.00182,-0.04296
836.57665,0.07482
835.15147,0.12342
833.72630,0.30060
832.30113,0.20555
830.87595,0.13113
829.45078,0.92331
828.02561,0.52668
826.60043,0.38055
825.17526,0.36132
823.75009,0.35925
822.32492,0.36762
820.89974,0.33439
819.47457,0.18939
818.04940,-0.07001
816.62422,0.00736
815.19905,0.07583
813.77388,0.08943
812.34870,-0.03402
810.92353,-0.14384
809.49836,-0.13576
808.07318,-0.10575
806.64801,0.00328
805.22284,0.28167
803.79766,0.15358
802.37249,0.07783
800.94732,0.27318
799.52214,0.03046
798.09697,-0.18558
796.67180,-0.37357
795.24663,-0.51866
793.82145,-0.15154
792.39628,-0.07320
790.97111,-0.13497
789.54593,-0.09999
788.12076,-0.00181
786.69559,-0.00885
785.27041,-0.01504
783.84524,0.06308
782.42007,-0.00121
780.99489,-0.08064
779.56972,-0.20887
778.14455,-0.09345
776.71937,0.29036
775.29420,0.74472
773.86903,0.31103
772.44385,0.03005
771.01868,0.00973
769.59351,-0.07935
768.16834,-0.14997
766.74316,-0.11166
765.31799,0.01710
763.89282,0.09095
762.46764,0.34499
761.04247,0.04966
759.61730,-0.15401
758.19212,-0.20070
756.76695,-0.23781
755.34178,-0.11553
753.91660,0.10119
752.49143,0.19085
751.06626,0.16066
749.64108,0.13121
748.21591,0.01903
746.79074,0.05185
745.36556,0.29335
743.94039,0.10484
742.51522,0.05283
741.09004,0.12388
739.66487,0.10218
738.23970,-0.22222
736.81453,-0.40821
735.38935,-0.39403
733.96418,-0.14488
732.53901,0.22541
731.11383,0.68587
729.68866,0.59230
728.26349,0.18836
726.83831,0.08175
725.41314,0.11031
723.98797,0.01908
722.56279,-0.18052
721.13762,-0.24848
719.71245,-0.25075
718.28727,-0.04197
716.86210,0.12513
715.43693,0.30939
714.01175,0.17463
712.58658,-0.27832
711.16141,-0.01846
709.73624,0.19886
708.31106,0.38455
706.88589,0.06795
705.46072,-0.19674
704.03554,-0.25900
702.61037,0.02523
701.18520,-0.38881
699.76002,-0.17371
698.33485,0.03975
696.90968,0.13063
695.48450,0.19471
694.05933,0.21564
692.63416,0.14384
691.20898,0.09871
689.78381,0.24417
688.35864,0.40743
686.93346,0.35241
685.50829,0.17651
684.08312,-0.00449
682.65795,-0.40012
681.23277,-0.34551
679.80760,-0.25684
678.38243,-0.16747
676.95725,-0.02081
675.53208,0.04984
674.10691,0.00223
672.68173,0.00355
671.25656,-0.02378
669.83139,0.01543
668.40621,0.00026
666.98104,-0.08052
665.55587,-0.00992
664.13069,-0.00823
662.70552,-0.02336
661.28035,-0.00545
659.85517,0.04572
658.43000,0.00983
657.00483,-0.16210
655.57966,-0.43212
654.15448,-0.35168
652.72931,-0.30740
651.30414,-0.39653
649.87896,-0.30039
648.45379,-0.27298
647.02862,-0.65455
645.60344,-0.33204
644.17827,-0.22969
642.75310,-0.24897
641.32792,-0.28028
639.90275,-0.33301
638.47758,-0.35985
637.05240,-0.12213
635.62723,0.13664
634.20206,0.35015
632.77688,0.18009
631.35171,0.21790
629.92654,0.26458
628.50137,0.21706
627.07619,0.03966
625.65102,-0.20242
624.22585,0.09983
622.80067,0.30022
621.37550,0.29388
619.95033,0.21118
618.52515,0.10309
617.09998,0.07128
615.67481,0.00577
614.24963,-0.09194
612.82446,-0.15976
611.39929,-0.18894
609.97411,0.26291
608.54894,0.45412
607.12377,0.38926
605.69859,0.13932
604.27342,0.13295
602.84825,0.40225
601.42307,0.62968
599.99790,0.06790
598.57273,-0.26730
597.14756,-0.28410
595.72238,0.10766
594.29721,0.21298
592.87204,0.23941
591.44686,0.21341
590.02169,0.06426
588.59652,-0.07858
587.17134,-0.24940
585.74617,-0.41744
584.32100,-0.21840
582.89582,0.24580
581.47065,0.27223
580.04548,0.07111
578.62030,-0.09585
577.19513,-0.11219
575.76996,-0.22632
574.34478,-0.32500
572.91961,-0.23407
571.49444,0.10250
570.06927,0.31106
568.64409,0.33373
567.21892,0.35890
565.79375,0.61774
564.36857,0.76736
562.94340,0.42158
561.51823,0.29513
560.09305,0.17386
558.66788,0.00403
557.24271,-0.16362
555.81753,-0.30289
554.39236,-0.43255
552.96719,-0.43090
551.54201,-0.48961
550.11684,-0.39756
548.69167,-0.20021
547.26649,-0.06441
545.84132,0.07344
544.41615,0.21443
542.99098,0.26120
541.56580,0.38118
540.14063,0.37357
538.71546,0.20325
537.29028,0.12122
535.86511,0.14328
534.43994,0.30185
533.01476,0.64649
531.58959,1.05368
530.16442,0.99942
528.73924,0.52855
527.31407,0.31226
525.88890,0.25187
524.46372,0.13955
523.03855,0.29033
521.61338,0.13725
520.18820,0.02057
518.76303,-0.12061
517.33786,-0.44060
515.91269,-0.84821
514.48751,-0.60920
513.06234,-0.41706
511.63717,-0.23894
510.21199,-0.03644
508.78682,0.26435
507.36165,0.43706
505.93647,0.18659
504.51130,-0.06644
503.08613,-0.14116
501.66095,0.02532
500.23578,-0.00538
498.81061,-0.03580
497.38543,0.11069
495.96026,0.20873
494.53509,0.11935
493.10991,0.04813
491.68474,-0.02874
490.25957,-0.10975
488.83440,-0.18556
487.40922,-0.16848
485.98405,0.02025
484.55888,-0.04018
483.13370,-0.28446
481.70853,-0.38782
480.28336,-0.33130
478.85818,-0.17900
477.43301,-0.12041
476.00784,-0.25664
474.58266,-0.42950
473.15749,-0.46391
471.73232,-0.34411
470.30714,-0.21261
468.88197,-0.19584
467.45680,-0.10004
466.03162,-0.06077
464.60645,-0.08046
463.18128,-0.19290
461.75610,-0.27665
460.33093,-0.10174
458.90576,0.09458
457.48059,0.02861
456.05541,-0.09194
454.63024,-0.09005
453.20507,-0.17017
451.77989,-0.26707
450.35472,-0.22823
448.92955,-0.20475
447.50437,-0.08526
446.07920,0.02247
444.65403,0.14774
443.22885,0.20359
441.80368,0.06137
440.37851,-0.19666
438.95333,0.04429
437.52816,0.36991
436.10299,0.06121
434.67781,-0.08524
433.25264,-0.07624
431.82747,-0.07806
430.40230,-0.15141
428.97712,0.01136
427.55195,0.03061
426.12678,-0.07303
424.70160,-0.23492
423.27643,-0.42657
421.85126,-0.38103
420.42608,-0.15351
419.00091,0.31111
417.57574,0.46027
416.15056,0.21761
414.72539,0.00476
413.30022,-0.20750
411.87504,-0.48084
410.44987,-0.63284
409.02470,-0.72445
407.59952,-0.53365
406.17435,-0.22253
404.74918,0.07106
403.32401,0.18588
401.89883,0.34761
400.47366,0.26558
399.04849,0.32159
