3997.61072,-0.00035
3996.18555,-0.00034
3994.76038,-0.00032
3993.33520,-0.00032
3991.91003,-0.00033
3990.48486,-0.00037
3989.05968,-0.00040
3987.63451,-0.00041
3986.20934,-0.00039
3984.78416,-0.00037
3983.35899,-0.00033
3981.93382,-0.00029
3980.50865,-0.00025
3979.08347,-0.00022
3977.65830,-0.00021
3976.23313,-0.00021
3974.80795,-0.00021
3973.38278,-0.00024
3971.95761,-0.00028
3970.53243,-0.00028
3969.10726,-0.00020
3967.68209,-0.00008
3966.25691,-0.00001
3964.83174,-0.00001
3963.40657,-0.00002
3961.98139,0.00004
3960.55622,0.00016
3959.13105,0.00026
3957.70587,0.00029
3956.28070,0.00027
3954.85553,0.00027
3953.43036,0.00028
3952.00518,0.00028
3950.58001,0.00029
3949.15484,0.00034
3947.72966,0.00041
3946.30449,0.00048
3944.87932,0.00055
3943.45414,0.00066
3942.02897,0.00078
3940.60380,0.00087
3939.17862,0.00091
3937.75345,0.00094
3936.32828,0.00101
3934.90310,0.00109
3933.47793,0.00118
3932.05276,0.00125
3930.62758,0.00133
3929.20241,0.00142
3927.77724,0.00153
3926.35207,0.00166
3924.92689,0.00181
3923.50172,0.00197
3922.07655,0.00212
3920.65137,0.00226
3919.22620,0.00239
3917.80103,0.00254
3916.37585,0.00271
3914.95068,0.00286
3913.52551,0.00298
3912.10033,0.00308
3910.67516,0.00319
3909.24999,0.00333
3907.82481,0.00351
3906.39964,0.00367
3904.97447,0.00379
3903.54929,0.00389
3902.12412,0.00403
3900.69895,0.00424
3899.27378,0.00447
3897.84860,0.00465
3896.42343,0.00472
3894.99826,0.00472
3893.57308,0.00476
3892.14791,0.00491
3890.72274,0.00510
3889.29756,0.00519
3887.87239,0.00516
3886.44722,0.00512
3885.02204,0.00512
3883.59687,0.00517
3882.17170,0.00526
3880.74652,0.00542
3879.32135,0.00558
3877.89618,0.00568
3876.47100,0.00573
3875.04583,0.00575
3873.62066,0.00577
3872.19548,0.00579
3870.77031,0.00582
3869.34514,0.00582
3867.91997,0.00579
3866.49479,0.00579
3865.06962,0.00587
3863.64445,0.00598
3862.21927,0.00600
3860.79410,0.00587
3859.36893,0.00566
3857.94375,0.00546
3856.51858,0.00535
3855.09341,0.00534
3853.66823,0.00539
3852.24306,0.00537
3850.81789,0.00534
3849.39271,0.00536
3847.96754,0.00541
3846.54237,0.00546
3845.11719,0.00548
3843.69202,0.00546
3842.26685,0.00540
3840.84168,0.00532
3839.41650,0.00525
3837.99133,0.00519
3836.56616,0.00515
3835.14098,0.00516
3833.71581,0.00520
3832.29064,0.00521
3830.86546,0.00518
3829.44029,0.00509
3828.01512,0.00498
3826.58994,0.00486
3825.16477,0.00472
3823.73960,0.00457
3822.31442,0.00444
3820.88925,0.00435
3819.46408,0.00428
3818.03890,0.00422
3816.61373,0.00415
3815.18856,0.00412
3813.76339,0.00408
3812.33821,0.00400
3810.91304,0.00388
3809.48787,0.00372
3808.06269,0.00355
3806.63752,0.00342
3805.21235,0.00335
3803.78717,0.00330
3802.36200,0.00324
3800.93683,0.00316
3799.51165,0.00308
3798.08648,0.00300
3796.66131,0.00290
3795.23613,0.00278
3793.81096,0.00269
3792.38579,0.00262
3790.96061,0.00258
3789.53544,0.00251
3788.11027,0.00241
3786.68510,0.00234
3785.25992,0.00231
3783.83475,0.00232
3782.40958,0.00234
3780.98440,0.00232
3779.55923,0.00225
3778.13406,0.00214
3776.70888,0.00205
3775.28371,0.00202
3773.85854,0.00203
3772.43336,0.00206
3771.00819,0.00208
3769.58302,0.00203
3768.15784,0.00195
3766.73267,0.00190
3765.30750,0.00190
3763.88232,0.00191
3762.45715,0.00189
3761.03198,0.00189
3759.60681,0.00193
3758.18163,0.00198
3756.75646,0.00197
3755.33129,0.00190
3753.90611,0.00181
3752.48094,0.00178
3751.05577,0.00185
3749.63059,0.00189
3748.20542,0.00181
3746.78025,0.00169
3745.35507,0.00159
3743.92990,0.00154
3742.50473,0.00151
3741.07955,0.00151
3739.65438,0.00156
3738.22921,0.00160
3736.80403,0.00156
3735.37886,0.00146
3733.95369,0.00135
3732.52851,0.00126
3731.10334,0.00119
3729.67817,0.00113
3728.25300,0.00109
3726.82782,0.00103
3725.40265,0.00093
3723.97748,0.00081
3722.55230,0.00074
3721.12713,0.00072
3719.70196,0.00072
3718.27678,0.00073
3716.85161,0.00071
3715.42644,0.00067
3714.00126,0.00061
3712.57609,0.00054
3711.15092,0.00046
3709.72574,0.00039
3708.30057,0.00035
3706.87540,0.00033
3705.45022,0.00027
3704.02505,0.00016
3702.59988,0.00003
3701.17471,-0.00007
3699.74953,-0.00013
3698.32436,-0.00016
3696.89919,-0.00016
3695.47401,-0.00017
3694.04884,-0.00021
3692.62367,-0.00030
3691.19849,-0.00041
3689.77332,-0.00054
3688.34815,-0.00068
3686.92297,-0.00081
3685.49780,-0.00092
3684.07263,-0.00100
3682.64745,-0.00107
3681.22228,-0.00110
3679.79711,-0.00113
3678.37193,-0.00119
3676.94676,-0.00128
3675.52159,-0.00141
3674.09642,-0.00158
3672.67124,-0.00178
3671.24607,-0.00195
3669.82090,-0.00208
3668.39572,-0.00218
3666.97055,-0.00231
3665.54538,-0.00249
3664.12020,-0.00269
3662.69503,-0.00287
3661.26986,-0.00302
3659.84468,-0.00314
3658.41951,-0.00325
3656.99434,-0.00338
3655.56916,-0.00352
3654.14399,-0.00365
3652.71882,-0.00379
3651.29364,-0.00395
3649.86847,-0.00415
3648.44330,-0.00440
3647.01813,-0.00469
3645.59295,-0.00496
3644.16778,-0.00519
3642.74261,-0.00538
3641.31743,-0.00556
3639.89226,-0.00576
3638.46709,-0.00599
3637.04191,-0.00624
3635.61674,-0.00647
3634.19157,-0.00670
3632.76639,-0.00695
3631.34122,-0.00719
3629.91605,-0.00746
3628.49087,-0.00773
3627.06570,-0.00799
3625.64053,-0.00823
3624.21535,-0.00848
3622.79018,-0.00877
3621.36501,-0.00908
3619.93984,-0.00938
3618.51466,-0.00962
3617.08949,-0.00978
3615.66432,-0.00992
3614.23914,-0.01015
3612.81397,-0.01050
3611.38880,-0.01091
3609.96362,-0.01127
3608.53845,-0.01158
3607.11328,-0.01185
3605.68810,-0.01210
3604.26293,-0.01230
3602.83776,-0.01249
3601.41258,-0.01270
3599.98741,-0.01292
3598.56224,-0.01313
3597.13706,-0.01334
3595.71189,-0.01357
3594.28672,-0.01381
3592.86154,-0.01407
3591.43637,-0.01434
3590.01120,-0.01463
3588.58603,-0.01495
3587.16085,-0.01528
3585.73568,-0.01560
3584.31051,-0.01591
3582.88533,-0.01618
3581.46016,-0.01636
3580.03499,-0.01645
3578.60981,-0.01650
3577.18464,-0.01663
3575.75947,-0.01684
3574.33429,-0.01706
3572.90912,-0.01727
3571.48395,-0.01752
3570.05877,-0.01781
3568.63360,-0.01807
3567.20843,-0.01822
3565.78325,-0.01829
3564.35808,-0.01837
3562.93291,-0.01851
3561.50774,-0.01870
3560.08256,-0.01892
3558.65739,-0.01918
3557.23222,-0.01948
3555.80704,-0.01977
3554.38187,-0.01996
3552.95670,-0.02000
3551.53152,-0.01998
3550.10635,-0.02004
3548.68118,-0.02019
3547.25600,-0.02038
3545.83083,-0.02057
3544.40566,-0.02073
3542.98048,-0.02086
3541.55531,-0.02101
3540.13014,-0.02124
3538.70496,-0.02159
3537.27979,-0.02202
3535.85462,-0.02240
3534.42945,-0.02268
3533.00427,-0.02291
3531.57910,-0.02318
3530.15393,-0.02343
3528.72875,-0.02354
3527.30358,-0.02354
3525.87841,-0.02359
3524.45323,-0.02381
3523.02806,-0.02423
3521.60289,-0.02470
3520.17771,-0.02499
3518.75254,-0.02504
3517.32737,-0.02501
3515.90219,-0.02515
3514.47702,-0.02549
3513.05185,-0.02590
3511.62667,-0.02631
3510.20150,-0.02674
3508.77633,-0.02719
3507.35116,-0.02747
3505.92598,-0.02752
3504.50081,-0.02750
3503.07564,-0.02768
3501.65046,-0.02802
3500.22529,-0.02830
3498.80012,-0.02844
3497.37494,-0.02855
3495.94977,-0.02873
3494.52460,-0.02901
3493.09942,-0.02934
3491.67425,-0.02962
3490.24908,-0.02976
3488.82390,-0.02969
3487.39873,-0.02947
3485.97356,-0.02929
3484.54838,-0.02934
3483.12321,-0.02961
3481.69804,-0.02988
3480.27287,-0.02997
3478.84769,-0.02994
3477.42252,-0.02988
3475.99735,-0.02983
3474.57217,-0.02978
3473.14700,-0.02973
3471.72183,-0.02972
3470.29665,-0.02978
3468.87148,-0.02993
3467.44631,-0.03008
3466.02113,-0.03010
3464.59596,-0.02989
3463.17079,-0.02954
3461.74561,-0.02928
3460.32044,-0.02931
3458.89527,-0.02957
3457.47009,-0.02986
3456.04492,-0.03001
3454.61975,-0.02995
3453.19457,-0.02974
3451.76940,-0.02950
3450.34423,-0.02925
3448.91906,-0.02902
3447.49388,-0.02892
3446.06871,-0.02907
3444.64354,-0.02935
3443.21836,-0.02950
3441.79319,-0.02934
3440.36802,-0.02902
3438.94284,-0.02888
3437.51767,-0.02910
3436.09250,-0.02956
3434.66732,-0.02997
3433.24215,-0.03008
3431.81698,-0.02990
3430.39180,-0.02967
3428.96663,-0.02962
3427.54146,-0.02986
3426.11628,-0.03039
3424.69111,-0.03105
3423.26594,-0.03152
3421.84077,-0.03155
3420.41559,-0.03118
3418.99042,-0.03072
3417.56525,-0.03047
3416.14007,-0.03049
3414.71490,-0.03060
3413.28973,-0.03069
3411.86455,-0.03072
3410.43938,-0.03070
3409.01421,-0.03063
3407.58903,-0.03052
3406.16386,-0.03046
3404.73869,-0.03045
3403.31351,-0.03049
3401.88834,-0.03059
3400.46317,-0.03073
3399.03799,-0.03084
3397.61282,-0.03090
3396.18765,-0.03093
3394.76248,-0.03088
3393.33730,-0.03074
3391.91213,-0.03055
3390.48696,-0.03040
3389.06178,-0.03031
3387.63661,-0.03027
3386.21144,-0.03029
3384.78626,-0.03029
3383.36109,-0.03023
3381.93592,-0.03010
3380.51074,-0.02990
3379.08557,-0.02964
3377.66040,-0.02937
3376.23522,-0.02921
3374.81005,-0.02914
3373.38488,-0.02896
3371.95970,-0.02862
3370.53453,-0.02820
3369.10936,-0.02785
3367.68419,-0.02760
3366.25901,-0.02737
3364.83384,-0.02709
3363.40867,-0.02679
3361.98349,-0.02650
3360.55832,-0.02614
3359.13315,-0.02569
3357.70797,-0.02530
3356.28280,-0.02506
3354.85763,-0.02487
3353.43245,-0.02462
3352.00728,-0.02442
3350.58211,-0.02441
3349.15693,-0.02456
3347.73176,-0.02459
3346.30659,-0.02434
3344.88141,-0.02385
3343.45624,-0.02335
3342.03107,-0.02293
3340.60590,-0.02255
3339.18072,-0.02227
3337.75555,-0.02214
3336.33038,-0.02213
3334.90520,-0.02208
3333.48003,-0.02188
3332.05486,-0.02160
3330.62968,-0.02139
3329.20451,-0.02133
3327.77934,-0.02136
3326.35416,-0.02136
3324.92899,-0.02129
3323.50382,-0.02118
3322.07864,-0.02107
3320.65347,-0.02094
3319.22830,-0.02074
3317.80312,-0.02048
3316.37795,-0.02025
3314.95278,-0.02006
3313.52760,-0.01990
3312.10243,-0.01970
3310.67726,-0.01943
3309.25209,-0.01918
3307.82691,-0.01902
3306.40174,-0.01892
3304.97657,-0.01885
3303.55139,-0.01881
3302.12622,-0.01878
3300.70105,-0.01868
3299.27587,-0.01845
3297.85070,-0.01813
3296.42553,-0.01780
3295.00035,-0.01758
3293.57518,-0.01749
3292.15001,-0.01746
3290.72483,-0.01739
3289.29966,-0.01724
3287.87449,-0.01703
3286.44931,-0.01679
3285.02414,-0.01653
3283.59897,-0.01626
3282.17380,-0.01603
3280.74862,-0.01588
3279.32345,-0.01580
3277.89828,-0.01570
3276.47310,-0.01556
3275.04793,-0.01539
3273.62276,-0.01515
3272.19758,-0.01484
3270.77241,-0.01451
3269.34724,-0.01422
3267.92206,-0.01401
3266.49689,-0.01387
3265.07172,-0.01378
3263.64654,-0.01371
3262.22137,-0.01365
3260.79620,-0.01355
3259.37102,-0.01340
3257.94585,-0.01316
3256.52068,-0.01289
3255.09551,-0.01264
3253.67033,-0.01246
3252.24516,-0.01233
3250.81999,-0.01221
3249.39481,-0.01209
3247.96964,-0.01197
3246.54447,-0.01186
3245.11929,-0.01178
3243.69412,-0.01171
3242.26895,-0.01166
3240.84377,-0.01161
3239.41860,-0.01148
3237.99343,-0.01125
3236.56825,-0.01100
3235.14308,-0.01080
3233.71791,-0.01067
3232.29273,-0.01057
3230.86756,-0.01052
3229.44239,-0.01053
3228.01722,-0.01057
3226.59204,-0.01055
3225.16687,-0.01042
3223.74170,-0.01024
3222.31652,-0.01007
3220.89135,-0.00994
3219.46618,-0.00985
3218.04100,-0.00978
3216.61583,-0.00971
3215.19066,-0.00963
3213.76548,-0.00954
3212.34031,-0.00945
3210.91514,-0.00936
3209.48996,-0.00928
3208.06479,-0.00920
3206.63962,-0.00913
3205.21444,-0.00905
3203.78927,-0.00894
3202.36410,-0.00883
3200.93893,-0.00873
3199.51375,-0.00863
3198.08858,-0.00849
3196.66341,-0.00834
3195.23823,-0.00825
3193.81306,-0.00822
3192.38789,-0.00818
3190.96271,-0.00807
3189.53754,-0.00793
3188.11237,-0.00779
3186.68719,-0.00767
3185.26202,-0.00755
3183.83685,-0.00740
3182.41167,-0.00727
3180.98650,-0.00717
3179.56133,-0.00709
3178.13615,-0.00701
3176.71098,-0.00691
3175.28581,-0.00680
3173.86063,-0.00667
3172.43546,-0.00650
3171.01029,-0.00630
3169.58512,-0.00609
3168.15994,-0.00589
3166.73477,-0.00571
3165.30960,-0.00556
3163.88442,-0.00544
3162.45925,-0.00531
3161.03408,-0.00515
3159.60890,-0.00495
3158.18373,-0.00474
3156.75856,-0.00453
3155.33338,-0.00433
3153.90821,-0.00417
3152.48304,-0.00405
3151.05786,-0.00396
3149.63269,-0.00388
3148.20752,-0.00378
3146.78234,-0.00367
3145.35717,-0.00357
3143.93200,-0.00347
3142.50683,-0.00335
3141.08165,-0.00326
3139.65648,-0.00321
3138.23131,-0.00321
3136.80613,-0.00321
3135.38096,-0.00318
3133.95579,-0.00313
3132.53061,-0.00309
3131.10544,-0.00306
3129.68027,-0.00305
3128.25509,-0.00304
3126.82992,-0.00304
3125.40475,-0.00305
3123.97957,-0.00305
3122.55440,-0.00304
3121.12923,-0.00302
3119.70405,-0.00301
3118.27888,-0.00302
3116.85371,-0.00303
3115.42854,-0.00302
3114.00336,-0.00303
3112.57819,-0.00308
3111.15302,-0.00314
3109.72784,-0.00317
3108.30267,-0.00314
3106.87750,-0.00305
3105.45232,-0.00295
3104.02715,-0.00289
3102.60198,-0.00286
3101.17680,-0.00283
3099.75163,-0.00277
3098.32646,-0.00271
3096.90128,-0.00266
3095.47611,-0.00259
3094.05094,-0.00247
3092.62576,-0.00235
3091.20059,-0.00223
3089.77542,-0.00213
3088.35025,-0.00203
3086.92507,-0.00192
3085.49990,-0.00181
3084.07473,-0.00170
3082.64955,-0.00160
3081.22438,-0.00153
3079.79921,-0.00144
3078.37403,-0.00132
3076.94886,-0.00118
3075.52369,-0.00107
3074.09851,-0.00102
3072.67334,-0.00097
3071.24817,-0.00088
3069.82299,-0.00074
3068.39782,-0.00061
3066.97265,-0.00052
3065.54747,-0.00048
3064.12230,-0.00043
3062.69713,-0.00037
3061.27196,-0.00030
3059.84678,-0.00027
3058.42161,-0.00028
3056.99644,-0.00030
3055.57126,-0.00031
3054.14609,-0.00027
3052.72092,-0.00018
3051.29574,-0.00005
3049.87057,0.00007
3048.44540,0.00014
3047.02022,0.00017
3045.59505,0.00019
3044.16988,0.00022
3042.74470,0.00025
3041.31953,0.00027
3039.89436,0.00029
3038.46918,0.00034
3037.04401,0.00045
3035.61884,0.00061
3034.19366,0.00075
3032.76849,0.00083
3031.34332,0.00086
3029.91815,0.00087
3028.49297,0.00089
3027.06780,0.00092
3025.64263,0.00096
3024.21745,0.00102
3022.79228,0.00107
3021.36711,0.00112
3019.94193,0.00118
3018.51676,0.00126
3017.09159,0.00135
3015.66641,0.00143
3014.24124,0.00148
3012.81607,0.00150
3011.39089,0.00153
3009.96572,0.00158
3008.54055,0.00162
3007.11537,0.00164
3005.69020,0.00164
3004.26503,0.00168
3002.83986,0.00176
3001.41468,0.00185
2999.98951,0.00193
2998.56434,0.00203
2997.13916,0.00213
2995.71399,0.00223
2994.28882,0.00236
2992.86364,0.00254
2991.43847,0.00277
2990.01330,0.00305
2988.58812,0.00335
2987.16295,0.00367
2985.73778,0.00398
2984.31260,0.00429
2982.88743,0.00463
2981.46226,0.00504
2980.03708,0.00550
2978.61191,0.00602
2977.18674,0.00656
2975.76157,0.00707
2974.33639,0.00758
2972.91122,0.00814
2971.48605,0.00872
2970.06087,0.00926
2968.63570,0.00970
2967.21053,0.01006
2965.78535,0.01036
2964.36018,0.01059
2962.93501,0.01070
2961.50983,0.01069
2960.08466,0.01059
2958.65949,0.01046
2957.23431,0.01031
2955.80914,0.01014
2954.38397,0.00994
2952.95879,0.00972
2951.53362,0.00953
2950.10845,0.00937
2948.68328,0.00927
2947.25810,0.00922
2945.83293,0.00921
2944.40776,0.00924
2942.98258,0.00929
2941.55741,0.00932
2940.13224,0.00933
2938.70706,0.00931
2937.28189,0.00924
2935.85672,0.00912
2934.43154,0.00895
2933.00637,0.00875
2931.58120,0.00851
2930.15602,0.00823
2928.73085,0.00794
2927.30568,0.00767
2925.88050,0.00744
2924.45533,0.00723
2923.03016,0.00703
2921.60498,0.00687
2920.17981,0.00674
2918.75464,0.00663
2917.32947,0.00651
2915.90429,0.00638
2914.47912,0.00624
2913.05395,0.00612
2911.62877,0.00602
2910.20360,0.00594
2908.77843,0.00587
2907.35325,0.00582
2905.92808,0.00579
2904.50291,0.00579
2903.07773,0.00581
2901.65256,0.00585
2900.22739,0.00590
2898.80221,0.00595
2897.37704,0.00601
2895.95187,0.00605
2894.52669,0.00605
2893.10152,0.00605
2891.67635,0.00609
2890.25118,0.00616
2888.82600,0.00623
2887.40083,0.00630
2885.97566,0.00639
2884.55048,0.00651
2883.12531,0.00664
2881.70014,0.00677
2880.27496,0.00687
2878.84979,0.00695
2877.42462,0.00701
2875.99944,0.00705
2874.57427,0.00707
2873.14910,0.00710
2871.72392,0.00709
2870.29875,0.00702
2868.87358,0.00689
2867.44840,0.00674
2866.02323,0.00663
2864.59806,0.00660
2863.17289,0.00663
2861.74771,0.00671
2860.32254,0.00680
2858.89737,0.00688
2857.47219,0.00695
2856.04702,0.00702
2854.62185,0.00711
2853.19667,0.00725
2851.77150,0.00742
2850.34633,0.00762
2848.92115,0.00779
2847.49598,0.00792
2846.07081,0.00799
2844.64563,0.00804
2843.22046,0.00811
2841.79529,0.00820
2840.37011,0.00826
2838.94494,0.00826
2837.51977,0.00822
2836.09460,0.00816
2834.66942,0.00811
2833.24425,0.00807
2831.81908,0.00806
2830.39390,0.00806
2828.96873,0.00806
2827.54356,0.00805
2826.11838,0.00803
2824.69321,0.00799
2823.26804,0.00795
2821.84286,0.00793
2820.41769,0.00797
2818.99252,0.00810
2817.56734,0.00832
2816.14217,0.00858
2814.71700,0.00881
2813.29182,0.00900
2811.86665,0.00914
2810.44148,0.00929
2809.01631,0.00949
2807.59113,0.00974
2806.16596,0.00996
2804.74079,0.01013
2803.31561,0.01025
2801.89044,0.01034
2800.46527,0.01041
2799.04009,0.01049
2797.61492,0.01063
2796.18975,0.01082
2794.76457,0.01102
2793.33940,0.01120
2791.91423,0.01132
2790.48905,0.01140
2789.06388,0.01151
2787.63871,0.01172
2786.21353,0.01207
2784.78836,0.01253
2783.36319,0.01304
2781.93801,0.01353
2780.51284,0.01399
2779.08767,0.01448
2777.66250,0.01509
2776.23732,0.01585
2774.81215,0.01668
2773.38698,0.01754
2771.96180,0.01841
2770.53663,0.01929
2769.11146,0.02018
2767.68628,0.02106
2766.26111,0.02192
2764.83594,0.02281
2763.41076,0.02381
2761.98559,0.02495
2760.56042,0.02624
2759.13524,0.02766
2757.71007,0.02921
2756.28490,0.03085
2754.85972,0.03246
2753.43455,0.03401
2752.00938,0.03557
2750.58421,0.03730
2749.15903,0.03933
2747.73386,0.04174
2746.30869,0.04440
2744.88351,0.04695
2743.45834,0.04898
2742.03317,0.05044
2740.60799,0.05178
2739.18282,0.05344
2737.75765,0.05522
2736.33247,0.05642
2734.90730,0.05681
2733.48213,0.05683
2732.05695,0.05664
2730.63178,0.05574
2729.20661,0.05371
2727.78143,0.05098
2726.35626,0.04844
2724.93109,0.04651
2723.50592,0.04478
2722.08074,0.04272
2720.65557,0.04043
2719.23040,0.03818
2717.80522,0.03585
2716.38005,0.03321
2714.95488,0.03054
2713.52970,0.02875
2712.10453,0.02862
2710.67936,0.02993
2709.25418,0.03127
2707.82901,0.03129
2706.40384,0.02991
2704.97866,0.02821
2703.55349,0.02695
2702.12832,0.02574
2700.70314,0.02393
2699.27797,0.02178
2697.85280,0.01999
2696.42763,0.01867
2695.00245,0.01769
2693.57728,0.01736
2692.15211,0.01792
2690.72693,0.01898
2689.30176,0.02033
2687.87659,0.02224
2686.45141,0.02461
2685.02624,0.02674
2683.60107,0.02830
2682.17589,0.02963
2680.75072,0.03108
2679.32555,0.03263
2677.90037,0.03408
2676.47520,0.03548
2675.05003,0.03710
2673.62485,0.03907
2672.19968,0.04126
2670.77451,0.04342
2669.34934,0.04563
2667.92416,0.04817
2666.49899,0.05090
2665.07382,0.05342
2663.64864,0.05602
2662.22347,0.05949
2660.79830,0.06368
2659.37312,0.06737
2657.94795,0.07005
2656.52278,0.07256
2655.09760,0.07540
2653.67243,0.07769
2652.24726,0.07846
2650.82208,0.07797
2649.39691,0.07731
2647.97174,0.07724
2646.54656,0.07768
2645.12139,0.07823
2643.69622,0.07901
2642.27104,0.08061
2640.84587,0.08299
2639.42070,0.08508
2637.99553,0.08585
2636.57035,0.08506
2635.14518,0.08315
2633.72001,0.08099
2632.29483,0.07939
2630.86966,0.07825
2629.44449,0.07677
2628.01931,0.07476
2626.59414,0.07290
2625.16897,0.07144
2623.74379,0.06993
2622.31862,0.06818
2620.89345,0.06647
2619.46827,0.06465
2618.04310,0.06209
2616.61793,0.05849
2615.19275,0.05452
2613.76758,0.05134
2612.34241,0.04960
2610.91724,0.04864
2609.49206,0.04701
2608.06689,0.04392
2606.64172,0.04002
2605.21654,0.03661
2603.79137,0.03441
2602.36620,0.03339
2600.94102,0.03304
2599.51585,0.03270
2598.09068,0.03197
2596.66550,0.03106
2595.24033,0.03034
2593.81516,0.02951
2592.38998,0.02825
2590.96481,0.02720
2589.53964,0.02749
2588.11446,0.02898
2586.68929,0.03034
2585.26412,0.03082
2583.83895,0.03123
2582.41377,0.03267
2580.98860,0.03507
2579.56343,0.03759
2578.13825,0.03984
2576.71308,0.04222
2575.28791,0.04509
2573.86273,0.04835
2572.43756,0.05157
2571.01239,0.05407
2569.58721,0.05547
2568.16204,0.05643
2566.73687,0.05814
2565.31169,0.06092
2563.88652,0.06404
2562.46135,0.06693
2561.03617,0.06967
2559.61100,0.07257
2558.18583,0.07562
2556.76066,0.07851
2555.33548,0.08099
2553.91031,0.08318
2552.48514,0.08532
2551.05996,0.08745
2549.63479,0.08958
2548.20962,0.09153
2546.78444,0.09282
2545.35927,0.09326
2543.93410,0.09354
2542.50892,0.09425
2541.08375,0.09497
2539.65858,0.09506
2538.23340,0.09482
2536.80823,0.09462
2535.38306,0.09393
2533.95788,0.09229
2532.53271,0.09044
2531.10754,0.08933
2529.68237,0.08845
2528.25719,0.08645
2526.83202,0.08300
2525.40685,0.07921
2523.98167,0.07630
2522.55650,0.07451
2521.13133,0.07317
2519.70615,0.07142
2518.28098,0.06885
2516.85581,0.06580
2515.43063,0.06273
2514.00546,0.05939
2512.58029,0.05528
2511.15511,0.05091
2509.72994,0.04749
2508.30477,0.04537
2506.87959,0.04359
2505.45442,0.04123
2504.02925,0.03834
2502.60407,0.03566
2501.17890,0.03401
2499.75373,0.03372
2498.32856,0.03443
2496.90338,0.03518
2495.47821,0.03527
2494.05304,0.03499
2492.62786,0.03525
2491.20269,0.03621
2489.77752,0.03702
2488.35234,0.03718
2486.92717,0.03742
2485.50200,0.03860
2484.07682,0.04039
2482.65165,0.04188
2481.22648,0.04275
2479.80130,0.04358
2478.37613,0.04506
2476.95096,0.04745
2475.52578,0.05044
2474.10061,0.05330
2472.67544,0.05532
2471.25027,0.05655
2469.82509,0.05783
2468.39992,0.05981
2466.97475,0.06219
2465.54957,0.06444
2464.12440,0.06678
2462.69923,0.06984
2461.27405,0.07369
2459.84888,0.07788
2458.42371,0.08210
2456.99853,0.08621
2455.57336,0.08970
2454.14819,0.09185
2452.72301,0.09233
2451.29784,0.09152
2449.87267,0.09042
2448.44749,0.09013
2447.02232,0.09104
2445.59715,0.09252
2444.17198,0.09373
2442.74680,0.09423
2441.32163,0.09371
2439.89646,0.09196
2438.47128,0.08936
2437.04611,0.08671
2435.62094,0.08472
2434.19576,0.08357
2432.77059,0.08289
2431.34542,0.08211
2429.92024,0.08106
2428.49507,0.07979
2427.06990,0.07793
2425.64472,0.07496
2424.21955,0.07105
2422.79438,0.06705
2421.36920,0.06369
2419.94403,0.06096
2418.51886,0.05830
2417.09369,0.05534
2415.66851,0.05243
2414.24334,0.05003
2412.81817,0.04800
2411.39299,0.04589
2409.96782,0.04349
2408.54265,0.04102
2407.11747,0.03878
2405.69230,0.03684
2404.26713,0.03492
2402.84195,0.03276
2401.41678,0.03045
2399.99161,0.02834
2398.56643,0.02666
2397.14126,0.02543
2395.71609,0.02456
2394.29091,0.02409
2392.86574,0.02416
2391.44057,0.02475
2390.01540,0.02558
2388.59022,0.02641
2387.16505,0.02721
2385.73988,0.02803
2384.31470,0.02890
2382.88953,0.03005
2381.46436,0.03191
2380.03918,0.03464
2378.61401,0.03770
2377.18884,0.04031
2375.76366,0.04226
2374.33849,0.04363
2372.91332,0.04425
2371.48814,0.04470
2370.06297,0.04716
2368.63780,0.05297
2367.21262,0.05928
2365.78745,0.06122
2364.36228,0.05795
2362.93710,0.05450
2361.51193,0.05571
2360.08676,0.06069
2358.66159,0.06606
2357.23641,0.07101
2355.81124,0.07572
2354.38607,0.07912
2352.96089,0.08103
2351.53572,0.08251
2350.11055,0.08375
2348.68537,0.08428
2347.26020,0.08426
2345.83503,0.08470
2344.40985,0.08568
2342.98468,0.08506
2341.55951,0.08149
2340.13433,0.07649
2338.70916,0.07146
2337.28399,0.06638
2335.85881,0.06283
2334.43364,0.06414
2333.00847,0.07057
2331.58330,0.07737
2330.15812,0.07947
2328.73295,0.07658
2327.30778,0.07202
2325.88260,0.06850
2324.45743,0.06632
2323.03226,0.06425
2321.60708,0.06131
2320.18191,0.05736
2318.75674,0.05254
2317.33156,0.04710
2315.90639,0.04210
2314.48122,0.03881
2313.05604,0.03736
2311.63087,0.03645
2310.20570,0.03481
2308.78052,0.03236
2307.35535,0.02983
2305.93018,0.02785
2304.50501,0.02631
2303.07983,0.02458
2301.65466,0.02254
2300.22949,0.02099
2298.80431,0.02044
2297.37914,0.02031
2295.95397,0.01993
2294.52879,0.01947
2293.10362,0.01908
2291.67845,0.01861
2290.25327,0.01850
2288.82810,0.01973
2287.40293,0.02230
2285.97775,0.02515
2284.55258,0.02766
2283.12741,0.02987
2281.70223,0.03162
2280.27706,0.03282
2278.85189,0.03421
2277.42672,0.03665
2276.00154,0.03982
2274.57637,0.04243
2273.15120,0.04369
2271.72602,0.04397
2270.30085,0.04433
2268.87568,0.04554
2267.45050,0.04747
2266.02533,0.04952
2264.60016,0.05131
2263.17498,0.05274
2261.74981,0.05388
2260.32464,0.05491
2258.89946,0.05593
2257.47429,0.05677
2256.04912,0.05735
2254.62394,0.05785
2253.19877,0.05847
2251.77360,0.05900
2250.34843,0.05909
2248.92325,0.05866
2247.49808,0.05789
2246.07291,0.05708
2244.64773,0.05643
2243.22256,0.05595
2241.79739,0.05548
2240.37221,0.05489
2238.94704,0.05419
2237.52187,0.05337
2236.09669,0.05237
2234.67152,0.05107
2233.24635,0.04947
2231.82117,0.04778
2230.39600,0.04623
2228.97083,0.04484
2227.54565,0.04332
2226.12048,0.04160
2224.69531,0.03996
2223.27013,0.03875
2221.84496,0.03796
2220.41979,0.03722
2218.99462,0.03605
2217.56944,0.03434
2216.14427,0.03248
2214.71910,0.03099
2213.29392,0.02999
2211.86875,0.02923
2210.44358,0.02855
2209.01840,0.02795
2207.59323,0.02733
2206.16806,0.02648
2204.74288,0.02539
2203.31771,0.02433
2201.89254,0.02356
2200.46736,0.02310
2199.04219,0.02280
2197.61702,0.02251
2196.19184,0.02219
2194.76667,0.02184
2193.34150,0.02152
2191.91633,0.02124
2190.49115,0.02100
2189.06598,0.02076
2187.64081,0.02051
2186.21563,0.02023
2184.79046,0.01992
2183.36529,0.01961
2181.94011,0.01937
2180.51494,0.01931
2179.08977,0.01939
2177.66459,0.01948
2176.23942,0.01947
2174.81425,0.01938
2173.38907,0.01929
2171.96390,0.01924
2170.53873,0.01923
2169.11355,0.01923
2167.68838,0.01918
2166.26321,0.01904
2164.83804,0.01889
2163.41286,0.01880
2161.98769,0.01880
2160.56252,0.01878
2159.13734,0.01868
2157.71217,0.01851
2156.28700,0.01833
2154.86182,0.01817
2153.43665,0.01803
2152.01148,0.01790
2150.58630,0.01774
2149.16113,0.01753
2147.73596,0.01726
2146.31078,0.01696
2144.88561,0.01666
2143.46044,0.01639
2142.03526,0.01612
2140.61009,0.01580
2139.18492,0.01538
2137.75975,0.01494
2136.33457,0.01458
2134.90940,0.01433
2133.48423,0.01409
2132.05905,0.01376
2130.63388,0.01337
2129.20871,0.01303
2127.78353,0.01275
2126.35836,0.01249
2124.93319,0.01218
2123.50801,0.01183
2122.08284,0.01147
2120.65767,0.01108
2119.23249,0.01068
2117.80732,0.01027
2116.38215,0.00993
2114.95697,0.00967
2113.53180,0.00944
2112.10663,0.00918
2110.68146,0.00890
2109.25628,0.00866
2107.83111,0.00845
2106.40594,0.00824
2104.98076,0.00796
2103.55559,0.00767
2102.13042,0.00741
2100.70524,0.00719
2099.28007,0.00696
2097.85490,0.00675
2096.42972,0.00660
2095.00455,0.00653
2093.57938,0.00647
2092.15420,0.00636
2090.72903,0.00620
2089.30386,0.00603
2087.87868,0.00592
2086.45351,0.00586
2085.02834,0.00582
2083.60316,0.00578
2082.17799,0.00574
2080.75282,0.00573
2079.32765,0.00574
2077.90247,0.00575
2076.47730,0.00575
2075.05213,0.00570
2073.62695,0.00563
2072.20178,0.00555
2070.77661,0.00550
2069.35143,0.00549
2067.92626,0.00552
2066.50109,0.00556
2065.07591,0.00559
2063.65074,0.00562
2062.22557,0.00565
2060.80039,0.00568
2059.37522,0.00571
2057.95005,0.00576
2056.52487,0.00578
2055.09970,0.00577
2053.67453,0.00571
2052.24936,0.00564
2050.82418,0.00557
2049.39901,0.00554
2047.97384,0.00553
2046.54866,0.00554
2045.12349,0.00554
2043.69832,0.00553
2042.27314,0.00548
2040.84797,0.00538
2039.42280,0.00523
2037.99762,0.00508
2036.57245,0.00497
2035.14728,0.00489
2033.72210,0.00480
2032.29693,0.00470
2030.87176,0.00460
2029.44658,0.00452
2028.02141,0.00443
2026.59624,0.00431
2025.17107,0.00417
2023.74589,0.00401
2022.32072,0.00385
2020.89555,0.00370
2019.47037,0.00355
2018.04520,0.00340
2016.62003,0.00325
2015.19485,0.00311
2013.76968,0.00296
2012.34451,0.00281
2010.91933,0.00266
2009.49416,0.00251
2008.06899,0.00240
2006.64381,0.00232
2005.21864,0.00226
2003.79347,0.00216
2002.36829,0.00201
2000.94312,0.00186
1999.51795,0.00174
1998.09278,0.00167
1996.66760,0.00161
1995.24243,0.00156
1993.81726,0.00152
1992.39208,0.00147
1990.96691,0.00140
1989.54174,0.00133
1988.11656,0.00126
1986.69139,0.00122
1985.26622,0.00122
1983.84104,0.00124
1982.41587,0.00128
1980.99070,0.00133
1979.56552,0.00136
1978.14035,0.00137
1976.71518,0.00138
1975.29000,0.00141
1973.86483,0.00145
1972.43966,0.00150
1971.01449,0.00155
1969.58931,0.00160
1968.16414,0.00163
1966.73897,0.00166
1965.31379,0.00169
1963.88862,0.00175
1962.46345,0.00179
1961.03827,0.00183
1959.61310,0.00186
1958.18793,0.00190
1956.76275,0.00194
1955.33758,0.00196
1953.91241,0.00198
1952.48723,0.00198
1951.06206,0.00197
1949.63689,0.00194
1948.21171,0.00189
1946.78654,0.00185
1945.36137,0.00183
1943.93619,0.00182
1942.51102,0.00181
1941.08585,0.00181
1939.66068,0.00179
1938.23550,0.00175
1936.81033,0.00169
1935.38516,0.00162
1933.95998,0.00155
1932.53481,0.00146
1931.10964,0.00137
1929.68446,0.00128
1928.25929,0.00120
1926.83412,0.00113
1925.40894,0.00106
1923.98377,0.00099
1922.55860,0.00093
1921.13342,0.00088
1919.70825,0.00082
1918.28308,0.00073
1916.85790,0.00059
1915.43273,0.00043
1914.00756,0.00031
1912.58239,0.00024
1911.15721,0.00022
1909.73204,0.00021
1908.30687,0.00018
1906.88169,0.00011
1905.45652,-0.00000
1904.03135,-0.00011
1902.60617,-0.00018
1901.18100,-0.00020
1899.75583,-0.00019
1898.33065,-0.00018
1896.90548,-0.00019
1895.48031,-0.00022
1894.05513,-0.00025
1892.62996,-0.00029
1891.20479,-0.00033
1889.77961,-0.00037
1888.35444,-0.00041
1886.92927,-0.00044
1885.50410,-0.00044
1884.07892,-0.00042
1882.65375,-0.00038
1881.22858,-0.00034
1879.80340,-0.00030
1878.37823,-0.00027
1876.95306,-0.00024
1875.52788,-0.00022
1874.10271,-0.00020
1872.67754,-0.00018
1871.25236,-0.00013
1869.82719,-0.00006
1868.40202,0.00002
1866.97684,0.00010
1865.55167,0.00017
1864.12650,0.00026
1862.70132,0.00032
1861.27615,0.00036
1859.85098,0.00038
1858.42581,0.00042
1857.00063,0.00050
1855.57546,0.00061
1854.15029,0.00070
1852.72511,0.00076
1851.29994,0.00081
1849.87477,0.00088
1848.44959,0.00095
1847.02442,0.00105
1845.59925,0.00116
1844.17407,0.00125
1842.74890,0.00129
1841.32373,0.00131
1839.89855,0.00135
1838.47338,0.00138
1837.04821,0.00139
1835.62303,0.00138
1834.19786,0.00138
1832.77269,0.00140
1831.34751,0.00143
1829.92234,0.00145
1828.49717,0.00143
1827.07200,0.00138
1825.64682,0.00134
1824.22165,0.00130
1822.79648,0.00125
1821.37130,0.00117
1819.94613,0.00108
1818.52096,0.00099
1817.09578,0.00091
1815.67061,0.00082
1814.24544,0.00076
1812.82026,0.00070
1811.39509,0.00064
1809.96992,0.00059
1808.54474,0.00056
1807.11957,0.00056
1805.69440,0.00055
1804.26922,0.00050
1802.84405,0.00042
1801.41888,0.00035
1799.99371,0.00032
1798.56853,0.00033
1797.14336,0.00033
1795.71819,0.00032
1794.29301,0.00032
1792.86784,0.00035
1791.44267,0.00041
1790.01749,0.00048
1788.59232,0.00054
1787.16715,0.00062
1785.74197,0.00071
1784.31680,0.00084
1782.89163,0.00099
1781.46645,0.00115
1780.04128,0.00130
1778.61611,0.00142
1777.19093,0.00153
1775.76576,0.00167
1774.34059,0.00187
1772.91542,0.00209
1771.49024,0.00229
1770.06507,0.00244
1768.63990,0.00258
1767.21472,0.00271
1765.78955,0.00285
1764.36438,0.00301
1762.93920,0.00322
1761.51403,0.00347
1760.08886,0.00372
1758.66368,0.00395
1757.23851,0.00416
1755.81334,0.00438
1754.38816,0.00459
1752.96299,0.00482
1751.53782,0.00510
1750.11264,0.00538
1748.68747,0.00565
1747.26230,0.00592
1745.83713,0.00620
1744.41195,0.00650
1742.98678,0.00682
1741.56161,0.00715
1740.13643,0.00750
1738.71126,0.00785
1737.28609,0.00819
1735.86091,0.00855
1734.43574,0.00901
1733.01057,0.00954
1731.58539,0.01000
1730.16022,0.01041
1728.73505,0.01081
1727.30987,0.01118
1725.88470,0.01153
1724.45953,0.01188
1723.03435,0.01221
1721.60918,0.01253
1720.18401,0.01285
1718.75884,0.01320
1717.33366,0.01356
1715.90849,0.01386
1714.48332,0.01412
1713.05814,0.01436
1711.63297,0.01460
1710.20780,0.01481
1708.78262,0.01497
1707.35745,0.01511
1705.93228,0.01523
1704.50710,0.01532
1703.08193,0.01543
1701.65676,0.01566
1700.23158,0.01612
1698.80641,0.01681
1697.38124,0.01772
1695.95606,0.01892
1694.53089,0.02034
1693.10572,0.02185
1691.68054,0.02356
1690.25537,0.02568
1688.83020,0.02806
1687.40503,0.03053
1685.97985,0.03348
1684.55468,0.03742
1683.12951,0.04161
1681.70433,0.04506
1680.27916,0.04803
1678.85399,0.05097
1677.42881,0.05414
1676.00364,0.05772
1674.57847,0.06146
1673.15329,0.06488
1671.72812,0.06813
1670.30295,0.07179
1668.87777,0.07585
1667.45260,0.07959
1666.02743,0.08285
1664.60225,0.08617
1663.17708,0.08988
1661.75191,0.09365
1660.32674,0.09698
1658.90156,0.09979
1657.47639,0.10221
1656.05122,0.10439
1654.62604,0.10660
1653.20087,0.10877
1651.77570,0.11008
1650.35052,0.11045
1648.92535,0.11029
1647.50018,0.10965
1646.07500,0.10850
1644.64983,0.10708
1643.22466,0.10552
1641.79948,0.10373
1640.37431,0.10167
1638.94914,0.09935
1637.52396,0.09645
1636.09879,0.09253
1634.67362,0.08816
1633.24845,0.08436
1631.82327,0.08102
1630.39810,0.07748
1628.97293,0.07341
1627.54775,0.06904
1626.12258,0.06467
1624.69741,0.06028
1623.27223,0.05585
1621.84706,0.05189
1620.42189,0.04881
1618.99671,0.04629
1617.57154,0.04384
1616.14637,0.04149
1614.72119,0.03961
1613.29602,0.03809
1611.87085,0.03657
1610.44567,0.03493
1609.02050,0.03324
1607.59533,0.03165
1606.17016,0.03023
1604.74498,0.02891
1603.31981,0.02765
1601.89464,0.02648
1600.46946,0.02545
1599.04429,0.02454
1597.61912,0.02374
1596.19394,0.02300
1594.76877,0.02232
1593.34360,0.02171
1591.91842,0.02118
1590.49325,0.02078
1589.06808,0.02051
1587.64290,0.02033
1586.21773,0.02012
1584.79256,0.01987
1583.36738,0.01959
1581.94221,0.01927
1580.51704,0.01894
1579.09187,0.01863
1577.66669,0.01825
1576.24152,0.01780
1574.81635,0.01739
1573.39117,0.01712
1571.96600,0.01694
1570.54083,0.01679
1569.11565,0.01661
1567.69048,0.01642
1566.26531,0.01629
1564.84013,0.01627
1563.41496,0.01633
1561.98979,0.01646
1560.56461,0.01661
1559.13944,0.01668
1557.71427,0.01664
1556.28909,0.01662
1554.86392,0.01664
1553.43875,0.01670
1552.01357,0.01680
1550.58840,0.01692
1549.16323,0.01704
1547.73806,0.01715
1546.31288,0.01718
1544.88771,0.01716
1543.46254,0.01718
1542.03736,0.01731
1540.61219,0.01745
1539.18702,0.01742
1537.76184,0.01732
1536.33667,0.01728
1534.91150,0.01727
1533.48632,0.01721
1532.06115,0.01709
1530.63598,0.01701
1529.21080,0.01696
1527.78563,0.01688
1526.36046,0.01678
1524.93528,0.01675
1523.51011,0.01695
1522.08494,0.01762
1520.65977,0.01890
1519.23459,0.02063
1517.80942,0.02237
1516.38425,0.02348
1514.95907,0.02337
1513.53390,0.02207
1512.10873,0.02019
1510.68355,0.01829
1509.25838,0.01666
1507.83321,0.01526
1506.40803,0.01404
1504.98286,0.01316
1503.55769,0.01259
1502.13251,0.01219
1500.70734,0.01192
1499.28217,0.01173
1497.85699,0.01149
1496.43182,0.01117
1495.00665,0.01088
1493.58148,0.01068
1492.15630,0.01057
1490.73113,0.01054
1489.30596,0.01060
1487.88078,0.01078
1486.45561,0.01108
1485.03044,0.01153
1483.60526,0.01219
1482.18009,0.01314
1480.75492,0.01434
1479.32974,0.01574
1477.90457,0.01730
1476.47940,0.01903
1475.05422,0.02094
1473.62905,0.02309
1472.20388,0.02537
1470.77870,0.02739
1469.35353,0.02902
1467.92836,0.03045
1466.50319,0.03184
1465.07801,0.03322
1463.65284,0.03459
1462.22767,0.03594
1460.80249,0.03730
1459.37732,0.03870
1457.95215,0.04012
1456.52697,0.04133
1455.10180,0.04222
1453.67663,0.04292
1452.25145,0.04359
1450.82628,0.04434
1449.40111,0.04516
1447.97593,0.04602
1446.55076,0.04689
1445.12559,0.04774
1443.70041,0.04852
1442.27524,0.04914
1440.85007,0.04953
1439.42490,0.04965
1437.99972,0.04948
1436.57455,0.04893
1435.14938,0.04805
1433.72420,0.04699
1432.29903,0.04576
1430.87386,0.04423
1429.44868,0.04241
1428.02351,0.04051
1426.59834,0.03861
1425.17316,0.03666
1423.74799,0.03469
1422.32282,0.03282
1420.89764,0.03102
1419.47247,0.02923
1418.04730,0.02765
1416.62212,0.02642
1415.19695,0.02537
1413.77178,0.02430
1412.34660,0.02318
1410.92143,0.02209
1409.49626,0.02115
1408.07109,0.02039
1406.64591,0.01969
1405.22074,0.01894
1403.79557,0.01812
1402.37039,0.01730
1400.94522,0.01657
1399.52005,0.01594
1398.09487,0.01539
1396.66970,0.01489
1395.24453,0.01444
1393.81935,0.01411
1392.39418,0.01395
1390.96901,0.01386
1389.54383,0.01370
1388.11866,0.01338
1386.69349,0.01300
1385.26831,0.01273
1383.84314,0.01261
1382.41797,0.01255
1380.99280,0.01248
1379.56762,0.01246
1378.14245,0.01259
1376.71728,0.01286
1375.29210,0.01325
1373.86693,0.01370
1372.44176,0.01417
1371.01658,0.01459
1369.59141,0.01492
1368.16624,0.01515
1366.74106,0.01533
1365.31589,0.01550
1363.89072,0.01565
1362.46554,0.01580
1361.04037,0.01598
1359.61520,0.01621
1358.19002,0.01645
1356.76485,0.01667
1355.33968,0.01689
1353.91451,0.01712
1352.48933,0.01739
1351.06416,0.01771
1349.63899,0.01805
1348.21381,0.01832
1346.78864,0.01845
1345.36347,0.01844
1343.93829,0.01839
1342.51312,0.01836
1341.08795,0.01835
1339.66277,0.01827
1338.23760,0.01810
1336.81243,0.01792
1335.38725,0.01774
1333.96208,0.01755
1332.53691,0.01733
1331.11173,0.01708
1329.68656,0.01679
1328.26139,0.01646
1326.83622,0.01614
1325.41104,0.01585
1323.98587,0.01558
1322.56070,0.01530
1321.13552,0.01501
1319.71035,0.01473
1318.28518,0.01448
1316.86000,0.01432
1315.43483,0.01428
1314.00966,0.01434
1312.58448,0.01442
1311.15931,0.01445
1309.73414,0.01440
1308.30896,0.01432
1306.88379,0.01429
1305.45862,0.01435
1304.03344,0.01447
1302.60827,0.01455
1301.18310,0.01459
1299.75793,0.01463
1298.33275,0.01474
1296.90758,0.01493
1295.48241,0.01515
1294.05723,0.01534
1292.63206,0.01551
1291.20689,0.01571
1289.78171,0.01594
1288.35654,0.01610
1286.93137,0.01619
1285.50619,0.01629
1284.08102,0.01653
1282.65585,0.01695
1281.23067,0.01749
1279.80550,0.01807
1278.38033,0.01862
1276.95515,0.01914
1275.52998,0.01968
1274.10481,0.02036
1272.67963,0.02126
1271.25446,0.02232
1269.82929,0.02343
1268.40412,0.02455
1266.97894,0.02581
1265.55377,0.02728
1264.12860,0.02882
1262.70342,0.03020
1261.27825,0.03135
1259.85308,0.03241
1258.42790,0.03351
1257.00273,0.03471
1255.57756,0.03593
1254.15238,0.03707
1252.72721,0.03811
1251.30204,0.03914
1249.87686,0.04012
1248.45169,0.04084
1247.02652,0.04118
1245.60134,0.04153
1244.17617,0.04233
1242.75100,0.04320
1241.32583,0.04292
1239.90065,0.04116
1238.47548,0.03951
1237.05031,0.03936
1235.62513,0.03976
1234.19996,0.03899
1232.77479,0.03723
1231.34961,0.03565
1229.92444,0.03438
1228.49927,0.03271
1227.07409,0.03035
1225.64892,0.02745
1224.22375,0.02417
1222.79857,0.02089
1221.37340,0.01824
1219.94823,0.01648
1218.52305,0.01521
1217.09788,0.01371
1215.67271,0.01167
1214.24754,0.00936
1212.82236,0.00703
1211.39719,0.00443
1209.97202,0.00139
1208.54684,-0.00147
1207.12167,-0.00314
1205.69650,-0.00350
1204.27132,-0.00389
1202.84615,-0.00599
1201.42098,-0.00975
1199.99580,-0.01345
1198.57063,-0.01606
1197.14546,-0.01832
1195.72028,-0.02070
1194.29511,-0.02232
1192.86994,-0.02290
1191.44476,-0.02337
1190.01959,-0.02390
1188.59442,-0.02329
1187.16925,-0.02063
1185.74407,-0.01568
1184.31890,-0.00874
1182.89373,-0.00134
1181.46855,0.00482
1180.04338,0.00976
1178.61821,0.01431
1177.19303,0.01820
1175.76786,0.02077
1174.34269,0.02216
1172.91751,0.02280
1171.49234,0.02306
1170.06717,0.02363
1168.64199,0.02533
1167.21682,0.02805
1165.79165,0.03054
1164.36647,0.03177
1162.94130,0.03207
1161.51613,0.03228
1160.09096,0.03243
1158.66578,0.03207
1157.24061,0.03141
1155.81544,0.03108
1154.39026,0.03121
1152.96509,0.03151
1151.53992,0.03182
1150.11474,0.03193
1148.68957,0.03138
1147.26440,0.03000
1145.83922,0.02827
1144.41405,0.02702
1142.98888,0.02675
1141.56370,0.02729
1140.13853,0.02792
1138.71336,0.02802
1137.28818,0.02758
1135.86301,0.02702
1134.43784,0.02658
1133.01266,0.02617
1131.58749,0.02562
1130.16232,0.02497
1128.73715,0.02453
1127.31197,0.02444
1125.88680,0.02450
1124.46163,0.02448
1123.03645,0.02440
1121.61128,0.02437
1120.18611,0.02434
1118.76093,0.02426
1117.33576,0.02412
1115.91059,0.02388
1114.48541,0.02349
1113.06024,0.02296
1111.63507,0.02240
1110.20989,0.02190
1108.78472,0.02146
1107.35955,0.02104
1105.93437,0.02067
1104.50920,0.02050
1103.08403,0.02048
1101.65886,0.02033
1100.23368,0.01992
1098.80851,0.01943
1097.38334,0.01904
1095.95816,0.01877
1094.53299,0.01862
1093.10782,0.01854
1091.68264,0.01841
1090.25747,0.01822
1088.83230,0.01816
1087.40712,0.01834
1085.98195,0.01855
1084.55678,0.01848
1083.13160,0.01806
1081.70643,0.01761
1080.28126,0.01763
1078.85608,0.01826
1077.43091,0.01912
1076.00574,0.01984
1074.58057,0.02039
1073.15539,0.02065
1071.73022,0.02035
1070.30505,0.01978
1068.87987,0.01985
1067.45470,0.02095
1066.02953,0.02230
1064.60435,0.02278
1063.17918,0.02218
1061.75401,0.02131
1060.32883,0.02096
1058.90366,0.02110
1057.47849,0.02130
1056.05331,0.02162
1054.62814,0.02213
1053.20297,0.02229
1051.77779,0.02181
1050.35262,0.02133
1048.92745,0.02132
1047.50228,0.02112
1046.07710,0.02024
1044.65193,0.01938
1043.22676,0.01945
1041.80158,0.02050
1040.37641,0.02200
1038.95124,0.02317
1037.52606,0.02329
1036.10089,0.02240
1034.67572,0.02148
1033.25054,0.02139
1031.82537,0.02188
1030.40020,0.02206
1028.97502,0.02156
1027.54985,0.02097
1026.12468,0.02103
1024.69950,0.02156
1023.27433,0.02150
1021.84916,0.02014
1020.42399,0.01809
1018.99881,0.01686
1017.57364,0.01752
1016.14847,0.01970
1014.72329,0.02194
1013.29812,0.02323
1011.87295,0.02374
1010.44777,0.02398
1009.02260,0.02376
1007.59743,0.02250
1006.17225,0.02043
1004.74708,0.01853
1003.32191,0.01747
1001.89673,0.01702
1000.47156,0.01639
999.04639,0.01522
997.62121,0.01445
996.19604,0.01559
994.77087,0.01869
993.34569,0.02141
991.92052,0.02132
990.49535,0.01867
989.07018,0.01591
987.64500,0.01488
986.21983,0.01549
984.79466,0.01677
983.36948,0.01797
981.94431,0.01836
980.51914,0.01674
979.09396,0.01278
977.66879,0.00865
976.24362,0.00715
974.81844,0.00868
973.39327,0.01184
971.96810,0.01594
970.54292,0.02087
969.11775,0.02531
967.69258,0.02779
966.26740,0.02903
964.84223,0.03062
963.41706,0.03218
961.99189,0.03190
960.56671,0.02947
959.14154,0.02706
957.71637,0.02676
956.29119,0.02795
954.86602,0.02932
953.44085,0.03121
952.01567,0.03402
950.59050,0.03711
949.16533,0.03961
947.74015,0.04022
946.31498,0.03733
944.88981,0.03034
943.46463,0.02146
942.03946,0.01679
940.61429,0.02210
939.18911,0.03640
937.76394,0.05304
936.33877,0.06329
934.91360,0.05852
933.48842,0.03408
932.06325,-0.00703
930.63808,-0.04739
929.21290,-0.06169
927.78773,-0.04370
926.36256,-0.03244
924.93738,-0.04995
923.51221,-0.05793
922.08704,-0.03805
920.66186,-0.03772
919.23669,-0.09768
917.81152,-0.20283
916.38634,-0.29112
914.96117,-0.33707
913.53600,-0.31434
912.11082,-0.16725
910.68565,-0.05595
909.26048,0.05471
907.83531,0.14872
906.41013,0.10583
904.98496,0.02437
903.55979,0.03950
902.13461,0.04067
900.70944,-0.04814
899.28427,-0.10333
897.85909,0.03712
896.43392,0.05482
895.00875,0.07464
893.58357,0.10749
892.15840,0.06165
890.73323,-0.08273
889.30805,-0.38288
887.88288,-0.40757
886.45771,-0.22232
885.03253,-0.06876
883.60736,0.08963
882.18219,0.13073
880.75701,0.09110
879.33184,-0.07211
877.90667,-0.17548
876.48150,-0.11929
875.05632,0.04880
873.63115,0.40193
872.20598,0.38728
870.78080,0.33925
869.35563,0.23777
867.93046,-0.18403
866.50528,-0.14846
865.08011,0.02663
863.65494,0.21157
862.22976,0.36834
860.80459,0.32157
859.37942,0.29821
857.95424,0.18076
856.52907,0.04177
855.10390,-0.03949
853.67872,0.08229
852.25355,0.28832
850.82838,0.10524
849.40321,-0.04320
847.97803,-0.03122
846.55286,-0.03557
845.12769,-0.29970
843.70251,-0.16950
842.27734,0.09284
840.85217,0.30363
839.42699,0.35265
838.00182,0.22817
836.57665,0.15828
835.15147,0.15932
833.72630,0.29712
832.30113,0.40411
830.87595,0.04540
829.45078,-0.00777
828.02561,-0.17530
826.60043,-0.44153
825.17526,-0.68037
823.75009,-0.55488
822.32492,-0.23285
820.89974,0.11068
819.47457,0.23259
818.04940,0.29507
816.62422,0.35591
815.19905,0.22112
813.77388,0.15833
812.34870,0.38662
810.92353,0.22128
809.49836,-0.09099
808.07318,0.04822
806.64801,0.06176
805.22284,0.01105
803.79766,-0.01757
802.37249,0.04705
800.94732,0.04555
799.52214,-0.01655
798.09697,-0.17637
796.67180,-0.72159
795.24663,-0.23360
793.82145,0.24540
792.39628,0.49599
790.97111,0.29757
789.54593,0.15203
788.12076,0.01928
786.69559,0.24361
785.27041,0.23547
783.84524,0.11667
782.42007,-0.05910
780.99489,0.02459
779.56972,-0.11106
778.14455,-0.50130
776.71937,-0.61972
775.29420,-0.45768
773.86903,-0.28195
772.44385,-0.12474
771.01868,0.02238
769.59351,0.20861
768.16834,0.32258
766.74316,0.24989
765.31799,0.08445
763.89282,-0.29424
762.46764,-0.52300
761.04247,-0.96659
759.61730,-0.55012
758.19212,-0.06839
756.76695,0.06720
755.34178,0.14345
753.91660,0.09700
752.49143,0.16121
751.06626,0.17873
749.64108,-0.02159
748.21591,-0.26172
746.79074,-0.00085
745.36556,0.33550
743.94039,0.21481
742.51522,0.07184
741.09004,0.21230
739.66487,0.38405
738.23970,0.16893
736.81453,0.06279
735.38935,0.01123
733.96418,0.13424
732.53901,0.34779
731.11383,0.25963
729.68866,-0.01492
728.26349,0.00002
726.83831,0.03167
725.41314,-0.04759
723.98797,-0.23995
722.56279,-0.30144
721.13762,-0.19067
719.71245,0.07363
718.28727,0.17018
716.86210,-0.04435
715.43693,-0.38981
714.01175,-0.50591
712.58658,-0.32839
711.16141,-0.23150
709.73624,0.13725
708.31106,0.41105
706.88589,0.32000
705.46072,0.11851
704.03554,-0.05193
702.61037,-0.02530
701.18520,0.01746
699.76002,0.06967
698.33485,0.13103
696.90968,0.22085
695.48450,0.30257
694.05933,-0.04518
692.63416,-0.22694
691.20898,-0.09934
689.78381,-0.04978
688.35864,-0.09121
686.93346,-0.20415
685.50829,-0.29776
684.08312,-0.14248
682.65795,0.11836
681.23277,0.11724
679.80760,0.08458
678.38243,0.13581
676.95725,0.28927
675.53208,0.13204
674.10691,-0.47067
672.68173,-0.43192
671.25656,-0.30765
669.83139,-0.10795
668.40621,0.03611
666.98104,0.03529
665.55587,0.07730
664.13069,0.09715
662.70552,0.04355
661.28035,0.00024
659.85517,-0.17707
658.43000,-0.14987
657.00483,-0.04962
655.57966,0.12224
654.15448,0.20799
652.72931,0.26980
651.30414,0.39297
649.87896,0.42290
648.45379,0.13073
647.02862,-0.15114
645.60344,-0.16702
644.17827,0.06759
642.75310,0.17524
641.32792,0.02874
639.90275,-0.19680
638.47758,-0.23405
637.05240,0.05753
635.62723,0.32942
634.20206,0.27053
632.77688,0.12798
631.35171,-0.01041
629.92654,-0.11085
628.50137,-0.10609
627.07619,-0.08231
625.65102,0.06374
624.22585,0.07301
622.80067,0.05280
621.37550,0.03594
619.95033,-0.09066
618.52515,0.27574
617.09998,0.50374
615.67481,0.48185
614.24963,-0.08711
612.82446,-0.25010
611.39929,-0.03580
609.97411,0.06620
608.54894,0.11127
607.12377,0.00002
605.69859,-0.22802
604.27342,-0.57122
602.84825,-0.24429
601.42307,-0.13700
599.99790,-0.16706
598.57273,-0.28547
597.14756,-0.33804
595.72238,-0.26310
594.29721,-0.04650
592.87204,0.18012
591.44686,0.06078
590.02169,-0.22112
588.59652,-0.37100
587.17134,-0.08340
585.74617,-0.12292
584.32100,-0.18794
582.89582,-0.08395
581.47065,0.04803
580.04548,0.17077
578.62030,0.20026
577.19513,0.05572
575.76996,-0.12638
574.34478,-0.09912
572.91961,0.09700
571.49444,0.21636
570.06927,0.22837
568.64409,0.33538
567.21892,0.39032
565.79375,0.36541
564.36857,0.34032
562.94340,0.32833
561.51823,0.14206
560.09305,0.13178
558.66788,0.17931
557.24271,0.11792
555.81753,0.08742
554.39236,0.01579
552.96719,-0.13351
551.54201,-0.23377
550.11684,-0.36689
548.69167,-0.57005
547.26649,-0.57522
545.84132,-0.51587
544.41615,-0.25026
542.99098,-0.06418
541.56580,-0.02118
540.14063,-0.11293
538.71546,-0.16994
537.29028,-0.04483
535.86511,0.11360
534.43994,0.16790
533.01476,0.07355
531.58959,-0.15265
530.16442,-0.32590
528.73924,-0.14616
527.31407,-0.10779
525.88890,0.01115
524.46372,0.04943
523.03855,0.19600
521.61338,-0.09134
520.18820,-0.18535
518.76303,-0.16241
517.33786,-0.26643
515.91269,0.02156
514.48751,0.29352
513.06234,0.04328
511.63717,-0.29058
510.21199,-0.25940
508.78682,-0.07392
507.36165,0.13120
505.93647,0.29452
504.51130,0.07482
503.08613,-0.08031
501.66095,-0.04562
500.23578,0.05333
498.81061,0.20537
497.38543,-0.00798
495.96026,-0.13204
494.53509,-0.10864
493.10991,-0.13895
491.68474,-0.20733
490.25957,-0.34253
488.83440,-0.52695
487.40922,-0.19833
485.98405,0.25430
484.55888,0.15686
483.13370,-0.08289
481.70853,-0.08437
480.28336,-0.03551
478.85818,-0.02268
477.43301,-0.01004
476.00784,0.03892
474.58266,0.13613
473.15749,0.29225
471.73232,0.39302
470.30714,0.26692
468.88197,0.13719
467.45680,0.03400
466.03162,-0.07689
464.60645,-0.14591
463.18128,-0.30549
461.75610,-0.19516
460.33093,0.47275
458.90576,0.20890
457.48059,0.07218
456.05541,-0.35957
454.63024,-0.32866
453.20507,-0.18902
451.77989,-0.10628
450.35472,-0.01697
448.92955,-0.03250
447.50437,-0.10268
446.07920,0.05147
444.65403,0.21477
443.22885,-0.09063
441.80368,-0.22323
440.37851,-0.17980
438.95333,-0.02834
437.52816,-0.22540
436.10299,-0.12616
434.67781,0.01554
433.25264,0.11992
431.82747,0.05644
430.40230,0.12037
428.97712,0.07802
427.55195,0.08044
426.12678,0.40483
424.70160,0.34046
423.27643,0.21206
421.85126,-0.05117
420.42608,-0.17450
419.00091,-0.15441
417.57574,-0.04147
416.15056,0.30119
414.72539,0.43874
413.30022,0.23157
411.87504,0.01397
410.44987,-0.06649
409.02470,-0.05131
407.59952,-0.05800
406.17435,-0.07298
404.74918,-0.10538
403.32401,0.03042
401.89883,-0.01387
400.47366,-0.36931
399.04849,-0.27849
