3997.61072,0.00178
3996.18555,0.00188
3994.76038,0.00200
3993.33520,0.00209
3991.91003,0.00211
3990.48486,0.00210
3989.05968,0.00209
3987.63451,0.00210
3986.20934,0.00210
3984.78416,0.00209
3983.35899,0.00207
3981.93382,0.00205
3980.50865,0.00206
3979.08347,0.00209
3977.65830,0.00212
3976.23313,0.00216
3974.80795,0.00220
3973.38278,0.00224
3971.95761,0.00228
3970.53243,0.00228
3969.10726,0.00224
3967.68209,0.00218
3966.25691,0.00215
3964.83174,0.00218
3963.40657,0.00223
3961.98139,0.00227
3960.55622,0.00228
3959.13105,0.00229
3957.70587,0.00229
3956.28070,0.00229
3954.85553,0.00227
3953.43036,0.00223
3952.00518,0.00217
3950.58001,0.00210
3949.15484,0.00204
3947.72966,0.00199
3946.30449,0.00193
3944.87932,0.00183
3943.45414,0.00168
3942.02897,0.00152
3940.60380,0.00139
3939.17862,0.00130
3937.75345,0.00122
3936.32828,0.00113
3934.90310,0.00103
3933.47793,0.00093
3932.05276,0.00082
3930.62758,0.00068
3929.20241,0.00051
3927.77724,0.00032
3926.35207,0.00012
3924.92689,-0.00004
3923.50172,-0.00015
3922.07655,-0.00023
3920.65137,-0.00027
3919.22620,-0.00032
3917.80103,-0.00044
3916.37585,-0.00065
3914.95068,-0.00089
3913.52551,-0.00110
3912.10033,-0.00124
3910.67516,-0.00136
3909.24999,-0.00148
3907.82481,-0.00162
3906.39964,-0.00177
3904.97447,-0.00194
3903.54929,-0.00215
3902.12412,-0.00237
3900.69895,-0.00255
3899.27378,-0.00266
3897.84860,-0.00275
3896.42343,-0.00287
3894.99826,-0.00301
3893.57308,-0.00311
3892.14791,-0.00312
3890.72274,-0.00312
3889.29756,-0.00317
3887.87239,-0.00323
3886.44722,-0.00328
3885.02204,-0.00336
3883.59687,-0.00348
3882.17170,-0.00356
3880.74652,-0.00355
3879.32135,-0.00353
3877.89618,-0.00357
3876.47100,-0.00363
3875.04583,-0.00367
3873.62066,-0.00371
3872.19548,-0.00371
3870.77031,-0.00363
3869.34514,-0.00354
3867.91997,-0.00352
3866.49479,-0.00354
3865.06962,-0.00351
3863.64445,-0.00348
3862.21927,-0.00353
3860.79410,-0.00364
3859.36893,-0.00377
3857.94375,-0.00391
3856.51858,-0.00398
3855.09341,-0.00387
3853.66823,-0.00360
3852.24306,-0.00343
3850.81789,-0.00345
3849.39271,-0.00354
3847.96754,-0.00363
3846.54237,-0.00365
3845.11719,-0.00364
3843.69202,-0.00362
3842.26685,-0.00363
3840.84168,-0.00365
3839.41650,-0.00367
3837.99133,-0.00369
3836.56616,-0.00373
3835.14098,-0.00380
3833.71581,-0.00381
3832.29064,-0.00376
3830.86546,-0.00369
3829.44029,-0.00365
3828.01512,-0.00361
3826.58994,-0.00356
3825.16477,-0.00354
3823.73960,-0.00353
3822.31442,-0.00347
3820.88925,-0.00338
3819.46408,-0.00338
3818.03890,-0.00342
3816.61373,-0.00339
3815.18856,-0.00328
3813.76339,-0.00318
3812.33821,-0.00313
3810.91304,-0.00308
3809.48787,-0.00301
3808.06269,-0.00287
3806.63752,-0.00272
3805.21235,-0.00263
3803.78717,-0.00257
3802.36200,-0.00244
3800.93683,-0.00226
3799.51165,-0.00212
3798.08648,-0.00201
3796.66131,-0.00189
3795.23613,-0.00178
3793.81096,-0.00170
3792.38579,-0.00162
3790.96061,-0.00153
3789.53544,-0.00145
3788.11027,-0.00136
3786.68510,-0.00125
3785.25992,-0.00113
3783.83475,-0.00102
3782.40958,-0.00090
3780.98440,-0.00076
3779.55923,-0.00061
3778.13406,-0.00048
3776.70888,-0.00039
3775.28371,-0.00031
3773.85854,-0.00021
3772.43336,-0.00010
3771.00819,-0.00003
3769.58302,-0.00002
3768.15784,-0.00004
3766.73267,-0.00006
3765.30750,-0.00005
3763.88232,-0.00004
3762.45715,-0.00004
3761.03198,-0.00005
3759.60681,-0.00003
3758.18163,-0.00001
3756.75646,-0.00000
3755.33129,-0.00000
3753.90611,-0.00001
3752.48094,-0.00004
3751.05577,-0.00011
3749.63059,-0.00021
3748.20542,-0.00031
3746.78025,-0.00037
3745.35507,-0.00032
3743.92990,-0.00021
3742.50473,-0.00016
3741.07955,-0.00022
3739.65438,-0.00033
3738.22921,-0.00040
3736.80403,-0.00039
3735.37886,-0.00034
3733.95369,-0.00035
3732.52851,-0.00047
3731.10334,-0.00060
3729.67817,-0.00070
3728.25300,-0.00075
3726.82782,-0.00076
3725.40265,-0.00075
3723.97748,-0.00074
3722.55230,-0.00074
3721.12713,-0.00075
3719.70196,-0.00079
3718.27678,-0.00085
3716.85161,-0.00091
3715.42644,-0.00095
3714.00126,-0.00090
3712.57609,-0.00077
3711.15092,-0.00066
3709.72574,-0.00067
3708.30057,-0.00078
3706.87540,-0.00090
3705.45022,-0.00094
3704.02505,-0.00091
3702.59988,-0.00085
3701.17471,-0.00084
3699.74953,-0.00089
3698.32436,-0.00096
3696.89919,-0.00102
3695.47401,-0.00107
3694.04884,-0.00111
3692.62367,-0.00115
3691.19849,-0.00118
3689.77332,-0.00122
3688.34815,-0.00128
3686.92297,-0.00133
3685.49780,-0.00136
3684.07263,-0.00138
3682.64745,-0.00140
3681.22228,-0.00146
3679.79711,-0.00158
3678.37193,-0.00173
3676.94676,-0.00184
3675.52159,-0.00193
3674.09642,-0.00210
3672.67124,-0.00233
3671.24607,-0.00252
3669.82090,-0.00268
3668.39572,-0.00285
3666.97055,-0.00307
3665.54538,-0.00331
3664.12020,-0.00358
3662.69503,-0.00386
3661.26986,-0.00417
3659.84468,-0.00447
3658.41951,-0.00479
3656.99434,-0.00515
3655.56916,-0.00557
3654.14399,-0.00596
3652.71882,-0.00627
3651.29364,-0.00647
3649.86847,-0.00662
3648.44330,-0.00693
3647.01813,-0.00746
3645.59295,-0.00810
3644.16778,-0.00872
3642.74261,-0.00927
3641.31743,-0.00975
3639.89226,-0.01020
3638.46709,-0.01065
3637.04191,-0.01114
3635.61674,-0.01169
3634.19157,-0.01230
3632.76639,-0.01293
3631.34122,-0.01349
3629.91605,-0.01396
3628.49087,-0.01443
3627.06570,-0.01504
3625.64053,-0.01572
3624.21535,-0.01635
3622.79018,-0.01689
3621.36501,-0.01739
3619.93984,-0.01790
3618.51466,-0.01845
3617.08949,-0.01904
3615.66432,-0.01968
3614.23914,-0.02035
3612.81397,-0.02105
3611.38880,-0.02176
3609.96362,-0.02241
3608.53845,-0.02294
3607.11328,-0.02340
3605.68810,-0.02388
3604.26293,-0.02439
3602.83776,-0.02489
3601.41258,-0.02535
3599.98741,-0.02582
3598.56224,-0.02632
3597.13706,-0.02681
3595.71189,-0.02727
3594.28672,-0.02773
3592.86154,-0.02827
3591.43637,-0.02889
3590.01120,-0.02952
3588.58603,-0.03005
3587.16085,-0.03055
3585.73568,-0.03111
3584.31051,-0.03170
3582.88533,-0.03221
3581.46016,-0.03264
3580.03499,-0.03309
3578.60981,-0.03368
3577.18464,-0.03440
3575.75947,-0.03516
3574.33429,-0.03584
3572.90912,-0.03645
3571.48395,-0.03713
3570.05877,-0.03790
3568.63360,-0.03864
3567.20843,-0.03929
3565.78325,-0.03996
3564.35808,-0.04080
3562.93291,-0.04175
3561.50774,-0.04269
3560.08256,-0.04357
3558.65739,-0.04445
3557.23222,-0.04539
3555.80704,-0.04633
3554.38187,-0.04722
3552.95670,-0.04807
3551.53152,-0.04892
3550.10635,-0.04981
3548.68118,-0.05077
3547.25600,-0.05180
3545.83083,-0.05292
3544.40566,-0.05412
3542.98048,-0.05530
3541.55531,-0.05642
3540.13014,-0.05751
3538.70496,-0.05861
3537.27979,-0.05974
3535.85462,-0.06095
3534.42945,-0.06223
3533.00427,-0.06353
3531.57910,-0.06479
3530.15393,-0.06598
3528.72875,-0.06710
3527.30358,-0.06814
3525.87841,-0.06914
3524.45323,-0.07021
3523.02806,-0.07136
3521.60289,-0.07250
3520.17771,-0.07349
3518.75254,-0.07440
3517.32737,-0.07545
3515.90219,-0.07672
3514.47702,-0.07808
3513.05185,-0.07934
3511.62667,-0.08046
3510.20150,-0.08153
3508.77633,-0.08254
3507.35116,-0.08338
3505.92598,-0.08400
3504.50081,-0.08453
3503.07564,-0.08523
3501.65046,-0.08618
3500.22529,-0.08722
3498.80012,-0.08812
3497.37494,-0.08884
3495.94977,-0.08946
3494.52460,-0.09009
3493.09942,-0.09079
3491.67425,-0.09158
3490.24908,-0.09236
3488.82390,-0.09297
3487.39873,-0.09344
3485.97356,-0.09390
3484.54838,-0.09434
3483.12321,-0.09469
3481.69804,-0.09512
3480.27287,-0.09591
3478.84769,-0.09709
3477.42252,-0.09834
3475.99735,-0.09924
3474.57217,-0.09964
3473.14700,-0.09973
3471.72183,-0.09979
3470.29665,-0.09999
3468.87148,-0.10035
3467.44631,-0.10083
3466.02113,-0.10145
3464.59596,-0.10223
3463.17079,-0.10301
3461.74561,-0.10362
3460.32044,-0.10411
3458.89527,-0.10474
3457.47009,-0.10553
3456.04492,-0.10629
3454.61975,-0.10691
3453.19457,-0.10747
3451.76940,-0.10812
3450.34423,-0.10879
3448.91906,-0.10934
3447.49388,-0.10973
3446.06871,-0.11001
3444.64354,-0.11023
3443.21836,-0.11042
3441.79319,-0.11061
3440.36802,-0.11075
3438.94284,-0.11080
3437.51767,-0.11090
3436.09250,-0.11125
3434.66732,-0.11180
3433.24215,-0.11221
3431.81698,-0.11232
3430.39180,-0.11241
3428.96663,-0.11277
3427.54146,-0.11328
3426.11628,-0.11353
3424.69111,-0.11328
3423.26594,-0.11257
3421.84077,-0.11170
3420.41559,-0.11107
3418.99042,-0.11085
3417.56525,-0.11078
3416.14007,-0.11047
3414.71490,-0.10981
3413.28973,-0.10896
3411.86455,-0.10813
3410.43938,-0.10742
3409.01421,-0.10676
3407.58903,-0.10602
3406.16386,-0.10514
3404.73869,-0.10413
3403.31351,-0.10313
3401.88834,-0.10228
3400.46317,-0.10159
3399.03799,-0.10085
3397.61282,-0.09982
3396.18765,-0.09852
3394.76248,-0.09712
3393.33730,-0.09577
3391.91213,-0.09452
3390.48696,-0.09346
3389.06178,-0.09258
3387.63661,-0.09176
3386.21144,-0.09082
3384.78626,-0.08966
3383.36109,-0.08832
3381.93592,-0.08691
3380.51074,-0.08562
3379.08557,-0.08459
3377.66040,-0.08377
3376.23522,-0.08299
3374.81005,-0.08212
3373.38488,-0.08102
3371.95970,-0.07968
3370.53453,-0.07832
3369.10936,-0.07720
3367.68419,-0.07637
3366.25901,-0.07560
3364.83384,-0.07468
3363.40867,-0.07364
3361.98349,-0.07268
3360.55832,-0.07187
3359.13315,-0.07111
3357.70797,-0.07033
3356.28280,-0.06955
3354.85763,-0.06881
3353.43245,-0.06806
3352.00728,-0.06730
3350.58211,-0.06657
3349.15693,-0.06584
3347.73176,-0.06502
3346.30659,-0.06413
3344.88141,-0.06324
3343.45624,-0.06239
3342.03107,-0.06157
3340.60590,-0.06081
3339.18072,-0.06014
3337.75555,-0.05953
3336.33038,-0.05887
3334.90520,-0.05810
3333.48003,-0.05731
3332.05486,-0.05662
3330.62968,-0.05603
3329.20451,-0.05540
3327.77934,-0.05463
3326.35416,-0.05379
3324.92899,-0.05300
3323.50382,-0.05228
3322.07864,-0.05155
3320.65347,-0.05079
3319.22830,-0.05006
3317.80312,-0.04937
3316.37795,-0.04869
3314.95278,-0.04793
3313.52760,-0.04708
3312.10243,-0.04614
3310.67726,-0.04518
3309.25209,-0.04424
3307.82691,-0.04338
3306.40174,-0.04261
3304.97657,-0.04189
3303.55139,-0.04117
3302.12622,-0.04042
3300.70105,-0.03963
3299.27587,-0.03879
3297.85070,-0.03795
3296.42553,-0.03717
3295.00035,-0.03639
3293.57518,-0.03553
3292.15001,-0.03463
3290.72483,-0.03383
3289.29966,-0.03317
3287.87449,-0.03256
3286.44931,-0.03194
3285.02414,-0.03132
3283.59897,-0.03077
3282.17380,-0.03024
3280.74862,-0.02967
3279.32345,-0.02901
3277.89828,-0.02835
3276.47310,-0.02780
3275.04793,-0.02730
3273.62276,-0.02678
3272.19758,-0.02624
3270.77241,-0.02576
3269.34724,-0.02537
3267.92206,-0.02501
3266.49689,-0.02466
3265.07172,-0.02436
3263.64654,-0.02413
3262.22137,-0.02393
3260.79620,-0.02366
3259.37102,-0.02328
3257.94585,-0.02282
3256.52068,-0.02240
3255.09551,-0.02207
3253.67033,-0.02181
3252.24516,-0.02154
3250.81999,-0.02125
3249.39481,-0.02097
3247.96964,-0.02073
3246.54447,-0.02056
3245.11929,-0.02044
3243.69412,-0.02031
3242.26895,-0.02016
3240.84377,-0.02001
3239.41860,-0.01986
3237.99343,-0.01969
3236.56825,-0.01946
3235.14308,-0.01918
3233.71791,-0.01892
3232.29273,-0.01872
3230.86756,-0.01859
3229.44239,-0.01851
3228.01722,-0.01844
3226.59204,-0.01832
3225.16687,-0.01813
3223.74170,-0.01793
3222.31652,-0.01776
3220.89135,-0.01761
3219.46618,-0.01743
3218.04100,-0.01722
3216.61583,-0.01701
3215.19066,-0.01680
3213.76548,-0.01659
3212.34031,-0.01639
3210.91514,-0.01618
3209.48996,-0.01595
3208.06479,-0.01570
3206.63962,-0.01543
3205.21444,-0.01518
3203.78927,-0.01493
3202.36410,-0.01467
3200.93893,-0.01440
3199.51375,-0.01408
3198.08858,-0.01373
3196.66341,-0.01339
3195.23823,-0.01308
3193.81306,-0.01280
3192.38789,-0.01252
3190.96271,-0.01220
3189.53754,-0.01187
3188.11237,-0.01154
3186.68719,-0.01121
3185.26202,-0.01088
3183.83685,-0.01054
3182.41167,-0.01022
3180.98650,-0.00993
3179.56133,-0.00966
3178.13615,-0.00939
3176.71098,-0.00908
3175.28581,-0.00877
3173.86063,-0.00846
3172.43546,-0.00820
3171.01029,-0.00800
3169.58512,-0.00784
3168.15994,-0.00772
3166.73477,-0.00760
3165.30960,-0.00746
3163.88442,-0.00731
3162.45925,-0.00717
3161.03408,-0.00706
3159.60890,-0.00697
3158.18373,-0.00691
3156.75856,-0.00688
3155.33338,-0.00683
3153.90821,-0.00678
3152.48304,-0.00673
3151.05786,-0.00669
3149.63269,-0.00665
3148.20752,-0.00664
3146.78234,-0.00667
3145.35717,-0.00679
3143.93200,-0.00695
3142.50683,-0.00710
3141.08165,-0.00719
3139.65648,-0.00724
3138.23131,-0.00725
3136.80613,-0.00723
3135.38096,-0.00723
3133.95579,-0.00725
3132.53061,-0.00730
3131.10544,-0.00738
3129.68027,-0.00745
3128.25509,-0.00751
3126.82992,-0.00755
3125.40475,-0.00756
3123.97957,-0.00754
3122.55440,-0.00750
3121.12923,-0.00747
3119.70405,-0.00743
3118.27888,-0.00734
3116.85371,-0.00719
3115.42854,-0.00701
3114.00336,-0.00684
3112.57819,-0.00670
3111.15302,-0.00660
3109.72784,-0.00651
3108.30267,-0.00641
3106.87750,-0.00629
3105.45232,-0.00616
3104.02715,-0.00603
3102.60198,-0.00591
3101.17680,-0.00577
3099.75163,-0.00560
3098.32646,-0.00541
3096.90128,-0.00523
3095.47611,-0.00509
3094.05094,-0.00499
3092.62576,-0.00490
3091.20059,-0.00480
3089.77542,-0.00469
3088.35025,-0.00459
3086.92507,-0.00448
3085.49990,-0.00437
3084.07473,-0.00429
3082.64955,-0.00423
3081.22438,-0.00416
3079.79921,-0.00408
3078.37403,-0.00401
3076.94886,-0.00397
3075.52369,-0.00393
3074.09851,-0.00386
3072.67334,-0.00378
3071.24817,-0.00371
3069.82299,-0.00368
3068.39782,-0.00365
3066.97265,-0.00362
3065.54747,-0.00357
3064.12230,-0.00354
3062.69713,-0.00354
3061.27196,-0.00355
3059.84678,-0.00355
3058.42161,-0.00350
3056.99644,-0.00343
3055.57126,-0.00337
3054.14609,-0.00338
3052.72092,-0.00346
3051.29574,-0.00359
3049.87057,-0.00369
3048.44540,-0.00373
3047.02022,-0.00373
3045.59505,-0.00374
3044.16988,-0.00378
3042.74470,-0.00384
3041.31953,-0.00390
3039.89436,-0.00395
3038.46918,-0.00401
3037.04401,-0.00409
3035.61884,-0.00417
3034.19366,-0.00425
3032.76849,-0.00433
3031.34332,-0.00443
3029.91815,-0.00457
3028.49297,-0.00472
3027.06780,-0.00491
3025.64263,-0.00511
3024.21745,-0.00532
3022.79228,-0.00550
3021.36711,-0.00563
3019.94193,-0.00570
3018.51676,-0.00577
3017.09159,-0.00584
3015.66641,-0.00591
3014.24124,-0.00596
3012.81607,-0.00599
3011.39089,-0.00600
3009.96572,-0.00597
3008.54055,-0.00591
3007.11537,-0.00585
3005.69020,-0.00582
3004.26503,-0.00580
3002.83986,-0.00572
3001.41468,-0.00556
2999.98951,-0.00534
2998.56434,-0.00512
2997.13916,-0.00492
2995.71399,-0.00473
2994.28882,-0.00452
2992.86364,-0.00430
2991.43847,-0.00405
2990.01330,-0.00376
2988.58812,-0.00343
2987.16295,-0.00306
2985.73778,-0.00263
2984.31260,-0.00214
2982.88743,-0.00162
2981.46226,-0.00114
2980.03708,-0.00070
2978.61191,-0.00024
2977.18674,0.00023
2975.76157,0.00070
2974.33639,0.00114
2972.91122,0.00158
2971.48605,0.00199
2970.06087,0.00235
2968.63570,0.00262
2967.21053,0.00277
2965.78535,0.00280
2964.36018,0.00272
2962.93501,0.00257
2961.50983,0.00237
2960.08466,0.00212
2958.65949,0.00179
2957.23431,0.00136
2955.80914,0.00086
2954.38397,0.00031
2952.95879,-0.00027
2951.53362,-0.00081
2950.10845,-0.00124
2948.68328,-0.00154
2947.25810,-0.00179
2945.83293,-0.00203
2944.40776,-0.00224
2942.98258,-0.00237
2941.55741,-0.00244
2940.13224,-0.00254
2938.70706,-0.00271
2937.28189,-0.00294
2935.85672,-0.00319
2934.43154,-0.00344
2933.00637,-0.00371
2931.58120,-0.00399
2930.15602,-0.00424
2928.73085,-0.00447
2927.30568,-0.00471
2925.88050,-0.00501
2924.45533,-0.00534
2923.03016,-0.00566
2921.60498,-0.00589
2920.17981,-0.00607
2918.75464,-0.00625
2917.32947,-0.00645
2915.90429,-0.00667
2914.47912,-0.00686
2913.05395,-0.00703
2911.62877,-0.00715
2910.20360,-0.00726
2908.77843,-0.00737
2907.35325,-0.00751
2905.92808,-0.00767
2904.50291,-0.00783
2903.07773,-0.00796
2901.65256,-0.00803
2900.22739,-0.00805
2898.80221,-0.00803
2897.37704,-0.00803
2895.95187,-0.00804
2894.52669,-0.00804
2893.10152,-0.00800
2891.67635,-0.00793
2890.25118,-0.00784
2888.82600,-0.00773
2887.40083,-0.00756
2885.97566,-0.00731
2884.55048,-0.00702
2883.12531,-0.00674
2881.70014,-0.00647
2880.27496,-0.00621
2878.84979,-0.00595
2877.42462,-0.00572
2875.99944,-0.00557
2874.57427,-0.00551
2873.14910,-0.00553
2871.72392,-0.00558
2870.29875,-0.00562
2868.87358,-0.00566
2867.44840,-0.00576
2866.02323,-0.00593
2864.59806,-0.00615
2863.17289,-0.00637
2861.74771,-0.00658
2860.32254,-0.00680
2858.89737,-0.00703
2857.47219,-0.00728
2856.04702,-0.00754
2854.62185,-0.00780
2853.19667,-0.00811
2851.77150,-0.00848
2850.34633,-0.00888
2848.92115,-0.00927
2847.49598,-0.00962
2846.07081,-0.01000
2844.64563,-0.01041
2843.22046,-0.01083
2841.79529,-0.01120
2840.37011,-0.01151
2838.94494,-0.01181
2837.51977,-0.01213
2836.09460,-0.01247
2834.66942,-0.01277
2833.24425,-0.01304
2831.81908,-0.01331
2830.39390,-0.01360
2828.96873,-0.01390
2827.54356,-0.01421
2826.11838,-0.01451
2824.69321,-0.01478
2823.26804,-0.01503
2821.84286,-0.01529
2820.41769,-0.01558
2818.99252,-0.01588
2817.56734,-0.01616
2816.14217,-0.01644
2814.71700,-0.01676
2813.29182,-0.01713
2811.86665,-0.01754
2810.44148,-0.01798
2809.01631,-0.01844
2807.59113,-0.01891
2806.16596,-0.01940
2804.74079,-0.01986
2803.31561,-0.02030
2801.89044,-0.02070
2800.46527,-0.02107
2799.04009,-0.02144
2797.61492,-0.02185
2796.18975,-0.02229
2794.76457,-0.02272
2793.33940,-0.02315
2791.91423,-0.02365
2790.48905,-0.02419
2789.06388,-0.02474
2787.63871,-0.02531
2786.21353,-0.02593
2784.78836,-0.02667
2783.36319,-0.02755
2781.93801,-0.02856
2780.51284,-0.02964
2779.08767,-0.03079
2777.66250,-0.03204
2776.23732,-0.03348
2774.81215,-0.03513
2773.38698,-0.03699
2771.96180,-0.03911
2770.53663,-0.04154
2769.11146,-0.04425
2767.68628,-0.04720
2766.26111,-0.05047
2764.83594,-0.05421
2763.41076,-0.05849
2761.98559,-0.06324
2760.56042,-0.06848
2759.13524,-0.07435
2757.71007,-0.08101
2756.28490,-0.08860
2754.85972,-0.09719
2753.43455,-0.10690
2752.00938,-0.11784
2750.58421,-0.13003
2749.15903,-0.14339
2747.73386,-0.15788
2746.30869,-0.17355
2744.88351,-0.19052
2743.45834,-0.20876
2742.03317,-0.22799
2740.60799,-0.24780
2739.18282,-0.26782
2737.75765,-0.28776
2736.33247,-0.30721
2734.90730,-0.32548
2733.48213,-0.34190
2732.05695,-0.35613
2730.63178,-0.36819
2729.20661,-0.37821
2727.78143,-0.38616
2726.35626,-0.39205
2724.93109,-0.39619
2723.50592,-0.39907
2722.08074,-0.40103
2720.65557,-0.40219
2719.23040,-0.40273
2717.80522,-0.40298
2716.38005,-0.40320
2714.95488,-0.40337
2713.52970,-0.40324
2712.10453,-0.40251
2710.67936,-0.40122
2709.25418,-0.39981
2707.82901,-0.39863
2706.40384,-0.39745
2704.97866,-0.39576
2703.55349,-0.39349
2702.12832,-0.39108
2700.70314,-0.38896
2699.27797,-0.38705
2697.85280,-0.38496
2696.42763,-0.38248
2695.00245,-0.37970
2693.57728,-0.37696
2692.15211,-0.37458
2690.72693,-0.37241
2689.30176,-0.36996
2687.87659,-0.36704
2686.45141,-0.36404
2685.02624,-0.36140
2683.60107,-0.35898
2682.17589,-0.35636
2680.75072,-0.35336
2679.32555,-0.35026
2677.90037,-0.34751
2676.47520,-0.34529
2675.05003,-0.34355
2673.62485,-0.34232
2672.19968,-0.34150
2670.77451,-0.34063
2669.34934,-0.33923
2667.92416,-0.33730
2666.49899,-0.33534
2665.07382,-0.33390
2663.64864,-0.33323
2662.22347,-0.33320
2660.79830,-0.33336
2659.37312,-0.33325
2657.94795,-0.33289
2656.52278,-0.33278
2655.09760,-0.33334
2653.67243,-0.33442
2652.24726,-0.33555
2650.82208,-0.33652
2649.39691,-0.33749
2647.97174,-0.33864
2646.54656,-0.34005
2645.12139,-0.34169
2643.69622,-0.34334
2642.27104,-0.34475
2640.84587,-0.34595
2639.42070,-0.34731
2637.99553,-0.34898
2636.57035,-0.35078
2635.14518,-0.35266
2633.72001,-0.35492
2632.29483,-0.35766
2630.86966,-0.36045
2629.44449,-0.36269
2628.01931,-0.36428
2626.59414,-0.36566
2625.16897,-0.36706
2623.74379,-0.36815
2622.31862,-0.36848
2620.89345,-0.36814
2619.46827,-0.36771
2618.04310,-0.36768
2616.61793,-0.36811
2615.19275,-0.36868
2613.76758,-0.36909
2612.34241,-0.36930
2610.91724,-0.36936
2609.49206,-0.36910
2608.06689,-0.36831
2606.64172,-0.36699
2605.21654,-0.36542
2603.79137,-0.36381
2602.36620,-0.36207
2600.94102,-0.35987
2599.51585,-0.35700
2598.09068,-0.35374
2596.66550,-0.35066
2595.24033,-0.34815
2593.81516,-0.34617
2592.38998,-0.34442
2590.96481,-0.34272
2589.53964,-0.34101
2588.11446,-0.33910
2586.68929,-0.33665
2585.26412,-0.33368
2583.83895,-0.33083
2582.41377,-0.32859
2580.98860,-0.32668
2579.56343,-0.32452
2578.13825,-0.32215
2576.71308,-0.32007
2575.28791,-0.31828
2573.86273,-0.31628
2572.43756,-0.31398
2571.01239,-0.31183
2569.58721,-0.31023
2568.16204,-0.30924
2566.73687,-0.30883
2565.31169,-0.30880
2563.88652,-0.30865
2562.46135,-0.30805
2561.03617,-0.30731
2559.61100,-0.30707
2558.18583,-0.30751
2556.76066,-0.30822
2555.33548,-0.30880
2553.91031,-0.30950
2552.48514,-0.31086
2551.05996,-0.31289
2549.63479,-0.31499
2548.20962,-0.31667
2546.78444,-0.31812
2545.35927,-0.31991
2543.93410,-0.32224
2542.50892,-0.32485
2541.08375,-0.32753
2539.65858,-0.33022
2538.23340,-0.33269
2536.80823,-0.33475
2535.38306,-0.33655
2533.95788,-0.33835
2532.53271,-0.34011
2531.10754,-0.34163
2529.68237,-0.34303
2528.25719,-0.34478
2526.83202,-0.34702
2525.40685,-0.34941
2523.98167,-0.35150
2522.55650,-0.35314
2521.13133,-0.35420
2519.70615,-0.35466
2518.28098,-0.35483
2516.85581,-0.35499
2515.43063,-0.35506
2514.00546,-0.35491
2512.58029,-0.35464
2511.15511,-0.35427
2509.72994,-0.35358
2508.30477,-0.35243
2506.87959,-0.35101
2505.45442,-0.34965
2504.02925,-0.34847
2502.60407,-0.34708
2501.17890,-0.34496
2499.75373,-0.34220
2498.32856,-0.33948
2496.90338,-0.33722
2495.47821,-0.33510
2494.05304,-0.33264
2492.62786,-0.32983
2491.20269,-0.32712
2489.77752,-0.32472
2488.35234,-0.32244
2486.92717,-0.32002
2485.50200,-0.31756
2484.07682,-0.31525
2482.65165,-0.31316
2481.22648,-0.31120
2479.80130,-0.30924
2478.37613,-0.30719
2476.95096,-0.30527
2475.52578,-0.30379
2474.10061,-0.30274
2472.67544,-0.30179
2471.25027,-0.30080
2469.82509,-0.30013
2468.39992,-0.30019
2466.97475,-0.30098
2465.54957,-0.30208
2464.12440,-0.30305
2462.69923,-0.30376
2461.27405,-0.30436
2459.84888,-0.30506
2458.42371,-0.30621
2456.99853,-0.30808
2455.57336,-0.31063
2454.14819,-0.31346
2452.72301,-0.31629
2451.29784,-0.31915
2449.87267,-0.32223
2448.44749,-0.32565
2447.02232,-0.32932
2445.59715,-0.33292
2444.17198,-0.33618
2442.74680,-0.33904
2441.32163,-0.34174
2439.89646,-0.34458
2438.47128,-0.34757
2437.04611,-0.35047
2435.62094,-0.35307
2434.19576,-0.35548
2432.77059,-0.35806
2431.34542,-0.36108
2429.92024,-0.36435
2428.49507,-0.36735
2427.06990,-0.36964
2425.64472,-0.37125
2424.21955,-0.37263
2422.79438,-0.37410
2421.36920,-0.37546
2419.94403,-0.37620
2418.51886,-0.37606
2417.09369,-0.37548
2415.66851,-0.37516
2414.24334,-0.37526
2412.81817,-0.37531
2411.39299,-0.37497
2409.96782,-0.37449
2408.54265,-0.37427
2407.11747,-0.37425
2405.69230,-0.37397
2404.26713,-0.37292
2402.84195,-0.37091
2401.41678,-0.36827
2399.99161,-0.36558
2398.56643,-0.36322
2397.14126,-0.36116
2395.71609,-0.35916
2394.29091,-0.35698
2392.86574,-0.35446
2391.44057,-0.35169
2390.01540,-0.34916
2388.59022,-0.34729
2387.16505,-0.34597
2385.73988,-0.34469
2384.31470,-0.34321
2382.88953,-0.34166
2381.46436,-0.34023
2380.03918,-0.33921
2378.61401,-0.33888
2377.18884,-0.33915
2375.76366,-0.33952
2374.33849,-0.33984
2372.91332,-0.34048
2371.48814,-0.34114
2370.06297,-0.34076
2368.63780,-0.33907
2367.21262,-0.33696
2365.78745,-0.33491
2364.36228,-0.33261
2362.93710,-0.33024
2361.51193,-0.32873
2360.08676,-0.32901
2358.66159,-0.33209
2357.23641,-0.33839
2355.81124,-0.34609
2354.38607,-0.35192
2352.96089,-0.35494
2351.53572,-0.35731
2350.11055,-0.36075
2348.68537,-0.36476
2347.26020,-0.36804
2345.83503,-0.37009
2344.40985,-0.37179
2342.98468,-0.37411
2341.55951,-0.37676
2340.13433,-0.37913
2338.70916,-0.38136
2337.28399,-0.38398
2335.85881,-0.38732
2334.43364,-0.39130
2333.00847,-0.39519
2331.58330,-0.39771
2330.15812,-0.39851
2328.73295,-0.39915
2327.30778,-0.40118
2325.88260,-0.40402
2324.45743,-0.40602
2323.03226,-0.40691
2321.60708,-0.40777
2320.18191,-0.40914
2318.75674,-0.41012
2317.33156,-0.40977
2315.90639,-0.40847
2314.48122,-0.40733
2313.05604,-0.40693
2311.63087,-0.40688
2310.20570,-0.40654
2308.78052,-0.40569
2307.35535,-0.40462
2305.93018,-0.40362
2304.50501,-0.40250
2303.07983,-0.40071
2301.65466,-0.39805
2300.22949,-0.39489
2298.80431,-0.39163
2297.37914,-0.38836
2295.95397,-0.38494
2294.52879,-0.38131
2293.10362,-0.37767
2291.67845,-0.37415
2290.25327,-0.37051
2288.82810,-0.36664
2287.40293,-0.36284
2285.97775,-0.35942
2284.55258,-0.35620
2283.12741,-0.35288
2281.70223,-0.34942
2280.27706,-0.34585
2278.85189,-0.34212
2277.42672,-0.33809
2276.00154,-0.33381
2274.57637,-0.32956
2273.15120,-0.32559
2271.72602,-0.32177
2270.30085,-0.31795
2268.87568,-0.31427
2267.45050,-0.31098
2266.02533,-0.30808
2264.60016,-0.30536
2263.17498,-0.30263
2261.74981,-0.29975
2260.32464,-0.29672
2258.89946,-0.29362
2257.47429,-0.29053
2256.04912,-0.28746
2254.62394,-0.28435
2253.19877,-0.28133
2251.77360,-0.27863
2250.34843,-0.27631
2248.92325,-0.27409
2247.49808,-0.27157
2246.07291,-0.26857
2244.64773,-0.26515
2243.22256,-0.26159
2241.79739,-0.25820
2240.37221,-0.25498
2238.94704,-0.25172
2237.52187,-0.24832
2236.09669,-0.24482
2234.67152,-0.24132
2233.24635,-0.23785
2231.82117,-0.23440
2230.39600,-0.23091
2228.97083,-0.22714
2227.54565,-0.22299
2226.12048,-0.21864
2224.69531,-0.21438
2223.27013,-0.21027
2221.84496,-0.20609
2220.41979,-0.20167
2218.99462,-0.19704
2217.56944,-0.19234
2216.14427,-0.18768
2214.71910,-0.18306
2213.29392,-0.17842
2211.86875,-0.17376
2210.44358,-0.16917
2209.01840,-0.16462
2207.59323,-0.15998
2206.16806,-0.15522
2204.74288,-0.15043
2203.31771,-0.14578
2201.89254,-0.14131
2200.46736,-0.13695
2199.04219,-0.13262
2197.61702,-0.12826
2196.19184,-0.12384
2194.76667,-0.11945
2193.34150,-0.11518
2191.91633,-0.11109
2190.49115,-0.10713
2189.06598,-0.10323
2187.64081,-0.09936
2186.21563,-0.09561
2184.79046,-0.09209
2183.36529,-0.08883
2181.94011,-0.08578
2180.51494,-0.08284
2179.08977,-0.07997
2177.66459,-0.07717
2176.23942,-0.07442
2174.81425,-0.07170
2173.38907,-0.06906
2171.96390,-0.06658
2170.53873,-0.06429
2169.11355,-0.06217
2167.68838,-0.06021
2166.26321,-0.05845
2164.83804,-0.05688
2163.41286,-0.05542
2161.98769,-0.05403
2160.56252,-0.05268
2159.13734,-0.05136
2157.71217,-0.05000
2156.28700,-0.04864
2154.86182,-0.04736
2153.43665,-0.04621
2152.01148,-0.04520
2150.58630,-0.04427
2149.16113,-0.04342
2147.73596,-0.04267
2146.31078,-0.04204
2144.88561,-0.04144
2143.46044,-0.04083
2142.03526,-0.04020
2140.61009,-0.03961
2139.18492,-0.03908
2137.75975,-0.03863
2136.33457,-0.03822
2134.90940,-0.03781
2133.48423,-0.03736
2132.05905,-0.03686
2130.63388,-0.03632
2129.20871,-0.03578
2127.78353,-0.03530
2126.35836,-0.03486
2124.93319,-0.03443
2123.50801,-0.03396
2122.08284,-0.03345
2120.65767,-0.03291
2119.23249,-0.03233
2117.80732,-0.03171
2116.38215,-0.03104
2114.95697,-0.03036
2113.53180,-0.02976
2112.10663,-0.02925
2110.68146,-0.02873
2109.25628,-0.02811
2107.83111,-0.02741
2106.40594,-0.02669
2104.98076,-0.02595
2103.55559,-0.02520
2102.13042,-0.02444
2100.70524,-0.02371
2099.28007,-0.02297
2097.85490,-0.02219
2096.42972,-0.02138
2095.00455,-0.02057
2093.57938,-0.01983
2092.15420,-0.01920
2090.72903,-0.01861
2089.30386,-0.01800
2087.87868,-0.01733
2086.45351,-0.01663
2085.02834,-0.01594
2083.60316,-0.01528
2082.17799,-0.01466
2080.75282,-0.01407
2079.32765,-0.01351
2077.90247,-0.01298
2076.47730,-0.01247
2075.05213,-0.01201
2073.62695,-0.01159
2072.20178,-0.01117
2070.77661,-0.01076
2069.35143,-0.01036
2067.92626,-0.00999
2066.50109,-0.00966
2065.07591,-0.00935
2063.65074,-0.00907
2062.22557,-0.00884
2060.80039,-0.00865
2059.37522,-0.00850
2057.95005,-0.00836
2056.52487,-0.00820
2055.09970,-0.00804
2053.67453,-0.00790
2052.24936,-0.00780
2050.82418,-0.00774
2049.39901,-0.00773
2047.97384,-0.00776
2046.54866,-0.00781
2045.12349,-0.00790
2043.69832,-0.00800
2042.27314,-0.00811
2040.84797,-0.00821
2039.42280,-0.00833
2037.99762,-0.00844
2036.57245,-0.00854
2035.14728,-0.00864
2033.72210,-0.00873
2032.29693,-0.00885
2030.87176,-0.00897
2029.44658,-0.00909
2028.02141,-0.00920
2026.59624,-0.00930
2025.17107,-0.00938
2023.74589,-0.00946
2022.32072,-0.00952
2020.89555,-0.00955
2019.47037,-0.00954
2018.04520,-0.00950
2016.62003,-0.00948
2015.19485,-0.00949
2013.76968,-0.00949
2012.34451,-0.00945
2010.91933,-0.00934
2009.49416,-0.00920
2008.06899,-0.00905
2006.64381,-0.00889
2005.21864,-0.00873
2003.79347,-0.00859
2002.36829,-0.00844
2000.94312,-0.00825
1999.51795,-0.00801
1998.09278,-0.00777
1996.66760,-0.00754
1995.24243,-0.00732
1993.81726,-0.00705
1992.39208,-0.00673
1990.96691,-0.00640
1989.54174,-0.00609
1988.11656,-0.00581
1986.69139,-0.00553
1985.26622,-0.00526
1983.84104,-0.00498
1982.41587,-0.00473
1980.99070,-0.00449
1979.56552,-0.00424
1978.14035,-0.00397
1976.71518,-0.00371
1975.29000,-0.00351
1973.86483,-0.00336
1972.43966,-0.00323
1971.01449,-0.00307
1969.58931,-0.00290
1968.16414,-0.00275
1966.73897,-0.00263
1965.31379,-0.00255
1963.88862,-0.00249
1962.46345,-0.00244
1961.03827,-0.00242
1959.61310,-0.00242
1958.18793,-0.00244
1956.76275,-0.00246
1955.33758,-0.00251
1953.91241,-0.00257
1952.48723,-0.00265
1951.06206,-0.00274
1949.63689,-0.00285
1948.21171,-0.00296
1946.78654,-0.00309
1945.36137,-0.00324
1943.93619,-0.00341
1942.51102,-0.00360
1941.08585,-0.00381
1939.66068,-0.00403
1938.23550,-0.00423
1936.81033,-0.00443
1935.38516,-0.00464
1933.95998,-0.00485
1932.53481,-0.00504
1931.10964,-0.00522
1929.68446,-0.00542
1928.25929,-0.00564
1926.83412,-0.00584
1925.40894,-0.00599
1923.98377,-0.00611
1922.55860,-0.00622
1921.13342,-0.00632
1919.70825,-0.00643
1918.28308,-0.00654
1916.85790,-0.00667
1915.43273,-0.00677
1914.00756,-0.00684
1912.58239,-0.00686
1911.15721,-0.00685
1909.73204,-0.00683
1908.30687,-0.00683
1906.88169,-0.00682
1905.45652,-0.00678
1904.03135,-0.00671
1902.60617,-0.00664
1901.18100,-0.00659
1899.75583,-0.00654
1898.33065,-0.00646
1896.90548,-0.00633
1895.48031,-0.00619
1894.05513,-0.00604
1892.62996,-0.00589
1891.20479,-0.00571
1889.77961,-0.00550
1888.35444,-0.00528
1886.92927,-0.00508
1885.50410,-0.00491
1884.07892,-0.00474
1882.65375,-0.00458
1881.22858,-0.00440
1879.80340,-0.00422
1878.37823,-0.00404
1876.95306,-0.00388
1875.52788,-0.00374
1874.10271,-0.00361
1872.67754,-0.00350
1871.25236,-0.00339
1869.82719,-0.00324
1868.40202,-0.00307
1866.97684,-0.00294
1865.55167,-0.00286
1864.12650,-0.00281
1862.70132,-0.00277
1861.27615,-0.00272
1859.85098,-0.00270
1858.42581,-0.00269
1857.00063,-0.00269
1855.57546,-0.00270
1854.15029,-0.00274
1852.72511,-0.00280
1851.29994,-0.00285
1849.87477,-0.00291
1848.44959,-0.00302
1847.02442,-0.00318
1845.59925,-0.00337
1844.17407,-0.00356
1842.74890,-0.00375
1841.32373,-0.00395
1839.89855,-0.00416
1838.47338,-0.00440
1837.04821,-0.00465
1835.62303,-0.00490
1834.19786,-0.00516
1832.77269,-0.00544
1831.34751,-0.00574
1829.92234,-0.00605
1828.49717,-0.00634
1827.07200,-0.00656
1825.64682,-0.00675
1824.22165,-0.00694
1822.79648,-0.00715
1821.37130,-0.00739
1819.94613,-0.00762
1818.52096,-0.00781
1817.09578,-0.00795
1815.67061,-0.00807
1814.24544,-0.00817
1812.82026,-0.00825
1811.39509,-0.00829
1809.96992,-0.00831
1808.54474,-0.00836
1807.11957,-0.00843
1805.69440,-0.00846
1804.26922,-0.00842
1802.84405,-0.00831
1801.41888,-0.00818
1799.99371,-0.00804
1798.56853,-0.00793
1797.14336,-0.00781
1795.71819,-0.00765
1794.29301,-0.00743
1792.86784,-0.00714
1791.44267,-0.00687
1790.01749,-0.00668
1788.59232,-0.00652
1787.16715,-0.00632
1785.74197,-0.00609
1784.31680,-0.00585
1782.89163,-0.00561
1781.46645,-0.00536
1780.04128,-0.00509
1778.61611,-0.00484
1777.19093,-0.00465
1775.76576,-0.00448
1774.34059,-0.00431
1772.91542,-0.00410
1771.49024,-0.00389
1770.06507,-0.00372
1768.63990,-0.00359
1767.21472,-0.00346
1765.78955,-0.00336
1764.36438,-0.00327
1762.93920,-0.00317
1761.51403,-0.00306
1760.08886,-0.00295
1758.66368,-0.00283
1757.23851,-0.00272
1755.81334,-0.00267
1754.38816,-0.00268
1752.96299,-0.00267
1751.53782,-0.00260
1750.11264,-0.00248
1748.68747,-0.00237
1747.26230,-0.00229
1745.83713,-0.00224
1744.41195,-0.00220
1742.98678,-0.00212
1741.56161,-0.00199
1740.13643,-0.00182
1738.71126,-0.00170
1737.28609,-0.00163
1735.86091,-0.00156
1734.43574,-0.00143
1733.01057,-0.00131
1731.58539,-0.00128
1730.16022,-0.00128
1728.73505,-0.00126
1727.30987,-0.00124
1725.88470,-0.00120
1724.45953,-0.00115
1723.03435,-0.00108
1721.60918,-0.00103
1720.18401,-0.00098
1718.75884,-0.00088
1717.33366,-0.00071
1715.90849,-0.00050
1714.48332,-0.00033
1713.05814,-0.00021
1711.63297,-0.00008
1710.20780,0.00008
1708.78262,0.00029
1707.35745,0.00059
1705.93228,0.00099
1704.50710,0.00137
1703.08193,0.00174
1701.65676,0.00233
1700.23158,0.00324
1698.80641,0.00419
1697.38124,0.00498
1695.95606,0.00579
1694.53089,0.00668
1693.10572,0.00760
1691.68054,0.00870
1690.25537,0.01015
1688.83020,0.01185
1687.40503,0.01365
1685.97985,0.01596
1684.55468,0.01931
1683.12951,0.02292
1681.70433,0.02579
1680.27916,0.02812
1678.85399,0.03039
1677.42881,0.03288
1676.00364,0.03580
1674.57847,0.03892
1673.15329,0.04176
1671.72812,0.04444
1670.30295,0.04756
1668.87777,0.05106
1667.45260,0.05417
1666.02743,0.05671
1664.60225,0.05922
1663.17708,0.06205
1661.75191,0.06488
1660.32674,0.06724
1658.90156,0.06905
1657.47639,0.07047
1656.05122,0.07173
1654.62604,0.07320
1653.20087,0.07499
1651.77570,0.07622
1650.35052,0.07659
1648.92535,0.07656
1647.50018,0.07644
1646.07500,0.07624
1644.64983,0.07583
1643.22466,0.07521
1641.79948,0.07445
1640.37431,0.07361
1638.94914,0.07274
1637.52396,0.07179
1636.09879,0.07072
1634.67362,0.06960
1633.24845,0.06860
1631.82327,0.06765
1630.39810,0.06666
1628.97293,0.06553
1627.54775,0.06420
1626.12258,0.06248
1624.69741,0.06002
1623.27223,0.05656
1621.84706,0.05246
1620.42189,0.04829
1618.99671,0.04390
1617.57154,0.03875
1616.14637,0.03317
1614.72119,0.02828
1613.29602,0.02423
1611.87085,0.02049
1610.44567,0.01682
1609.02050,0.01331
1607.59533,0.01014
1606.17016,0.00738
1604.74498,0.00500
1603.31981,0.00291
1601.89464,0.00107
1600.46946,-0.00054
1599.04429,-0.00193
1597.61912,-0.00308
1596.19394,-0.00402
1594.76877,-0.00478
1593.34360,-0.00538
1591.91842,-0.00584
1590.49325,-0.00622
1589.06808,-0.00651
1587.64290,-0.00676
1586.21773,-0.00701
1584.79256,-0.00729
1583.36738,-0.00761
1581.94221,-0.00795
1580.51704,-0.00825
1579.09187,-0.00852
1577.66669,-0.00879
1576.24152,-0.00906
1574.81635,-0.00935
1573.39117,-0.00968
1571.96600,-0.01002
1570.54083,-0.01031
1569.11565,-0.01054
1567.69048,-0.01079
1566.26531,-0.01107
1564.84013,-0.01140
1563.41496,-0.01178
1561.98979,-0.01216
1560.56461,-0.01245
1559.13944,-0.01257
1557.71427,-0.01267
1556.28909,-0.01293
1554.86392,-0.01331
1553.43875,-0.01372
1552.01357,-0.01414
1550.58840,-0.01455
1549.16323,-0.01497
1547.73806,-0.01541
1546.31288,-0.01588
1544.88771,-0.01639
1543.46254,-0.01694
1542.03736,-0.01751
1540.61219,-0.01809
1539.18702,-0.01870
1537.76184,-0.01931
1536.33667,-0.01989
1534.91150,-0.02045
1533.48632,-0.02103
1532.06115,-0.02164
1530.63598,-0.02221
1529.21080,-0.02276
1527.78563,-0.02334
1526.36046,-0.02397
1524.93528,-0.02455
1523.51011,-0.02488
1522.08494,-0.02473
1520.65977,-0.02410
1519.23459,-0.02324
1517.80942,-0.02244
1516.38425,-0.02208
1514.95907,-0.02259
1513.53390,-0.02400
1512.10873,-0.02588
1510.68355,-0.02780
1509.25838,-0.02947
1507.83321,-0.03090
1506.40803,-0.03220
1504.98286,-0.03329
1503.55769,-0.03412
1502.13251,-0.03475
1500.70734,-0.03527
1499.28217,-0.03569
1497.85699,-0.03610
1496.43182,-0.03663
1495.00665,-0.03730
1493.58148,-0.03802
1492.15630,-0.03865
1490.73113,-0.03909
1489.30596,-0.03930
1487.88078,-0.03937
1486.45561,-0.03941
1485.03044,-0.03940
1483.60526,-0.03921
1482.18009,-0.03881
1480.75492,-0.03828
1479.32974,-0.03776
1477.90457,-0.03720
1476.47940,-0.03647
1475.05422,-0.03548
1473.62905,-0.03425
1472.20388,-0.03300
1470.77870,-0.03207
1469.35353,-0.03155
1467.92836,-0.03119
1466.50319,-0.03075
1465.07801,-0.03016
1463.65284,-0.02956
1462.22767,-0.02910
1460.80249,-0.02866
1459.37732,-0.02791
1457.95215,-0.02658
1456.52697,-0.02510
1455.10180,-0.02419
1453.67663,-0.02373
1452.25145,-0.02331
1450.82628,-0.02270
1449.40111,-0.02182
1447.97593,-0.02065
1446.55076,-0.01932
1445.12559,-0.01805
1443.70041,-0.01689
1442.27524,-0.01584
1440.85007,-0.01496
1439.42490,-0.01422
1437.99972,-0.01348
1436.57455,-0.01269
1435.14938,-0.01215
1433.72420,-0.01203
1432.29903,-0.01220
1430.87386,-0.01258
1429.44868,-0.01310
1428.02351,-0.01366
1426.59834,-0.01420
1425.17316,-0.01472
1423.74799,-0.01521
1422.32282,-0.01565
1420.89764,-0.01599
1419.47247,-0.01623
1418.04730,-0.01647
1416.62212,-0.01679
1415.19695,-0.01708
1413.77178,-0.01720
1412.34660,-0.01711
1410.92143,-0.01692
1409.49626,-0.01671
1408.07109,-0.01648
1406.64591,-0.01621
1405.22074,-0.01593
1403.79557,-0.01574
1402.37039,-0.01562
1400.94522,-0.01552
1399.52005,-0.01537
1398.09487,-0.01514
1396.66970,-0.01481
1395.24453,-0.01436
1393.81935,-0.01384
1392.39418,-0.01333
1390.96901,-0.01281
1389.54383,-0.01225
1388.11866,-0.01163
1386.69349,-0.01104
1385.26831,-0.01056
1383.84314,-0.01011
1382.41797,-0.00962
1380.99280,-0.00906
1379.56762,-0.00845
1378.14245,-0.00781
1376.71728,-0.00713
1375.29210,-0.00637
1373.86693,-0.00559
1372.44176,-0.00491
1371.01658,-0.00438
1369.59141,-0.00397
1368.16624,-0.00367
1366.74106,-0.00347
1365.31589,-0.00331
1363.89072,-0.00314
1362.46554,-0.00295
1361.04037,-0.00278
1359.61520,-0.00265
1358.19002,-0.00257
1356.76485,-0.00253
1355.33968,-0.00253
1353.91451,-0.00255
1352.48933,-0.00251
1351.06416,-0.00245
1349.63899,-0.00246
1348.21381,-0.00261
1346.78864,-0.00288
1345.36347,-0.00323
1343.93829,-0.00362
1342.51312,-0.00402
1341.08795,-0.00444
1339.66277,-0.00490
1338.23760,-0.00541
1336.81243,-0.00594
1335.38725,-0.00649
1333.96208,-0.00707
1332.53691,-0.00769
1331.11173,-0.00840
1329.68656,-0.00920
1328.26139,-0.01005
1326.83622,-0.01086
1325.41104,-0.01161
1323.98587,-0.01230
1322.56070,-0.01296
1321.13552,-0.01359
1319.71035,-0.01422
1318.28518,-0.01490
1316.86000,-0.01564
1315.43483,-0.01638
1314.00966,-0.01706
1312.58448,-0.01768
1311.15931,-0.01825
1309.73414,-0.01881
1308.30896,-0.01940
1306.88379,-0.02005
1305.45862,-0.02078
1304.03344,-0.02155
1302.60827,-0.02232
1301.18310,-0.02306
1299.75793,-0.02376
1298.33275,-0.02445
1296.90758,-0.02520
1295.48241,-0.02603
1294.05723,-0.02690
1292.63206,-0.02781
1291.20689,-0.02878
1289.78171,-0.02986
1288.35654,-0.03104
1286.93137,-0.03230
1285.50619,-0.03364
1284.08102,-0.03506
1282.65585,-0.03654
1281.23067,-0.03813
1279.80550,-0.03991
1278.38033,-0.04187
1276.95515,-0.04396
1275.52998,-0.04618
1274.10481,-0.04859
1272.67963,-0.05124
1271.25446,-0.05413
1269.82929,-0.05729
1268.40412,-0.06083
1266.97894,-0.06494
1265.55377,-0.06985
1264.12860,-0.07563
1262.70342,-0.08220
1261.27825,-0.08949
1259.85308,-0.09754
1258.42790,-0.10653
1257.00273,-0.11662
1255.57756,-0.12792
1254.15238,-0.14054
1252.72721,-0.15471
1251.30204,-0.17055
1249.87686,-0.18775
1248.45169,-0.20590
1247.02652,-0.22487
1245.60134,-0.24457
1244.17617,-0.26462
1242.75100,-0.28434
1241.32583,-0.30309
1239.90065,-0.32053
1238.47548,-0.33663
1237.05031,-0.35152
1235.62513,-0.36527
1234.19996,-0.37780
1232.77479,-0.38891
1231.34961,-0.39850
1229.92444,-0.40665
1228.49927,-0.41333
1227.07409,-0.41850
1225.64892,-0.42234
1224.22375,-0.42502
1222.79857,-0.42687
1221.37340,-0.42868
1219.94823,-0.43105
1218.52305,-0.43391
1217.09788,-0.43679
1215.67271,-0.43949
1214.24754,-0.44209
1212.82236,-0.44452
1211.39719,-0.44644
1209.97202,-0.44777
1208.54684,-0.44920
1207.12167,-0.45139
1205.69650,-0.45424
1204.27132,-0.45736
1202.84615,-0.46058
1201.42098,-0.46329
1199.99580,-0.46426
1198.57063,-0.46303
1197.14546,-0.46083
1195.72028,-0.45914
1194.29511,-0.45798
1192.86994,-0.45640
1191.44476,-0.45425
1190.01959,-0.45195
1188.59442,-0.44887
1187.16925,-0.44367
1185.74407,-0.43621
1184.31890,-0.42743
1182.89373,-0.41774
1181.46855,-0.40669
1180.04338,-0.39391
1178.61821,-0.37922
1177.19303,-0.36254
1175.76786,-0.34433
1174.34269,-0.32579
1172.91751,-0.30795
1171.49234,-0.29084
1170.06717,-0.27405
1168.64199,-0.25779
1167.21682,-0.24270
1165.79165,-0.22901
1164.36647,-0.21648
1162.94130,-0.20475
1161.51613,-0.19353
1160.09096,-0.18282
1158.66578,-0.17281
1157.24061,-0.16356
1155.81544,-0.15495
1154.39026,-0.14702
1152.96509,-0.13995
1151.53992,-0.13376
1150.11474,-0.12819
1148.68957,-0.12287
1147.26440,-0.11779
1145.83922,-0.11334
1144.41405,-0.10982
1142.98888,-0.10693
1141.56370,-0.10416
1140.13853,-0.10129
1138.71336,-0.09842
1137.28818,-0.09573
1135.86301,-0.09335
1134.43784,-0.09137
1133.01266,-0.08981
1131.58749,-0.08860
1130.16232,-0.08762
1128.73715,-0.08658
1127.31197,-0.08516
1125.88680,-0.08344
1124.46163,-0.08184
1123.03645,-0.08068
1121.61128,-0.07971
1120.18611,-0.07852
1118.76093,-0.07724
1117.33576,-0.07646
1115.91059,-0.07632
1114.48541,-0.07618
1113.06024,-0.07548
1111.63507,-0.07447
1110.20989,-0.07370
1108.78472,-0.07318
1107.35955,-0.07253
1105.93437,-0.07158
1104.50920,-0.07049
1103.08403,-0.06951
1101.65886,-0.06871
1100.23368,-0.06807
1098.80851,-0.06755
1097.38334,-0.06702
1095.95816,-0.06641
1094.53299,-0.06580
1093.10782,-0.06525
1091.68264,-0.06459
1090.25747,-0.06363
1088.83230,-0.06255
1087.40712,-0.06178
1085.98195,-0.06143
1084.55678,-0.06115
1083.13160,-0.06052
1081.70643,-0.05946
1080.28126,-0.05815
1078.85608,-0.05682
1077.43091,-0.05567
1076.00574,-0.05482
1074.58057,-0.05419
1073.15539,-0.05357
1071.73022,-0.05292
1070.30505,-0.05228
1068.87987,-0.05173
1067.45470,-0.05135
1066.02953,-0.05123
1064.60435,-0.05119
1063.17918,-0.05086
1061.75401,-0.05006
1060.32883,-0.04890
1058.90366,-0.04771
1057.47849,-0.04691
1056.05331,-0.04683
1054.62814,-0.04742
1053.20297,-0.04837
1051.77779,-0.04911
1050.35262,-0.04896
1048.92745,-0.04786
1047.50228,-0.04675
1046.07710,-0.04650
1044.65193,-0.04700
1043.22676,-0.04771
1041.80158,-0.04854
1040.37641,-0.04965
1038.95124,-0.05096
1037.52606,-0.05215
1036.10089,-0.05298
1034.67572,-0.05355
1033.25054,-0.05406
1031.82537,-0.05445
1030.40020,-0.05448
1028.97502,-0.05407
1027.54985,-0.05342
1026.12468,-0.05286
1024.69950,-0.05269
1023.27433,-0.05297
1021.84916,-0.05345
1020.42399,-0.05372
1018.99881,-0.05366
1017.57364,-0.05360
1016.14847,-0.05388
1014.72329,-0.05450
1013.29812,-0.05538
1011.87295,-0.05646
1010.44777,-0.05753
1009.02260,-0.05814
1007.59743,-0.05836
1006.17225,-0.05883
1004.74708,-0.05953
1003.32191,-0.05899
1001.89673,-0.05617
1000.47156,-0.05277
999.04639,-0.05217
997.62121,-0.05553
996.19604,-0.06065
994.77087,-0.06438
993.34569,-0.06489
991.92052,-0.06177
990.49535,-0.05617
989.07018,-0.05062
987.64500,-0.04751
986.21983,-0.04808
984.79466,-0.05222
983.36948,-0.05706
981.94431,-0.05758
980.51914,-0.05237
979.09396,-0.04664
977.66879,-0.04470
976.24362,-0.04394
974.81844,-0.04121
973.39327,-0.03970
971.96810,-0.04387
970.54292,-0.05154
969.11775,-0.05535
967.69258,-0.05139
966.26740,-0.04360
964.84223,-0.03817
963.41706,-0.03635
961.99189,-0.03593
960.56671,-0.03620
959.14154,-0.03682
957.71637,-0.03473
956.29119,-0.02855
954.86602,-0.02421
953.44085,-0.03077
952.01567,-0.04896
950.59050,-0.06770
949.16533,-0.07634
947.74015,-0.07520
946.31498,-0.07160
944.88981,-0.06879
943.46463,-0.06348
942.03946,-0.05198
940.61429,-0.03694
939.18911,-0.02670
937.76394,-0.02328
936.33877,-0.01712
934.91360,0.00277
933.48842,0.03030
932.06325,0.04691
930.63808,0.04964
929.21290,0.04481
927.78773,0.04174
926.36256,0.04897
924.93738,0.05085
923.51221,0.03400
922.08704,0.01701
920.66186,0.02938
919.23669,0.05535
917.81152,0.05028
916.38634,0.01897
914.96117,0.00192
913.53600,-0.00335
912.11082,-0.02173
910.68565,-0.02912
909.26048,-0.02722
907.83531,-0.05934
906.41013,-0.17596
904.98496,-0.27282
903.55979,-0.08251
902.13461,0.20053
900.70944,0.14349
899.28427,-0.08960
897.85909,-0.24489
896.43392,-0.02571
895.00875,0.19497
893.58357,0.10448
892.15840,0.13637
890.73323,0.20468
889.30805,0.20033
887.88288,0.15738
886.45771,0.17341
885.03253,0.27970
883.60736,0.27082
882.18219,0.31516
880.75701,0.19907
879.33184,0.06186
877.90667,-0.07392
876.48150,0.07213
875.05632,0.21624
873.63115,0.26392
872.20598,0.21380
870.78080,0.12533
869.35563,0.08422
867.93046,0.06328
866.50528,-0.03633
865.08011,-0.17085
863.65494,-0.09149
862.22976,0.22336
860.80459,0.61327
859.37942,0.09975
857.95424,0.04972
856.52907,0.02891
855.10390,-0.04591
853.67872,-0.17684
852.25355,-0.39605
850.82838,-0.83169
849.40321,-0.42413
847.97803,-0.15456
846.55286,-0.04257
845.12769,-0.05231
843.70251,0.02305
842.27734,-0.02288
840.85217,-0.10967
839.42699,-0.11859
838.00182,0.09177
836.57665,0.40451
835.15147,0.61292
833.72630,0.60320
832.30113,0.50431
830.87595,0.42654
829.45078,0.29182
828.02561,0.07621
826.60043,-0.20515
825.17526,-0.21588
823.75009,0.30797
822.32492,0.24848
820.89974,0.11454
819.47457,0.11837
818.04940,0.13344
816.62422,0.23429
815.19905,0.27114
813.77388,0.12422
812.34870,0.00404
810.92353,-0.05401
809.49836,-0.13669
808.07318,-0.19894
806.64801,-0.12188
805.22284,-0.13149
803.79766,-0.20989
802.37249,-0.21022
800.94732,-0.03436
799.52214,0.14650
798.09697,0.15002
796.67180,0.05102
795.24663,-0.05041
793.82145,0.05426
792.39628,0.19221
790.97111,0.29939
789.54593,0.31589
788.12076,0.25488
786.69559,0.28762
785.27041,0.30301
783.84524,0.26249
782.42007,0.09517
780.99489,-0.33665
779.56972,-0.34802
778.14455,-0.25655
776.71937,-0.25016
775.29420,-0.34782
773.86903,-0.25122
772.44385,-0.12536
771.01868,-0.04434
769.59351,0.01576
768.16834,0.05936
766.74316,0.10748
765.31799,0.14048
763.89282,-0.16013
762.46764,-0.23060
761.04247,-0.18353
759.61730,-0.08759
758.19212,0.01081
756.76695,0.02722
755.34178,0.19108
753.91660,0.18061
752.49143,0.14499
751.06626,0.32290
749.64108,0.31829
748.21591,0.15799
746.79074,0.12011
745.36556,0.11340
743.94039,-0.03065
742.51522,-0.23136
741.09004,-0.29429
739.66487,-0.31679
738.23970,-0.46185
736.81453,-0.16979
735.38935,0.04460
733.96418,0.18622
732.53901,0.21864
731.11383,0.24283
729.68866,0.22461
728.26349,0.21705
726.83831,0.34951
725.41314,0.32617
723.98797,0.34538
722.56279,0.30050
721.13762,0.18230
719.71245,-0.14071
718.28727,-0.05629
716.86210,0.03195
715.43693,0.04361
714.01175,0.00929
712.58658,-0.04617
711.16141,-0.09164
709.73624,-0.06035
708.31106,0.14758
706.88589,0.36155
705.46072,0.32443
704.03554,0.50171
702.61037,0.58889
701.18520,0.42544
699.76002,0.06672
698.33485,0.16599
696.90968,-0.11428
695.48450,-0.22351
694.05933,-0.13598
692.63416,-0.10025
691.20898,-0.08665
689.78381,0.02925
688.35864,0.03869
686.93346,-0.15374
685.50829,-0.30299
684.08312,0.08294
682.65795,0.24419
681.23277,0.20725
679.80760,0.14023
678.38243,0.05049
676.95725,-0.08933
675.53208,-0.11737
674.10691,-0.09468
672.68173,-0.20543
671.25656,-0.29284
669.83139,-0.21371
668.40621,-0.21786
666.98104,-0.06727
665.55587,-0.04134
664.13069,0.09301
662.70552,0.29394
661.28035,0.22518
659.85517,0.07383
658.43000,-0.06868
657.00483,0.02779
655.57966,0.04752
654.15448,0.03377
652.72931,0.07407
651.30414,0.12478
649.87896,0.17299
648.45379,0.19905
647.02862,0.15072
645.60344,0.06215
644.17827,0.08823
642.75310,0.40670
641.32792,0.48477
639.90275,0.21375
638.47758,0.16477
637.05240,0.13858
635.62723,0.15639
634.20206,0.14430
632.77688,0.10113
631.35171,0.29669
629.92654,0.51226
628.50137,0.35158
627.07619,0.40102
625.65102,0.45845
624.22585,0.18179
622.80067,-0.00871
621.37550,0.01222
619.95033,-0.00056
618.52515,0.24518
617.09998,0.56114
615.67481,0.57857
614.24963,0.35315
612.82446,0.26104
611.39929,0.18428
609.97411,0.08337
608.54894,0.05664
607.12377,0.12228
605.69859,-0.13930
604.27342,-0.34176
602.84825,-0.40525
601.42307,-0.19491
599.99790,-0.04843
598.57273,-0.05938
597.14756,-0.28449
595.72238,-0.14222
594.29721,0.18802
592.87204,0.67421
591.44686,0.48443
590.02169,0.18354
588.59652,0.01994
587.17134,-0.00846
585.74617,0.13813
584.32100,0.44871
582.89582,0.33731
581.47065,0.00681
580.04548,-0.18886
578.62030,-0.03812
577.19513,0.15128
575.76996,0.19147
574.34478,0.04675
572.91961,0.00488
571.49444,0.08056
570.06927,-0.02189
568.64409,0.22222
567.21892,0.34191
565.79375,-0.04447
564.36857,-0.12014
562.94340,-0.07028
561.51823,0.01610
560.09305,0.17541
558.66788,0.06713
557.24271,0.04030
555.81753,0.12808
554.39236,0.22801
552.96719,0.11387
551.54201,-0.32441
550.11684,-0.15891
548.69167,0.00256
547.26649,-0.23428
545.84132,-0.41510
544.41615,-0.29259
542.99098,0.01828
541.56580,0.27466
540.14063,0.45745
538.71546,0.24271
537.29028,0.11590
535.86511,0.08919
534.43994,-0.04716
533.01476,-0.05909
531.58959,0.00205
530.16442,0.01082
528.73924,-0.14218
527.31407,0.02031
525.88890,0.12865
524.46372,0.15975
523.03855,0.08980
521.61338,-0.17354
520.18820,-0.05106
518.76303,0.19676
517.33786,0.40910
515.91269,0.42153
514.48751,0.33770
513.06234,0.15614
511.63717,0.03984
510.21199,-0.04190
508.78682,-0.16416
507.36165,-0.13532
505.93647,0.01208
504.51130,0.06872
503.08613,0.13274
501.66095,0.07650
500.23578,0.11522
498.81061,0.00944
497.38543,-0.00110
495.96026,0.06595
494.53509,0.10023
493.10991,0.11296
491.68474,0.01684
490.25957,-0.04439
488.83440,0.00616
487.40922,0.08498
485.98405,0.26432
484.55888,0.41025
483.13370,0.37095
481.70853,0.19148
480.28336,-0.01394
478.85818,-0.02751
477.43301,0.23629
476.00784,0.32844
474.58266,0.20880
473.15749,-0.04485
471.73232,-0.27745
470.30714,-0.22631
468.88197,-0.03699
467.45680,0.24787
466.03162,0.23438
464.60645,0.07610
463.18128,-0.05475
461.75610,0.02128
460.33093,0.22653
458.90576,0.25728
457.48059,0.19128
456.05541,0.18418
454.63024,0.28066
453.20507,0.40936
451.77989,0.52384
450.35472,0.46007
448.92955,0.24971
447.50437,0.31996
446.07920,0.58779
444.65403,0.40653
443.22885,0.28603
441.80368,0.28376
440.37851,0.33836
438.95333,0.34417
437.52816,0.52685
436.10299,0.60232
434.67781,0.54216
433.25264,0.51720
431.82747,0.31789
430.40230,0.13854
428.97712,0.19211
427.55195,0.34066
426.12678,0.56800
424.70160,0.58376
423.27643,0.51758
421.85126,0.17485
420.42608,0.04074
419.00091,0.02355
417.57574,-0.14787
416.15056,-0.24909
414.72539,-0.33625
413.30022,-0.35705
411.87504,-0.20220
410.44987,0.08952
409.02470,0.17734
407.59952,0.19060
406.17435,0.14787
404.74918,0.08769
403.32401,0.04084
401.89883,-0.00550
400.47366,-0.10904
399.04849,-0.20469
