3997.61072,0.00375
3996.18555,0.00375
3994.76038,0.00377
3993.33520,0.00380
3991.91003,0.00383
3990.48486,0.00386
3989.05968,0.00387
3987.63451,0.00385
3986.20934,0.00380
3984.78416,0.00377
3983.35899,0.00376
3981.93382,0.00376
3980.50865,0.00372
3979.08347,0.00365
3977.65830,0.00359
3976.23313,0.00353
3974.80795,0.00346
3973.38278,0.00338
3971.95761,0.00331
3970.53243,0.00327
3969.10726,0.00324
3967.68209,0.00320
3966.25691,0.00312
3964.83174,0.00302
3963.40657,0.00292
3961.98139,0.00282
3960.55622,0.00272
3959.13105,0.00257
3957.70587,0.00239
3956.28070,0.00221
3954.85553,0.00208
3953.43036,0.00199
3952.00518,0.00192
3950.58001,0.00184
3949.15484,0.00177
3947.72966,0.00170
3946.30449,0.00162
3944.87932,0.00153
3943.45414,0.00142
3942.02897,0.00130
3940.60380,0.00114
3939.17862,0.00096
3937.75345,0.00077
3936.32828,0.00062
3934.90310,0.00052
3933.47793,0.00046
3932.05276,0.00040
3930.62758,0.00027
3929.20241,0.00010
3927.77724,-0.00004
3926.35207,-0.00014
3924.92689,-0.00027
3923.50172,-0.00047
3922.07655,-0.00070
3920.65137,-0.00089
3919.22620,-0.00100
3917.80103,-0.00104
3916.37585,-0.00110
3914.95068,-0.00127
3913.52551,-0.00154
3912.10033,-0.00182
3910.67516,-0.00202
3909.24999,-0.00219
3907.82481,-0.00238
3906.39964,-0.00261
3904.97447,-0.00286
3903.54929,-0.00307
3902.12412,-0.00320
3900.69895,-0.00326
3899.27378,-0.00331
3897.84860,-0.00343
3896.42343,-0.00366
3894.99826,-0.00393
3893.57308,-0.00415
3892.14791,-0.00430
3890.72274,-0.00443
3889.29756,-0.00461
3887.87239,-0.00475
3886.44722,-0.00479
3885.02204,-0.00484
3883.59687,-0.00498
3882.17170,-0.00514
3880.74652,-0.00523
3879.32135,-0.00533
3877.89618,-0.00552
3876.47100,-0.00569
3875.04583,-0.00579
3873.62066,-0.00592
3872.19548,-0.00612
3870.77031,-0.00623
3869.34514,-0.00622
3867.91997,-0.00625
3866.49479,-0.00642
3865.06962,-0.00660
3863.64445,-0.00668
3862.21927,-0.00669
3860.79410,-0.00672
3859.36893,-0.00685
3857.94375,-0.00710
3856.51858,-0.00740
3855.09341,-0.00748
3853.66823,-0.00720
3852.24306,-0.00692
3850.81789,-0.00695
3849.39271,-0.00715
3847.96754,-0.00735
3846.54237,-0.00748
3845.11719,-0.00751
3843.69202,-0.00748
3842.26685,-0.00748
3840.84168,-0.00755
3839.41650,-0.00762
3837.99133,-0.00755
3836.56616,-0.00736
3835.14098,-0.00713
3833.71581,-0.00690
3832.29064,-0.00671
3830.86546,-0.00662
3829.44029,-0.00660
3828.01512,-0.00656
3826.58994,-0.00648
3825.16477,-0.00642
3823.73960,-0.00631
3822.31442,-0.00598
3820.88925,-0.00551
3819.46408,-0.00524
3818.03890,-0.00515
3816.61373,-0.00499
3815.18856,-0.00475
3813.76339,-0.00463
3812.33821,-0.00464
3810.91304,-0.00465
3809.48787,-0.00456
3808.06269,-0.00430
3806.63752,-0.00399
3805.21235,-0.00381
3803.78717,-0.00368
3802.36200,-0.00341
3800.93683,-0.00302
3799.51165,-0.00275
3798.08648,-0.00260
3796.66131,-0.00244
3795.23613,-0.00226
3793.81096,-0.00211
3792.38579,-0.00198
3790.96061,-0.00186
3789.53544,-0.00174
3788.11027,-0.00163
3786.68510,-0.00151
3785.25992,-0.00139
3783.83475,-0.00129
3782.40958,-0.00122
3780.98440,-0.00115
3779.55923,-0.00107
3778.13406,-0.00100
3776.70888,-0.00098
3775.28371,-0.00100
3773.85854,-0.00102
3772.43336,-0.00103
3771.00819,-0.00103
3769.58302,-0.00107
3768.15784,-0.00114
3766.73267,-0.00118
3765.30750,-0.00118
3763.88232,-0.00120
3762.45715,-0.00125
3761.03198,-0.00130
3759.60681,-0.00132
3758.18163,-0.00132
3756.75646,-0.00136
3755.33129,-0.00146
3753.90611,-0.00158
3752.48094,-0.00165
3751.05577,-0.00162
3749.63059,-0.00160
3748.20542,-0.00170
3746.78025,-0.00182
3745.35507,-0.00184
3743.92990,-0.00179
3742.50473,-0.00184
3741.07955,-0.00199
3739.65438,-0.00211
3738.22921,-0.00209
3736.80403,-0.00193
3735.37886,-0.00177
3733.95369,-0.00171
3732.52851,-0.00174
3731.10334,-0.00180
3729.67817,-0.00186
3728.25300,-0.00187
3726.82782,-0.00182
3725.40265,-0.00174
3723.97748,-0.00170
3722.55230,-0.00166
3721.12713,-0.00159
3719.70196,-0.00149
3718.27678,-0.00140
3716.85161,-0.00136
3715.42644,-0.00136
3714.00126,-0.00134
3712.57609,-0.00121
3711.15092,-0.00101
3709.72574,-0.00086
3708.30057,-0.00079
3706.87540,-0.00075
3705.45022,-0.00073
3704.02505,-0.00074
3702.59988,-0.00075
3701.17471,-0.00075
3699.74953,-0.00074
3698.32436,-0.00074
3696.89919,-0.00075
3695.47401,-0.00077
3694.04884,-0.00080
3692.62367,-0.00081
3691.19849,-0.00084
3689.77332,-0.00088
3688.34815,-0.00092
3686.92297,-0.00097
3685.49780,-0.00105
3684.07263,-0.00116
3682.64745,-0.00130
3681.22228,-0.00150
3679.79711,-0.00176
3678.37193,-0.00206
3676.94676,-0.00229
3675.52159,-0.00243
3674.09642,-0.00259
3672.67124,-0.00283
3671.24607,-0.00310
3669.82090,-0.00337
3668.39572,-0.00367
3666.97055,-0.00404
3665.54538,-0.00444
3664.12020,-0.00484
3662.69503,-0.00523
3661.26986,-0.00565
3659.84468,-0.00613
3658.41951,-0.00664
3656.99434,-0.00714
3655.56916,-0.00763
3654.14399,-0.00814
3652.71882,-0.00866
3651.29364,-0.00916
3649.86847,-0.00961
3648.44330,-0.01002
3647.01813,-0.01049
3645.59295,-0.01108
3644.16778,-0.01179
3642.74261,-0.01255
3641.31743,-0.01330
3639.89226,-0.01400
3638.46709,-0.01464
3637.04191,-0.01524
3635.61674,-0.01585
3634.19157,-0.01651
3632.76639,-0.01725
3631.34122,-0.01795
3629.91605,-0.01845
3628.49087,-0.01878
3627.06570,-0.01917
3625.64053,-0.01974
3624.21535,-0.02039
3622.79018,-0.02107
3621.36501,-0.02170
3619.93984,-0.02220
3618.51466,-0.02263
3617.08949,-0.02313
3615.66432,-0.02374
3614.23914,-0.02437
3612.81397,-0.02499
3611.38880,-0.02558
3609.96362,-0.02605
3608.53845,-0.02639
3607.11328,-0.02670
3605.68810,-0.02714
3604.26293,-0.02769
3602.83776,-0.02828
3601.41258,-0.02886
3599.98741,-0.02945
3598.56224,-0.03014
3597.13706,-0.03088
3595.71189,-0.03150
3594.28672,-0.03199
3592.86154,-0.03249
3591.43637,-0.03308
3590.01120,-0.03367
3588.58603,-0.03407
3587.16085,-0.03432
3585.73568,-0.03476
3584.31051,-0.03550
3582.88533,-0.03637
3581.46016,-0.03720
3580.03499,-0.03793
3578.60981,-0.03863
3577.18464,-0.03934
3575.75947,-0.04009
3574.33429,-0.04092
3572.90912,-0.04190
3571.48395,-0.04306
3570.05877,-0.04426
3568.63360,-0.04522
3567.20843,-0.04589
3565.78325,-0.04658
3564.35808,-0.04754
3562.93291,-0.04866
3561.50774,-0.04977
3560.08256,-0.05086
3558.65739,-0.05200
3557.23222,-0.05314
3555.80704,-0.05421
3554.38187,-0.05518
3552.95670,-0.05613
3551.53152,-0.05723
3550.10635,-0.05854
3548.68118,-0.05990
3547.25600,-0.06105
3545.83083,-0.06199
3544.40566,-0.06297
3542.98048,-0.06416
3541.55531,-0.06554
3540.13014,-0.06693
3538.70496,-0.06819
3537.27979,-0.06930
3535.85462,-0.07031
3534.42945,-0.07130
3533.00427,-0.07233
3531.57910,-0.07341
3530.15393,-0.07445
3528.72875,-0.07532
3527.30358,-0.07609
3525.87841,-0.07690
3524.45323,-0.07778
3523.02806,-0.07871
3521.60289,-0.07963
3520.17771,-0.08048
3518.75254,-0.08121
3517.32737,-0.08190
3515.90219,-0.08263
3514.47702,-0.08343
3513.05185,-0.08422
3511.62667,-0.08488
3510.20150,-0.08540
3508.77633,-0.08596
3507.35116,-0.08662
3505.92598,-0.08729
3504.50081,-0.08781
3503.07564,-0.08818
3501.65046,-0.08857
3500.22529,-0.08904
3498.80012,-0.08952
3497.37494,-0.08993
3495.94977,-0.09035
3494.52460,-0.09091
3493.09942,-0.09167
3491.67425,-0.09258
3490.24908,-0.09344
3488.82390,-0.09402
3487.39873,-0.09435
3485.97356,-0.09464
3484.54838,-0.09501
3483.12321,-0.09543
3481.69804,-0.09590
3480.27287,-0.09659
3478.84769,-0.09752
3477.42252,-0.09853
3475.99735,-0.09935
3474.57217,-0.09991
3473.14700,-0.10029
3471.72183,-0.10060
3470.29665,-0.10100
3468.87148,-0.10162
3467.44631,-0.10248
3466.02113,-0.10349
3464.59596,-0.10452
3463.17079,-0.10541
3461.74561,-0.10605
3460.32044,-0.10656
3458.89527,-0.10716
3457.47009,-0.10791
3456.04492,-0.10872
3454.61975,-0.10945
3453.19457,-0.11009
3451.76940,-0.11080
3450.34423,-0.11156
3448.91906,-0.11218
3447.49388,-0.11258
3446.06871,-0.11296
3444.64354,-0.11348
3443.21836,-0.11403
3441.79319,-0.11439
3440.36802,-0.11450
3438.94284,-0.11445
3437.51767,-0.11442
3436.09250,-0.11459
3434.66732,-0.11495
3433.24215,-0.11533
3431.81698,-0.11554
3430.39180,-0.11555
3428.96663,-0.11551
3427.54146,-0.11547
3426.11628,-0.11544
3424.69111,-0.11538
3423.26594,-0.11519
3421.84077,-0.11474
3420.41559,-0.11407
3418.99042,-0.11332
3417.56525,-0.11252
3416.14007,-0.11160
3414.71490,-0.11059
3413.28973,-0.10959
3411.86455,-0.10870
3410.43938,-0.10790
3409.01421,-0.10716
3407.58903,-0.10642
3406.16386,-0.10560
3404.73869,-0.10454
3403.31351,-0.10326
3401.88834,-0.10195
3400.46317,-0.10078
3399.03799,-0.09977
3397.61282,-0.09886
3396.18765,-0.09803
3394.76248,-0.09717
3393.33730,-0.09622
3391.91213,-0.09525
3390.48696,-0.09434
3389.06178,-0.09351
3387.63661,-0.09268
3386.21144,-0.09186
3384.78626,-0.09103
3383.36109,-0.09018
3381.93592,-0.08925
3380.51074,-0.08827
3379.08557,-0.08733
3377.66040,-0.08654
3376.23522,-0.08590
3374.81005,-0.08524
3373.38488,-0.08440
3371.95970,-0.08340
3370.53453,-0.08244
3369.10936,-0.08171
3367.68419,-0.08118
3366.25901,-0.08075
3364.83384,-0.08030
3363.40867,-0.07974
3361.98349,-0.07909
3360.55832,-0.07847
3359.13315,-0.07800
3357.70797,-0.07760
3356.28280,-0.07707
3354.85763,-0.07635
3353.43245,-0.07559
3352.00728,-0.07491
3350.58211,-0.07427
3349.15693,-0.07362
3347.73176,-0.07295
3346.30659,-0.07229
3344.88141,-0.07167
3343.45624,-0.07104
3342.03107,-0.07039
3340.60590,-0.06970
3339.18072,-0.06901
3337.75555,-0.06832
3336.33038,-0.06758
3334.90520,-0.06678
3333.48003,-0.06597
3332.05486,-0.06518
3330.62968,-0.06439
3329.20451,-0.06348
3327.77934,-0.06246
3326.35416,-0.06144
3324.92899,-0.06056
3323.50382,-0.05980
3322.07864,-0.05909
3320.65347,-0.05834
3319.22830,-0.05749
3317.80312,-0.05650
3316.37795,-0.05536
3314.95278,-0.05418
3313.52760,-0.05304
3312.10243,-0.05196
3310.67726,-0.05083
3309.25209,-0.04963
3307.82691,-0.04842
3306.40174,-0.04734
3304.97657,-0.04646
3303.55139,-0.04569
3302.12622,-0.04490
3300.70105,-0.04404
3299.27587,-0.04313
3297.85070,-0.04221
3296.42553,-0.04131
3295.00035,-0.04042
3293.57518,-0.03956
3292.15001,-0.03877
3290.72483,-0.03803
3289.29966,-0.03732
3287.87449,-0.03663
3286.44931,-0.03597
3285.02414,-0.03537
3283.59897,-0.03482
3282.17380,-0.03425
3280.74862,-0.03363
3279.32345,-0.03295
3277.89828,-0.03232
3276.47310,-0.03181
3275.04793,-0.03144
3273.62276,-0.03112
3272.19758,-0.03076
3270.77241,-0.03036
3269.34724,-0.03000
3267.92206,-0.02970
3266.49689,-0.02943
3265.07172,-0.02917
3263.64654,-0.02895
3262.22137,-0.02878
3260.79620,-0.02866
3259.37102,-0.02851
3257.94585,-0.02830
3256.52068,-0.02803
3255.09551,-0.02776
3253.67033,-0.02752
3252.24516,-0.02727
3250.81999,-0.02702
3249.39481,-0.02681
3247.96964,-0.02669
3246.54447,-0.02662
3245.11929,-0.02652
3243.69412,-0.02634
3242.26895,-0.02609
3240.84377,-0.02584
3239.41860,-0.02564
3237.99343,-0.02546
3236.56825,-0.02526
3235.14308,-0.02504
3233.71791,-0.02482
3232.29273,-0.02462
3230.86756,-0.02440
3229.44239,-0.02414
3228.01722,-0.02387
3226.59204,-0.02361
3225.16687,-0.02335
3223.74170,-0.02307
3222.31652,-0.02274
3220.89135,-0.02236
3219.46618,-0.02196
3218.04100,-0.02154
3216.61583,-0.02111
3215.19066,-0.02072
3213.76548,-0.02039
3212.34031,-0.02013
3210.91514,-0.01986
3209.48996,-0.01952
3208.06479,-0.01911
3206.63962,-0.01865
3205.21444,-0.01817
3203.78927,-0.01771
3202.36410,-0.01731
3200.93893,-0.01693
3199.51375,-0.01653
3198.08858,-0.01609
3196.66341,-0.01565
3195.23823,-0.01524
3193.81306,-0.01485
3192.38789,-0.01446
3190.96271,-0.01409
3189.53754,-0.01376
3188.11237,-0.01347
3186.68719,-0.01318
3185.26202,-0.01288
3183.83685,-0.01260
3182.41167,-0.01234
3180.98650,-0.01209
3179.56133,-0.01184
3178.13615,-0.01159
3176.71098,-0.01137
3175.28581,-0.01120
3173.86063,-0.01106
3172.43546,-0.01092
3171.01029,-0.01077
3169.58512,-0.01063
3168.15994,-0.01052
3166.73477,-0.01045
3165.30960,-0.01042
3163.88442,-0.01041
3162.45925,-0.01041
3161.03408,-0.01039
3159.60890,-0.01038
3158.18373,-0.01037
3156.75856,-0.01037
3155.33338,-0.01036
3153.90821,-0.01036
3152.48304,-0.01037
3151.05786,-0.01037
3149.63269,-0.01038
3148.20752,-0.01040
3146.78234,-0.01045
3145.35717,-0.01049
3143.93200,-0.01053
3142.50683,-0.01056
3141.08165,-0.01061
3139.65648,-0.01071
3138.23131,-0.01081
3136.80613,-0.01085
3135.38096,-0.01080
3133.95579,-0.01074
3132.53061,-0.01069
3131.10544,-0.01065
3129.68027,-0.01060
3128.25509,-0.01054
3126.82992,-0.01049
3125.40475,-0.01041
3123.97957,-0.01028
3122.55440,-0.01012
3121.12923,-0.00996
3119.70405,-0.00981
3118.27888,-0.00967
3116.85371,-0.00954
3115.42854,-0.00943
3114.00336,-0.00929
3112.57819,-0.00911
3111.15302,-0.00890
3109.72784,-0.00869
3108.30267,-0.00849
3106.87750,-0.00828
3105.45232,-0.00806
3104.02715,-0.00785
3102.60198,-0.00765
3101.17680,-0.00749
3099.75163,-0.00733
3098.32646,-0.00717
3096.90128,-0.00700
3095.47611,-0.00683
3094.05094,-0.00667
3092.62576,-0.00655
3091.20059,-0.00646
3089.77542,-0.00638
3088.35025,-0.00625
3086.92507,-0.00612
3085.49990,-0.00603
3084.07473,-0.00600
3082.64955,-0.00599
3081.22438,-0.00597
3079.79921,-0.00590
3078.37403,-0.00579
3076.94886,-0.00567
3075.52369,-0.00555
3074.09851,-0.00546
3072.67334,-0.00540
3071.24817,-0.00538
3069.82299,-0.00539
3068.39782,-0.00543
3066.97265,-0.00546
3065.54747,-0.00549
3064.12230,-0.00553
3062.69713,-0.00558
3061.27196,-0.00563
3059.84678,-0.00570
3058.42161,-0.00578
3056.99644,-0.00592
3055.57126,-0.00610
3054.14609,-0.00628
3052.72092,-0.00642
3051.29574,-0.00651
3049.87057,-0.00657
3048.44540,-0.00666
3047.02022,-0.00680
3045.59505,-0.00700
3044.16988,-0.00720
3042.74470,-0.00736
3041.31953,-0.00747
3039.89436,-0.00756
3038.46918,-0.00764
3037.04401,-0.00773
3035.61884,-0.00785
3034.19366,-0.00802
3032.76849,-0.00823
3031.34332,-0.00844
3029.91815,-0.00862
3028.49297,-0.00879
3027.06780,-0.00895
3025.64263,-0.00907
3024.21745,-0.00917
3022.79228,-0.00925
3021.36711,-0.00931
3019.94193,-0.00932
3018.51676,-0.00930
3017.09159,-0.00927
3015.66641,-0.00922
3014.24124,-0.00914
3012.81607,-0.00902
3011.39089,-0.00891
3009.96572,-0.00882
3008.54055,-0.00871
3007.11537,-0.00856
3005.69020,-0.00833
3004.26503,-0.00804
3002.83986,-0.00774
3001.41468,-0.00747
2999.98951,-0.00725
2998.56434,-0.00707
2997.13916,-0.00691
2995.71399,-0.00673
2994.28882,-0.00650
2992.86364,-0.00625
2991.43847,-0.00601
2990.01330,-0.00579
2988.58812,-0.00556
2987.16295,-0.00531
2985.73778,-0.00503
2984.31260,-0.00472
2982.88743,-0.00438
2981.46226,-0.00401
2980.03708,-0.00364
2978.61191,-0.00330
2977.18674,-0.00298
2975.76157,-0.00268
2974.33639,-0.00237
2972.91122,-0.00208
2971.48605,-0.00182
2970.06087,-0.00162
2968.63570,-0.00145
2967.21053,-0.00133
2965.78535,-0.00129
2964.36018,-0.00134
2962.93501,-0.00149
2961.50983,-0.00172
2960.08466,-0.00205
2958.65949,-0.00245
2957.23431,-0.00289
2955.80914,-0.00339
2954.38397,-0.00396
2952.95879,-0.00456
2951.53362,-0.00518
2950.10845,-0.00578
2948.68328,-0.00629
2947.25810,-0.00670
2945.83293,-0.00702
2944.40776,-0.00732
2942.98258,-0.00758
2941.55741,-0.00776
2940.13224,-0.00788
2938.70706,-0.00799
2937.28189,-0.00811
2935.85672,-0.00825
2934.43154,-0.00844
2933.00637,-0.00870
2931.58120,-0.00899
2930.15602,-0.00929
2928.73085,-0.00956
2927.30568,-0.00982
2925.88050,-0.01008
2924.45533,-0.01034
2923.03016,-0.01059
2921.60498,-0.01082
2920.17981,-0.01103
2918.75464,-0.01120
2917.32947,-0.01135
2915.90429,-0.01152
2914.47912,-0.01176
2913.05395,-0.01205
2911.62877,-0.01229
2910.20360,-0.01243
2908.77843,-0.01251
2907.35325,-0.01258
2905.92808,-0.01266
2904.50291,-0.01272
2903.07773,-0.01277
2901.65256,-0.01281
2900.22739,-0.01284
2898.80221,-0.01281
2897.37704,-0.01272
2895.95187,-0.01257
2894.52669,-0.01238
2893.10152,-0.01222
2891.67635,-0.01208
2890.25118,-0.01197
2888.82600,-0.01185
2887.40083,-0.01172
2885.97566,-0.01157
2884.55048,-0.01138
2883.12531,-0.01115
2881.70014,-0.01090
2880.27496,-0.01063
2878.84979,-0.01036
2877.42462,-0.01011
2875.99944,-0.00996
2874.57427,-0.00992
2873.14910,-0.00999
2871.72392,-0.01015
2870.29875,-0.01039
2868.87358,-0.01071
2867.44840,-0.01106
2866.02323,-0.01144
2864.59806,-0.01186
2863.17289,-0.01229
2861.74771,-0.01270
2860.32254,-0.01309
2858.89737,-0.01347
2857.47219,-0.01387
2856.04702,-0.01428
2854.62185,-0.01470
2853.19667,-0.01511
2851.77150,-0.01551
2850.34633,-0.01588
2848.92115,-0.01626
2847.49598,-0.01667
2846.07081,-0.01711
2844.64563,-0.01758
2843.22046,-0.01804
2841.79529,-0.01848
2840.37011,-0.01886
2838.94494,-0.01920
2837.51977,-0.01955
2836.09460,-0.01992
2834.66942,-0.02029
2833.24425,-0.02067
2831.81908,-0.02105
2830.39390,-0.02141
2828.96873,-0.02175
2827.54356,-0.02205
2826.11838,-0.02237
2824.69321,-0.02275
2823.26804,-0.02321
2821.84286,-0.02371
2820.41769,-0.02420
2818.99252,-0.02464
2817.56734,-0.02505
2816.14217,-0.02543
2814.71700,-0.02580
2813.29182,-0.02615
2811.86665,-0.02649
2810.44148,-0.02684
2809.01631,-0.02721
2807.59113,-0.02762
2806.16596,-0.02806
2804.74079,-0.02850
2803.31561,-0.02890
2801.89044,-0.02926
2800.46527,-0.02964
2799.04009,-0.03004
2797.61492,-0.03048
2796.18975,-0.03094
2794.76457,-0.03142
2793.33940,-0.03191
2791.91423,-0.03242
2790.48905,-0.03298
2789.06388,-0.03364
2787.63871,-0.03442
2786.21353,-0.03534
2784.78836,-0.03637
2783.36319,-0.03749
2781.93801,-0.03870
2780.51284,-0.03999
2779.08767,-0.04142
2777.66250,-0.04305
2776.23732,-0.04490
2774.81215,-0.04694
2773.38698,-0.04915
2771.96180,-0.05155
2770.53663,-0.05419
2769.11146,-0.05708
2767.68628,-0.06023
2766.26111,-0.06364
2764.83594,-0.06739
2763.41076,-0.07153
2761.98559,-0.07609
2760.56042,-0.08106
2759.13524,-0.08646
2757.71007,-0.09233
2756.28490,-0.09874
2754.85972,-0.10572
2753.43455,-0.11332
2752.00938,-0.12149
2750.58421,-0.13012
2749.15903,-0.13909
2747.73386,-0.14837
2746.30869,-0.15795
2744.88351,-0.16779
2743.45834,-0.17764
2742.03317,-0.18713
2740.60799,-0.19599
2739.18282,-0.20426
2737.75765,-0.21200
2736.33247,-0.21909
2734.90730,-0.22523
2733.48213,-0.23019
2732.05695,-0.23398
2730.63178,-0.23661
2729.20661,-0.23811
2727.78143,-0.23859
2726.35626,-0.23835
2724.93109,-0.23763
2723.50592,-0.23649
2722.08074,-0.23489
2720.65557,-0.23283
2719.23040,-0.23034
2717.80522,-0.22738
2716.38005,-0.22398
2714.95488,-0.22020
2713.52970,-0.21620
2712.10453,-0.21203
2710.67936,-0.20762
2709.25418,-0.20292
2707.82901,-0.19809
2706.40384,-0.19328
2704.97866,-0.18844
2703.55349,-0.18344
2702.12832,-0.17818
2700.70314,-0.17267
2699.27797,-0.16709
2697.85280,-0.16175
2696.42763,-0.15672
2695.00245,-0.15177
2693.57728,-0.14666
2692.15211,-0.14146
2690.72693,-0.13635
2689.30176,-0.13142
2687.87659,-0.12667
2686.45141,-0.12203
2685.02624,-0.11744
2683.60107,-0.11295
2682.17589,-0.10871
2680.75072,-0.10471
2679.32555,-0.10078
2677.90037,-0.09687
2676.47520,-0.09328
2675.05003,-0.09027
2673.62485,-0.08775
2672.19968,-0.08530
2670.77451,-0.08276
2669.34934,-0.08033
2667.92416,-0.07820
2666.49899,-0.07636
2665.07382,-0.07469
2663.64864,-0.07322
2662.22347,-0.07199
2660.79830,-0.07109
2659.37312,-0.07059
2657.94795,-0.07045
2656.52278,-0.07056
2655.09760,-0.07081
2653.67243,-0.07118
2652.24726,-0.07167
2650.82208,-0.07231
2649.39691,-0.07323
2647.97174,-0.07442
2646.54656,-0.07567
2645.12139,-0.07684
2643.69622,-0.07799
2642.27104,-0.07917
2640.84587,-0.08026
2639.42070,-0.08119
2637.99553,-0.08210
2636.57035,-0.08321
2635.14518,-0.08456
2633.72001,-0.08587
2632.29483,-0.08687
2630.86966,-0.08756
2629.44449,-0.08815
2628.01931,-0.08886
2626.59414,-0.08977
2625.16897,-0.09075
2623.74379,-0.09152
2622.31862,-0.09192
2620.89345,-0.09199
2619.46827,-0.09185
2618.04310,-0.09147
2616.61793,-0.09086
2615.19275,-0.09011
2613.76758,-0.08931
2612.34241,-0.08840
2610.91724,-0.08728
2609.49206,-0.08587
2608.06689,-0.08427
2606.64172,-0.08262
2605.21654,-0.08078
2603.79137,-0.07849
2602.36620,-0.07583
2600.94102,-0.07317
2599.51585,-0.07064
2598.09068,-0.06809
2596.66550,-0.06542
2595.24033,-0.06275
2593.81516,-0.06012
2592.38998,-0.05746
2590.96481,-0.05480
2589.53964,-0.05226
2588.11446,-0.04981
2586.68929,-0.04739
2585.26412,-0.04508
2583.83895,-0.04295
2582.41377,-0.04077
2580.98860,-0.03828
2579.56343,-0.03567
2578.13825,-0.03342
2576.71308,-0.03174
2575.28791,-0.03040
2573.86273,-0.02912
2572.43756,-0.02789
2571.01239,-0.02693
2569.58721,-0.02637
2568.16204,-0.02601
2566.73687,-0.02553
2565.31169,-0.02486
2563.88652,-0.02433
2562.46135,-0.02427
2561.03617,-0.02468
2559.61100,-0.02532
2558.18583,-0.02591
2556.76066,-0.02642
2555.33548,-0.02710
2553.91031,-0.02815
2552.48514,-0.02948
2551.05996,-0.03089
2549.63479,-0.03225
2548.20962,-0.03366
2546.78444,-0.03521
2545.35927,-0.03693
2543.93410,-0.03875
2542.50892,-0.04059
2541.08375,-0.04241
2539.65858,-0.04424
2538.23340,-0.04603
2536.80823,-0.04769
2535.38306,-0.04910
2533.95788,-0.05030
2532.53271,-0.05136
2531.10754,-0.05239
2529.68237,-0.05345
2528.25719,-0.05455
2526.83202,-0.05565
2525.40685,-0.05664
2523.98167,-0.05737
2522.55650,-0.05773
2521.13133,-0.05770
2519.70615,-0.05740
2518.28098,-0.05705
2516.85581,-0.05678
2515.43063,-0.05656
2514.00546,-0.05613
2512.58029,-0.05525
2511.15511,-0.05400
2509.72994,-0.05269
2508.30477,-0.05147
2506.87959,-0.05016
2505.45442,-0.04857
2504.02925,-0.04672
2502.60407,-0.04467
2501.17890,-0.04244
2499.75373,-0.04005
2498.32856,-0.03763
2496.90338,-0.03534
2495.47821,-0.03333
2494.05304,-0.03150
2492.62786,-0.02968
2491.20269,-0.02783
2489.77752,-0.02614
2488.35234,-0.02475
2486.92717,-0.02350
2485.50200,-0.02223
2484.07682,-0.02099
2482.65165,-0.01990
2481.22648,-0.01888
2479.80130,-0.01783
2478.37613,-0.01693
2476.95096,-0.01647
2475.52578,-0.01658
2474.10061,-0.01727
2472.67544,-0.01848
2471.25027,-0.01996
2469.82509,-0.02137
2468.39992,-0.02274
2466.97475,-0.02440
2465.54957,-0.02654
2464.12440,-0.02895
2462.69923,-0.03136
2461.27405,-0.03376
2459.84888,-0.03630
2458.42371,-0.03914
2456.99853,-0.04234
2455.57336,-0.04580
2454.14819,-0.04919
2452.72301,-0.05226
2451.29784,-0.05510
2449.87267,-0.05805
2448.44749,-0.06132
2447.02232,-0.06473
2445.59715,-0.06804
2444.17198,-0.07110
2442.74680,-0.07400
2441.32163,-0.07691
2439.89646,-0.07995
2438.47128,-0.08305
2437.04611,-0.08612
2435.62094,-0.08914
2434.19576,-0.09201
2432.77059,-0.09452
2431.34542,-0.09650
2429.92024,-0.09802
2428.49507,-0.09936
2427.06990,-0.10076
2425.64472,-0.10222
2424.21955,-0.10357
2422.79438,-0.10467
2421.36920,-0.10546
2419.94403,-0.10592
2418.51886,-0.10615
2417.09369,-0.10635
2415.66851,-0.10664
2414.24334,-0.10695
2412.81817,-0.10710
2411.39299,-0.10696
2409.96782,-0.10647
2408.54265,-0.10569
2407.11747,-0.10483
2405.69230,-0.10416
2404.26713,-0.10382
2402.84195,-0.10366
2401.41678,-0.10335
2399.99161,-0.10274
2398.56643,-0.10202
2397.14126,-0.10147
2395.71609,-0.10119
2394.29091,-0.10105
2392.86574,-0.10100
2391.44057,-0.10107
2390.01540,-0.10125
2388.59022,-0.10139
2387.16505,-0.10150
2385.73988,-0.10174
2384.31470,-0.10223
2382.88953,-0.10297
2381.46436,-0.10399
2380.03918,-0.10529
2378.61401,-0.10671
2377.18884,-0.10805
2375.76366,-0.10927
2374.33849,-0.11067
2372.91332,-0.11266
2371.48814,-0.11515
2370.06297,-0.11726
2368.63780,-0.11828
2367.21262,-0.11885
2365.78745,-0.12036
2364.36228,-0.12313
2362.93710,-0.12631
2361.51193,-0.12917
2360.08676,-0.13164
2358.66159,-0.13358
2357.23641,-0.13478
2355.81124,-0.13576
2354.38607,-0.13752
2352.96089,-0.14071
2351.53572,-0.14535
2350.11055,-0.15096
2348.68537,-0.15668
2347.26020,-0.16152
2345.83503,-0.16480
2344.40985,-0.16688
2342.98468,-0.16896
2341.55951,-0.17157
2340.13433,-0.17428
2338.70916,-0.17677
2337.28399,-0.17913
2335.85881,-0.18164
2334.43364,-0.18444
2333.00847,-0.18728
2331.58330,-0.18964
2330.15812,-0.19138
2328.73295,-0.19303
2327.30778,-0.19515
2325.88260,-0.19767
2324.45743,-0.20005
2323.03226,-0.20189
2321.60708,-0.20319
2320.18191,-0.20421
2318.75674,-0.20510
2317.33156,-0.20589
2315.90639,-0.20671
2314.48122,-0.20768
2313.05604,-0.20870
2311.63087,-0.20948
2310.20570,-0.20988
2308.78052,-0.20995
2307.35535,-0.20983
2305.93018,-0.20975
2304.50501,-0.20978
2303.07983,-0.20978
2301.65466,-0.20958
2300.22949,-0.20920
2298.80431,-0.20870
2297.37914,-0.20803
2295.95397,-0.20718
2294.52879,-0.20620
2293.10362,-0.20516
2291.67845,-0.20407
2290.25327,-0.20301
2288.82810,-0.20203
2287.40293,-0.20116
2285.97775,-0.20033
2284.55258,-0.19947
2283.12741,-0.19854
2281.70223,-0.19756
2280.27706,-0.19660
2278.85189,-0.19572
2277.42672,-0.19492
2276.00154,-0.19408
2274.57637,-0.19319
2273.15120,-0.19242
2271.72602,-0.19187
2270.30085,-0.19149
2268.87568,-0.19116
2267.45050,-0.19073
2266.02533,-0.19013
2264.60016,-0.18946
2263.17498,-0.18890
2261.74981,-0.18852
2260.32464,-0.18833
2258.89946,-0.18823
2257.47429,-0.18810
2256.04912,-0.18788
2254.62394,-0.18758
2253.19877,-0.18728
2251.77360,-0.18702
2250.34843,-0.18682
2248.92325,-0.18661
2247.49808,-0.18640
2246.07291,-0.18622
2244.64773,-0.18605
2243.22256,-0.18580
2241.79739,-0.18542
2240.37221,-0.18486
2238.94704,-0.18413
2237.52187,-0.18321
2236.09669,-0.18210
2234.67152,-0.18083
2233.24635,-0.17954
2231.82117,-0.17832
2230.39600,-0.17707
2228.97083,-0.17566
2227.54565,-0.17409
2226.12048,-0.17241
2224.69531,-0.17065
2223.27013,-0.16882
2221.84496,-0.16690
2220.41979,-0.16482
2218.99462,-0.16256
2217.56944,-0.16013
2216.14427,-0.15756
2214.71910,-0.15494
2213.29392,-0.15235
2211.86875,-0.14985
2210.44358,-0.14734
2209.01840,-0.14471
2207.59323,-0.14190
2206.16806,-0.13891
2204.74288,-0.13580
2203.31771,-0.13265
2201.89254,-0.12957
2200.46736,-0.12657
2199.04219,-0.12358
2197.61702,-0.12053
2196.19184,-0.11744
2194.76667,-0.11437
2193.34150,-0.11139
2191.91633,-0.10849
2190.49115,-0.10567
2189.06598,-0.10292
2187.64081,-0.10023
2186.21563,-0.09751
2184.79046,-0.09476
2183.36529,-0.09206
2181.94011,-0.08953
2180.51494,-0.08719
2179.08977,-0.08497
2177.66459,-0.08278
2176.23942,-0.08062
2174.81425,-0.07853
2173.38907,-0.07654
2171.96390,-0.07461
2170.53873,-0.07279
2169.11355,-0.07110
2167.68838,-0.06951
2166.26321,-0.06797
2164.83804,-0.06649
2163.41286,-0.06510
2161.98769,-0.06375
2160.56252,-0.06239
2159.13734,-0.06109
2157.71217,-0.05992
2156.28700,-0.05889
2154.86182,-0.05791
2153.43665,-0.05693
2152.01148,-0.05597
2150.58630,-0.05509
2149.16113,-0.05431
2147.73596,-0.05357
2146.31078,-0.05284
2144.88561,-0.05209
2143.46044,-0.05133
2142.03526,-0.05058
2140.61009,-0.04989
2139.18492,-0.04926
2137.75975,-0.04869
2136.33457,-0.04812
2134.90940,-0.04756
2133.48423,-0.04700
2132.05905,-0.04645
2130.63388,-0.04586
2129.20871,-0.04524
2127.78353,-0.04458
2126.35836,-0.04390
2124.93319,-0.04323
2123.50801,-0.04257
2122.08284,-0.04193
2120.65767,-0.04130
2119.23249,-0.04066
2117.80732,-0.03998
2116.38215,-0.03924
2114.95697,-0.03847
2113.53180,-0.03769
2112.10663,-0.03690
2110.68146,-0.03611
2109.25628,-0.03530
2107.83111,-0.03451
2106.40594,-0.03375
2104.98076,-0.03300
2103.55559,-0.03223
2102.13042,-0.03143
2100.70524,-0.03063
2099.28007,-0.02984
2097.85490,-0.02906
2096.42972,-0.02827
2095.00455,-0.02748
2093.57938,-0.02671
2092.15420,-0.02598
2090.72903,-0.02526
2089.30386,-0.02454
2087.87868,-0.02382
2086.45351,-0.02312
2085.02834,-0.02244
2083.60316,-0.02175
2082.17799,-0.02108
2080.75282,-0.02044
2079.32765,-0.01986
2077.90247,-0.01932
2076.47730,-0.01882
2075.05213,-0.01836
2073.62695,-0.01792
2072.20178,-0.01748
2070.77661,-0.01703
2069.35143,-0.01660
2067.92626,-0.01619
2066.50109,-0.01582
2065.07591,-0.01549
2063.65074,-0.01519
2062.22557,-0.01494
2060.80039,-0.01473
2059.37522,-0.01452
2057.95005,-0.01431
2056.52487,-0.01413
2055.09970,-0.01399
2053.67453,-0.01389
2052.24936,-0.01383
2050.82418,-0.01378
2049.39901,-0.01374
2047.97384,-0.01369
2046.54866,-0.01366
2045.12349,-0.01366
2043.69832,-0.01369
2042.27314,-0.01376
2040.84797,-0.01384
2039.42280,-0.01391
2037.99762,-0.01397
2036.57245,-0.01400
2035.14728,-0.01404
2033.72210,-0.01408
2032.29693,-0.01414
2030.87176,-0.01418
2029.44658,-0.01421
2028.02141,-0.01422
2026.59624,-0.01423
2025.17107,-0.01422
2023.74589,-0.01419
2022.32072,-0.01416
2020.89555,-0.01410
2019.47037,-0.01400
2018.04520,-0.01387
2016.62003,-0.01376
2015.19485,-0.01366
2013.76968,-0.01356
2012.34451,-0.01344
2010.91933,-0.01331
2009.49416,-0.01315
2008.06899,-0.01296
2006.64381,-0.01276
2005.21864,-0.01255
2003.79347,-0.01233
2002.36829,-0.01208
2000.94312,-0.01181
1999.51795,-0.01154
1998.09278,-0.01128
1996.66760,-0.01103
1995.24243,-0.01079
1993.81726,-0.01051
1992.39208,-0.01020
1990.96691,-0.00988
1989.54174,-0.00957
1988.11656,-0.00931
1986.69139,-0.00907
1985.26622,-0.00882
1983.84104,-0.00852
1982.41587,-0.00821
1980.99070,-0.00792
1979.56552,-0.00766
1978.14035,-0.00741
1976.71518,-0.00718
1975.29000,-0.00696
1973.86483,-0.00677
1972.43966,-0.00661
1971.01449,-0.00648
1969.58931,-0.00638
1968.16414,-0.00628
1966.73897,-0.00618
1965.31379,-0.00608
1963.88862,-0.00602
1962.46345,-0.00603
1961.03827,-0.00607
1959.61310,-0.00610
1958.18793,-0.00608
1956.76275,-0.00604
1955.33758,-0.00602
1953.91241,-0.00606
1952.48723,-0.00614
1951.06206,-0.00627
1949.63689,-0.00643
1948.21171,-0.00658
1946.78654,-0.00671
1945.36137,-0.00683
1943.93619,-0.00694
1942.51102,-0.00707
1941.08585,-0.00724
1939.66068,-0.00744
1938.23550,-0.00763
1936.81033,-0.00782
1935.38516,-0.00798
1933.95998,-0.00812
1932.53481,-0.00826
1931.10964,-0.00843
1929.68446,-0.00861
1928.25929,-0.00879
1926.83412,-0.00894
1925.40894,-0.00906
1923.98377,-0.00918
1922.55860,-0.00930
1921.13342,-0.00941
1919.70825,-0.00950
1918.28308,-0.00955
1916.85790,-0.00957
1915.43273,-0.00961
1914.00756,-0.00966
1912.58239,-0.00971
1911.15721,-0.00973
1909.73204,-0.00973
1908.30687,-0.00972
1906.88169,-0.00973
1905.45652,-0.00971
1904.03135,-0.00966
1902.60617,-0.00957
1901.18100,-0.00946
1899.75583,-0.00934
1898.33065,-0.00923
1896.90548,-0.00911
1895.48031,-0.00899
1894.05513,-0.00888
1892.62996,-0.00877
1891.20479,-0.00864
1889.77961,-0.00846
1888.35444,-0.00828
1886.92927,-0.00810
1885.50410,-0.00793
1884.07892,-0.00773
1882.65375,-0.00750
1881.22858,-0.00727
1879.80340,-0.00707
1878.37823,-0.00691
1876.95306,-0.00677
1875.52788,-0.00664
1874.10271,-0.00653
1872.67754,-0.00644
1871.25236,-0.00634
1869.82719,-0.00619
1868.40202,-0.00603
1866.97684,-0.00595
1865.55167,-0.00595
1864.12650,-0.00597
1862.70132,-0.00599
1861.27615,-0.00600
1859.85098,-0.00603
1858.42581,-0.00608
1857.00063,-0.00614
1855.57546,-0.00620
1854.15029,-0.00627
1852.72511,-0.00635
1851.29994,-0.00646
1849.87477,-0.00659
1848.44959,-0.00677
1847.02442,-0.00696
1845.59925,-0.00713
1844.17407,-0.00727
1842.74890,-0.00744
1841.32373,-0.00768
1839.89855,-0.00797
1838.47338,-0.00827
1837.04821,-0.00856
1835.62303,-0.00882
1834.19786,-0.00908
1832.77269,-0.00935
1831.34751,-0.00961
1829.92234,-0.00986
1828.49717,-0.01008
1827.07200,-0.01029
1825.64682,-0.01052
1824.22165,-0.01074
1822.79648,-0.01095
1821.37130,-0.01114
1819.94613,-0.01131
1818.52096,-0.01146
1817.09578,-0.01159
1815.67061,-0.01171
1814.24544,-0.01180
1812.82026,-0.01186
1811.39509,-0.01189
1809.96992,-0.01189
1808.54474,-0.01189
1807.11957,-0.01191
1805.69440,-0.01194
1804.26922,-0.01196
1802.84405,-0.01192
1801.41888,-0.01183
1799.99371,-0.01169
1798.56853,-0.01154
1797.14336,-0.01141
1795.71819,-0.01129
1794.29301,-0.01113
1792.86784,-0.01091
1791.44267,-0.01068
1790.01749,-0.01053
1788.59232,-0.01042
1787.16715,-0.01029
1785.74197,-0.01010
1784.31680,-0.00989
1782.89163,-0.00968
1781.46645,-0.00948
1780.04128,-0.00931
1778.61611,-0.00918
1777.19093,-0.00910
1775.76576,-0.00903
1774.34059,-0.00890
1772.91542,-0.00870
1771.49024,-0.00848
1770.06507,-0.00831
1768.63990,-0.00819
1767.21472,-0.00810
1765.78955,-0.00804
1764.36438,-0.00802
1762.93920,-0.00799
1761.51403,-0.00793
1760.08886,-0.00788
1758.66368,-0.00781
1757.23851,-0.00773
1755.81334,-0.00767
1754.38816,-0.00766
1752.96299,-0.00763
1751.53782,-0.00750
1750.11264,-0.00732
1748.68747,-0.00716
1747.26230,-0.00704
1745.83713,-0.00692
1744.41195,-0.00678
1742.98678,-0.00664
1741.56161,-0.00649
1740.13643,-0.00638
1738.71126,-0.00636
1737.28609,-0.00645
1735.86091,-0.00657
1734.43574,-0.00660
1733.01057,-0.00662
1731.58539,-0.00675
1730.16022,-0.00695
1728.73505,-0.00715
1727.30987,-0.00733
1725.88470,-0.00748
1724.45953,-0.00761
1723.03435,-0.00775
1721.60918,-0.00793
1720.18401,-0.00805
1718.75884,-0.00802
1717.33366,-0.00781
1715.90849,-0.00761
1714.48332,-0.00755
1713.05814,-0.00759
1711.63297,-0.00766
1710.20780,-0.00772
1708.78262,-0.00776
1707.35745,-0.00768
1705.93228,-0.00752
1704.50710,-0.00739
1703.08193,-0.00734
1701.65676,-0.00721
1700.23158,-0.00688
1698.80641,-0.00648
1697.38124,-0.00612
1695.95606,-0.00565
1694.53089,-0.00510
1693.10572,-0.00460
1691.68054,-0.00405
1690.25537,-0.00325
1688.83020,-0.00230
1687.40503,-0.00132
1685.97985,-0.00001
1684.55468,0.00211
1683.12951,0.00455
1681.70433,0.00648
1680.27916,0.00800
1678.85399,0.00948
1677.42881,0.01124
1676.00364,0.01350
1674.57847,0.01602
1673.15329,0.01835
1671.72812,0.02071
1670.30295,0.02373
1668.87777,0.02728
1667.45260,0.03039
1666.02743,0.03279
1664.60225,0.03493
1663.17708,0.03706
1661.75191,0.03884
1660.32674,0.03992
1658.90156,0.04041
1657.47639,0.04055
1656.05122,0.04063
1654.62604,0.04109
1653.20087,0.04226
1651.77570,0.04340
1650.35052,0.04409
1648.92535,0.04507
1647.50018,0.04721
1646.07500,0.05051
1644.64983,0.05390
1643.22466,0.05703
1641.79948,0.06031
1640.37431,0.06390
1638.94914,0.06785
1637.52396,0.07292
1636.09879,0.08017
1634.67362,0.08848
1633.24845,0.09563
1631.82327,0.10180
1630.39810,0.10829
1628.97293,0.11555
1627.54775,0.12261
1626.12258,0.12782
1624.69741,0.12989
1623.27223,0.12794
1621.84706,0.12235
1620.42189,0.11455
1618.99671,0.10490
1617.57154,0.09262
1616.14637,0.07883
1614.72119,0.06663
1613.29602,0.05670
1611.87085,0.04777
1610.44567,0.03915
1609.02050,0.03106
1607.59533,0.02391
1606.17016,0.01783
1604.74498,0.01268
1603.31981,0.00828
1601.89464,0.00452
1600.46946,0.00136
1599.04429,-0.00125
1597.61912,-0.00345
1596.19394,-0.00533
1594.76877,-0.00696
1593.34360,-0.00831
1591.91842,-0.00943
1590.49325,-0.01037
1589.06808,-0.01119
1587.64290,-0.01193
1586.21773,-0.01259
1584.79256,-0.01316
1583.36738,-0.01371
1581.94221,-0.01429
1580.51704,-0.01495
1579.09187,-0.01562
1577.66669,-0.01624
1576.24152,-0.01677
1574.81635,-0.01733
1573.39117,-0.01799
1571.96600,-0.01862
1570.54083,-0.01905
1569.11565,-0.01938
1567.69048,-0.01979
1566.26531,-0.02027
1564.84013,-0.02079
1563.41496,-0.02136
1561.98979,-0.02196
1560.56461,-0.02228
1559.13944,-0.02205
1557.71427,-0.02181
1556.28909,-0.02212
1554.86392,-0.02268
1553.43875,-0.02322
1552.01357,-0.02371
1550.58840,-0.02419
1549.16323,-0.02470
1547.73806,-0.02522
1546.31288,-0.02574
1544.88771,-0.02627
1543.46254,-0.02680
1542.03736,-0.02730
1540.61219,-0.02767
1539.18702,-0.02811
1537.76184,-0.02887
1536.33667,-0.02980
1534.91150,-0.03063
1533.48632,-0.03123
1532.06115,-0.03176
1530.63598,-0.03241
1529.21080,-0.03315
1527.78563,-0.03382
1526.36046,-0.03437
1524.93528,-0.03482
1523.51011,-0.03506
1522.08494,-0.03481
1520.65977,-0.03412
1519.23459,-0.03336
1517.80942,-0.03273
1516.38425,-0.03244
1514.95907,-0.03294
1513.53390,-0.03432
1512.10873,-0.03623
1510.68355,-0.03825
1509.25838,-0.04002
1507.83321,-0.04129
1506.40803,-0.04210
1504.98286,-0.04290
1503.55769,-0.04388
1502.13251,-0.04490
1500.70734,-0.04579
1499.28217,-0.04645
1497.85699,-0.04690
1496.43182,-0.04732
1495.00665,-0.04792
1493.58148,-0.04870
1492.15630,-0.04950
1490.73113,-0.05009
1489.30596,-0.05037
1487.88078,-0.05050
1486.45561,-0.05064
1485.03044,-0.05081
1483.60526,-0.05088
1482.18009,-0.05070
1480.75492,-0.05027
1479.32974,-0.04973
1477.90457,-0.04919
1476.47940,-0.04861
1475.05422,-0.04779
1473.62905,-0.04652
1472.20388,-0.04508
1470.77870,-0.04425
1469.35353,-0.04424
1467.92836,-0.04455
1466.50319,-0.04456
1465.07801,-0.04405
1463.65284,-0.04340
1462.22767,-0.04307
1460.80249,-0.04297
1459.37732,-0.04253
1457.95215,-0.04110
1456.52697,-0.03902
1455.10180,-0.03755
1453.67663,-0.03681
1452.25145,-0.03620
1450.82628,-0.03532
1449.40111,-0.03407
1447.97593,-0.03252
1446.55076,-0.03097
1445.12559,-0.02968
1443.70041,-0.02860
1442.27524,-0.02765
1440.85007,-0.02692
1439.42490,-0.02639
1437.99972,-0.02571
1436.57455,-0.02481
1435.14938,-0.02423
1433.72420,-0.02432
1432.29903,-0.02478
1430.87386,-0.02528
1429.44868,-0.02579
1428.02351,-0.02640
1426.59834,-0.02705
1425.17316,-0.02762
1423.74799,-0.02808
1422.32282,-0.02847
1420.89764,-0.02871
1419.47247,-0.02872
1418.04730,-0.02867
1416.62212,-0.02877
1415.19695,-0.02893
1413.77178,-0.02897
1412.34660,-0.02882
1410.92143,-0.02855
1409.49626,-0.02824
1408.07109,-0.02794
1406.64591,-0.02762
1405.22074,-0.02724
1403.79557,-0.02683
1402.37039,-0.02644
1400.94522,-0.02607
1399.52005,-0.02568
1398.09487,-0.02523
1396.66970,-0.02468
1395.24453,-0.02399
1393.81935,-0.02322
1392.39418,-0.02252
1390.96901,-0.02191
1389.54383,-0.02132
1388.11866,-0.02069
1386.69349,-0.02008
1385.26831,-0.01956
1383.84314,-0.01911
1382.41797,-0.01865
1380.99280,-0.01816
1379.56762,-0.01764
1378.14245,-0.01710
1376.71728,-0.01653
1375.29210,-0.01590
1373.86693,-0.01527
1372.44176,-0.01474
1371.01658,-0.01433
1369.59141,-0.01398
1368.16624,-0.01370
1366.74106,-0.01355
1365.31589,-0.01351
1363.89072,-0.01349
1362.46554,-0.01342
1361.04037,-0.01334
1359.61520,-0.01332
1358.19002,-0.01336
1356.76485,-0.01348
1355.33968,-0.01363
1353.91451,-0.01375
1352.48933,-0.01381
1351.06416,-0.01386
1349.63899,-0.01395
1348.21381,-0.01407
1346.78864,-0.01419
1345.36347,-0.01431
1343.93829,-0.01449
1342.51312,-0.01474
1341.08795,-0.01507
1339.66277,-0.01543
1338.23760,-0.01586
1336.81243,-0.01638
1335.38725,-0.01698
1333.96208,-0.01761
1332.53691,-0.01821
1331.11173,-0.01878
1329.68656,-0.01936
1328.26139,-0.01995
1326.83622,-0.02053
1325.41104,-0.02108
1323.98587,-0.02164
1322.56070,-0.02221
1321.13552,-0.02280
1319.71035,-0.02337
1318.28518,-0.02391
1316.86000,-0.02444
1315.43483,-0.02499
1314.00966,-0.02555
1312.58448,-0.02613
1311.15931,-0.02670
1309.73414,-0.02727
1308.30896,-0.02789
1306.88379,-0.02859
1305.45862,-0.02939
1304.03344,-0.03025
1302.60827,-0.03112
1301.18310,-0.03199
1299.75793,-0.03290
1298.33275,-0.03388
1296.90758,-0.03494
1295.48241,-0.03606
1294.05723,-0.03720
1292.63206,-0.03837
1291.20689,-0.03961
1289.78171,-0.04093
1288.35654,-0.04235
1286.93137,-0.04393
1285.50619,-0.04569
1284.08102,-0.04750
1282.65585,-0.04923
1281.23067,-0.05091
1279.80550,-0.05271
1278.38033,-0.05477
1276.95515,-0.05704
1275.52998,-0.05946
1274.10481,-0.06201
1272.67963,-0.06482
1271.25446,-0.06795
1269.82929,-0.07140
1268.40412,-0.07514
1266.97894,-0.07920
1265.55377,-0.08361
1264.12860,-0.08832
1262.70342,-0.09332
1261.27825,-0.09875
1259.85308,-0.10474
1258.42790,-0.11127
1257.00273,-0.11828
1255.57756,-0.12574
1254.15238,-0.13366
1252.72721,-0.14209
1251.30204,-0.15102
1249.87686,-0.16019
1248.45169,-0.16924
1247.02652,-0.17797
1245.60134,-0.18624
1244.17617,-0.19376
1242.75100,-0.20021
1241.32583,-0.20562
1239.90065,-0.21035
1238.47548,-0.21454
1237.05031,-0.21798
1235.62513,-0.22045
1234.19996,-0.22188
1232.77479,-0.22234
1231.34961,-0.22211
1229.92444,-0.22162
1228.49927,-0.22108
1227.07409,-0.22049
1225.64892,-0.21979
1224.22375,-0.21897
1222.79857,-0.21790
1221.37340,-0.21637
1219.94823,-0.21444
1218.52305,-0.21239
1217.09788,-0.21051
1215.67271,-0.20882
1214.24754,-0.20731
1212.82236,-0.20605
1211.39719,-0.20518
1209.97202,-0.20486
1208.54684,-0.20514
1207.12167,-0.20588
1205.69650,-0.20681
1204.27132,-0.20782
1202.84615,-0.20892
1201.42098,-0.21018
1199.99580,-0.21177
1198.57063,-0.21389
1197.14546,-0.21653
1195.72028,-0.21935
1194.29511,-0.22220
1192.86994,-0.22522
1191.44476,-0.22851
1190.01959,-0.23156
1188.59442,-0.23372
1187.16925,-0.23494
1185.74407,-0.23572
1184.31890,-0.23618
1182.89373,-0.23597
1181.46855,-0.23483
1180.04338,-0.23274
1178.61821,-0.22978
1177.19303,-0.22613
1175.76786,-0.22203
1174.34269,-0.21740
1172.91751,-0.21219
1171.49234,-0.20680
1170.06717,-0.20158
1168.64199,-0.19622
1167.21682,-0.19005
1165.79165,-0.18303
1164.36647,-0.17597
1162.94130,-0.16972
1161.51613,-0.16440
1160.09096,-0.15948
1158.66578,-0.15443
1157.24061,-0.14928
1155.81544,-0.14439
1154.39026,-0.13993
1152.96509,-0.13578
1151.53992,-0.13183
1150.11474,-0.12827
1148.68957,-0.12520
1147.26440,-0.12238
1145.83922,-0.11942
1144.41405,-0.11618
1142.98888,-0.11284
1141.56370,-0.10982
1140.13853,-0.10732
1138.71336,-0.10519
1137.28818,-0.10316
1135.86301,-0.10116
1134.43784,-0.09927
1133.01266,-0.09745
1131.58749,-0.09566
1130.16232,-0.09396
1128.73715,-0.09252
1127.31197,-0.09142
1125.88680,-0.09064
1124.46163,-0.09004
1123.03645,-0.08942
1121.61128,-0.08859
1120.18611,-0.08760
1118.76093,-0.08665
1117.33576,-0.08587
1115.91059,-0.08516
1114.48541,-0.08429
1113.06024,-0.08320
1111.63507,-0.08211
1110.20989,-0.08127
1108.78472,-0.08066
1107.35955,-0.08012
1105.93437,-0.07951
1104.50920,-0.07885
1103.08403,-0.07830
1101.65886,-0.07809
1100.23368,-0.07816
1098.80851,-0.07819
1097.38334,-0.07787
1095.95816,-0.07724
1094.53299,-0.07656
1093.10782,-0.07609
1091.68264,-0.07585
1090.25747,-0.07549
1088.83230,-0.07460
1087.40712,-0.07331
1085.98195,-0.07209
1084.55678,-0.07111
1083.13160,-0.07019
1081.70643,-0.06943
1080.28126,-0.06914
1078.85608,-0.06925
1077.43091,-0.06927
1076.00574,-0.06893
1074.58057,-0.06853
1073.15539,-0.06844
1071.73022,-0.06855
1070.30505,-0.06852
1068.87987,-0.06833
1067.45470,-0.06819
1066.02953,-0.06803
1064.60435,-0.06763
1063.17918,-0.06707
1061.75401,-0.06664
1060.32883,-0.06638
1058.90366,-0.06613
1057.47849,-0.06595
1056.05331,-0.06610
1054.62814,-0.06662
1053.20297,-0.06706
1051.77779,-0.06694
1050.35262,-0.06632
1048.92745,-0.06557
1047.50228,-0.06488
1046.07710,-0.06414
1044.65193,-0.06341
1043.22676,-0.06301
1041.80158,-0.06335
1040.37641,-0.06463
1038.95124,-0.06628
1037.52606,-0.06693
1036.10089,-0.06581
1034.67572,-0.06402
1033.25054,-0.06335
1031.82537,-0.06409
1030.40020,-0.06513
1028.97502,-0.06579
1027.54985,-0.06650
1026.12468,-0.06758
1024.69950,-0.06882
1023.27433,-0.06990
1021.84916,-0.07040
1020.42399,-0.06975
1018.99881,-0.06813
1017.57364,-0.06685
1016.14847,-0.06690
1014.72329,-0.06782
1013.29812,-0.06841
1011.87295,-0.06825
1010.44777,-0.06805
1009.02260,-0.06864
1007.59743,-0.07005
1006.17225,-0.07161
1004.74708,-0.07267
1003.32191,-0.07291
1001.89673,-0.07214
1000.47156,-0.07044
999.04639,-0.06860
997.62121,-0.06792
996.19604,-0.06913
994.77087,-0.07163
993.34569,-0.07364
991.92052,-0.07342
990.49535,-0.07084
989.07018,-0.06796
987.64500,-0.06723
986.21983,-0.06911
984.79466,-0.07195
983.36948,-0.07402
981.94431,-0.07468
980.51914,-0.07389
979.09396,-0.07183
977.66879,-0.06898
976.24362,-0.06613
974.81844,-0.06433
973.39327,-0.06441
971.96810,-0.06590
970.54292,-0.06763
969.11775,-0.06863
967.69258,-0.06811
966.26740,-0.06592
964.84223,-0.06354
963.41706,-0.06254
961.99189,-0.06234
960.56671,-0.06121
959.14154,-0.05886
957.71637,-0.05710
956.29119,-0.05917
954.86602,-0.06710
953.44085,-0.07766
952.01567,-0.08397
950.59050,-0.08369
949.16533,-0.08155
947.74015,-0.08230
946.31498,-0.08547
944.88981,-0.08730
943.46463,-0.08382
942.03946,-0.07298
940.61429,-0.05616
939.18911,-0.03698
937.76394,-0.01952
936.33877,-0.00737
934.91360,-0.00113
933.48842,-0.00203
932.06325,-0.01743
930.63808,-0.05554
929.21290,-0.11181
927.78773,-0.16064
926.36256,-0.16552
924.93738,-0.11892
923.51221,-0.05718
922.08704,-0.00847
920.66186,0.02782
919.23669,0.04944
917.81152,0.05140
916.38634,-0.00881
914.96117,-0.13333
913.53600,-0.25964
912.11082,-0.12592
910.68565,0.00292
909.26048,0.08809
907.83531,0.11332
906.41013,0.11738
904.98496,0.09529
903.55979,-0.05896
902.13461,-0.28690
900.70944,-0.39491
899.28427,-0.32166
897.85909,-0.09262
896.43392,0.12204
895.00875,0.17142
893.58357,0.03655
892.15840,-0.14989
890.73323,-0.25196
889.30805,-0.30606
887.88288,-0.21010
886.45771,-0.25580
885.03253,-0.21097
883.60736,-0.06170
882.18219,0.04933
880.75701,0.15798
879.33184,0.20487
877.90667,0.08795
876.48150,-0.18375
875.05632,-0.34779
873.63115,-0.41960
872.20598,0.36657
870.78080,0.12993
869.35563,-0.01131
867.93046,-0.07478
866.50528,-0.10066
865.08011,-0.07086
863.65494,0.04206
862.22976,0.06940
860.80459,-0.03073
859.37942,-0.13383
857.95424,-0.11900
856.52907,0.04487
855.10390,0.12961
853.67872,0.06637
852.25355,0.08429
850.82838,0.06903
849.40321,-0.08018
847.97803,-0.10953
846.55286,-0.06824
845.12769,-0.19964
843.70251,-0.09743
842.27734,-0.06031
840.85217,0.12554
839.42699,0.20833
838.00182,0.01584
836.57665,0.04898
835.15147,0.24757
833.72630,0.54491
832.30113,0.11792
830.87595,-0.51220
829.45078,-0.29413
828.02561,-0.16131
826.60043,-0.08023
825.17526,0.16479
823.75009,0.48530
822.32492,0.62759
820.89974,0.37110
819.47457,0.23716
818.04940,0.17531
816.62422,0.41487
815.19905,0.38919
813.77388,0.22725
812.34870,0.16395
810.92353,0.29314
809.49836,0.37941
808.07318,0.34172
806.64801,0.22787
805.22284,0.12829
803.79766,-0.02745
802.37249,-0.05279
800.94732,0.26628
799.52214,0.45379
798.09697,0.55627
796.67180,0.60556
795.24663,0.65069
793.82145,0.42398
792.39628,0.16494
790.97111,0.00161
789.54593,-0.04176
788.12076,-0.21571
786.69559,-0.21618
785.27041,-0.19705
783.84524,-0.08965
782.42007,0.26945
780.99489,0.24331
779.56972,0.14690
778.14455,0.04831
776.71937,0.10930
775.29420,0.02185
773.86903,-0.10256
772.44385,-0.12621
771.01868,-0.01713
769.59351,-0.06419
768.16834,-0.17692
766.74316,-0.19231
765.31799,-0.12702
763.89282,-0.13947
762.46764,-0.08703
761.04247,0.02013
759.61730,0.12311
758.19212,0.18466
756.76695,0.16662
755.34178,0.10236
753.91660,0.05147
752.49143,0.06048
751.06626,0.07930
749.64108,0.07606
748.21591,0.28905
746.79074,0.00702
745.36556,-0.02052
743.94039,0.12214
742.51522,0.21144
741.09004,0.23588
739.66487,0.19065
738.23970,0.29624
736.81453,0.22151
735.38935,0.06725
733.96418,-0.19979
732.53901,-0.33993
731.11383,-0.16271
729.68866,0.02006
728.26349,0.13664
726.83831,0.25453
725.41314,0.33658
723.98797,0.41782
722.56279,0.40404
721.13762,0.25971
719.71245,0.13490
718.28727,0.05778
716.86210,0.01330
715.43693,0.18462
714.01175,0.37196
712.58658,0.26922
711.16141,0.18290
709.73624,0.06742
708.31106,0.05027
706.88589,0.07404
705.46072,0.17400
704.03554,0.47914
702.61037,0.69036
701.18520,0.41255
699.76002,0.40464
698.33485,0.62747
696.90968,0.77877
695.48450,0.52159
694.05933,0.27686
692.63416,0.10767
691.20898,-0.03640
689.78381,-0.21693
688.35864,-0.11509
686.93346,0.26769
685.50829,0.31130
684.08312,0.25996
682.65795,0.20233
681.23277,0.12588
679.80760,0.04774
678.38243,0.01825
676.95725,-0.05589
675.53208,-0.48861
674.10691,-0.29339
672.68173,-0.23569
671.25656,-0.35509
669.83139,-0.08874
668.40621,0.01842
666.98104,0.01523
665.55587,0.24182
664.13069,0.30467
662.70552,0.14520
661.28035,0.04991
659.85517,0.10538
658.43000,0.00971
657.00483,-0.28976
655.57966,-0.28466
654.15448,-0.04434
652.72931,0.16445
651.30414,-0.04789
649.87896,-0.30294
648.45379,-0.36462
647.02862,-0.13981
645.60344,0.09806
644.17827,0.04056
642.75310,-0.00082
641.32792,-0.14491
639.90275,-0.08543
638.47758,-0.14274
637.05240,-0.21843
635.62723,-0.21194
634.20206,-0.05716
632.77688,0.13726
631.35171,0.12663
629.92654,0.05371
628.50137,0.17957
627.07619,0.31641
625.65102,0.16571
624.22585,0.03099
622.80067,0.12346
621.37550,0.08962
619.95033,0.03637
618.52515,0.08477
617.09998,0.13141
615.67481,0.15278
614.24963,0.20902
612.82446,0.24857
611.39929,0.27687
609.97411,0.17900
608.54894,0.09163
607.12377,-0.01119
605.69859,-0.01845
604.27342,-0.00805
602.84825,0.01775
601.42307,0.24256
599.99790,0.51136
598.57273,0.23747
597.14756,0.15863
595.72238,0.08568
594.29721,-0.01979
592.87204,-0.06089
591.44686,-0.08434
590.02169,-0.10432
588.59652,-0.14506
587.17134,-0.26012
585.74617,-0.19627
584.32100,0.17576
582.89582,0.53089
581.47065,0.37331
580.04548,0.08481
578.62030,0.03193
577.19513,0.10597
575.76996,0.21828
574.34478,0.33040
572.91961,0.23417
571.49444,0.05949
570.06927,0.01497
568.64409,-0.01029
567.21892,-0.12517
565.79375,-0.49010
564.36857,-0.40496
562.94340,-0.15613
561.51823,0.00604
560.09305,-0.19207
558.66788,-0.23286
557.24271,-0.07875
555.81753,0.12840
554.39236,0.33454
552.96719,0.46810
551.54201,0.46088
550.11684,0.44043
548.69167,0.33245
547.26649,0.33744
545.84132,0.40848
544.41615,0.24846
542.99098,0.23716
541.56580,0.13826
540.14063,0.15232
538.71546,0.14125
537.29028,0.04600
535.86511,0.19731
534.43994,0.39594
533.01476,0.10669
531.58959,-0.00944
530.16442,-0.16920
528.73924,0.03714
527.31407,0.26891
525.88890,0.38729
524.46372,0.37461
523.03855,0.44735
521.61338,0.48028
520.18820,0.41219
518.76303,0.27993
517.33786,0.20869
515.91269,0.57229
514.48751,0.28638
513.06234,0.16269
511.63717,0.12023
510.21199,0.15787
508.78682,0.04424
507.36165,0.05520
505.93647,-0.08903
504.51130,-0.21740
503.08613,-0.16825
501.66095,-0.13356
500.23578,-0.09832
498.81061,0.00298
497.38543,0.10758
495.96026,0.30159
494.53509,0.77864
493.10991,0.33257
491.68474,0.07365
490.25957,-0.05852
488.83440,-0.13290
487.40922,-0.10162
485.98405,0.09055
484.55888,0.45260
483.13370,0.54174
481.70853,0.21388
480.28336,0.07301
478.85818,0.07816
477.43301,0.13947
476.00784,-0.15119
474.58266,-0.44081
473.15749,-0.50819
471.73232,-0.30102
470.30714,0.16160
468.88197,0.30256
467.45680,0.15445
466.03162,0.02430
464.60645,0.00921
463.18128,-0.05072
461.75610,-0.02771
460.33093,-0.08849
458.90576,-0.09583
457.48059,0.03170
456.05541,-0.00700
454.63024,-0.22967
453.20507,-0.21020
451.77989,-0.05376
450.35472,0.12614
448.92955,0.19130
447.50437,0.22781
446.07920,0.12827
444.65403,0.15376
443.22885,0.31815
441.80368,0.41757
440.37851,0.26343
438.95333,-0.03445
437.52816,-0.11301
436.10299,0.13064
434.67781,0.64697
433.25264,0.56588
431.82747,0.37530
430.40230,0.15282
428.97712,0.09758
427.55195,0.12596
426.12678,0.11738
424.70160,0.24494
423.27643,0.54583
421.85126,0.26765
420.42608,0.23516
419.00091,0.30646
417.57574,0.37726
416.15056,0.29442
414.72539,0.25015
413.30022,0.35101
411.87504,0.39201
410.44987,0.29473
409.02470,0.29646
407.59952,0.27631
406.17435,0.36409
404.74918,0.37781
403.32401,0.31839
401.89883,0.16544
400.47366,0.04065
399.04849,-0.06035
