3997.61072,0.00358
3996.18555,0.00366
3994.76038,0.00369
3993.33520,0.00370
3991.91003,0.00370
3990.48486,0.00370
3989.05968,0.00368
3987.63451,0.00365
3986.20934,0.00362
3984.78416,0.00358
3983.35899,0.00354
3981.93382,0.00352
3980.50865,0.00351
3979.08347,0.00350
3977.65830,0.00347
3976.23313,0.00343
3974.80795,0.00336
3973.38278,0.00328
3971.95761,0.00321
3970.53243,0.00316
3969.10726,0.00312
3967.68209,0.00307
3966.25691,0.00302
3964.83174,0.00295
3963.40657,0.00284
3961.98139,0.00271
3960.55622,0.00258
3959.13105,0.00247
3957.70587,0.00236
3956.28070,0.00224
3954.85553,0.00214
3953.43036,0.00206
3952.00518,0.00199
3950.58001,0.00190
3949.15484,0.00178
3947.72966,0.00164
3946.30449,0.00149
3944.87932,0.00138
3943.45414,0.00131
3942.02897,0.00124
3940.60380,0.00113
3939.17862,0.00096
3937.75345,0.00075
3936.32828,0.00055
3934.90310,0.00037
3933.47793,0.00023
3932.05276,0.00010
3930.62758,-0.00004
3929.20241,-0.00022
3927.77724,-0.00043
3926.35207,-0.00068
3924.92689,-0.00093
3923.50172,-0.00113
3922.07655,-0.00130
3920.65137,-0.00149
3919.22620,-0.00171
3917.80103,-0.00194
3916.37585,-0.00216
3914.95068,-0.00239
3913.52551,-0.00263
3912.10033,-0.00289
3910.67516,-0.00317
3909.24999,-0.00348
3907.82481,-0.00383
3906.39964,-0.00418
3904.97447,-0.00449
3903.54929,-0.00475
3902.12412,-0.00498
3900.69895,-0.00517
3899.27378,-0.00539
3897.84860,-0.00572
3896.42343,-0.00615
3894.99826,-0.00655
3893.57308,-0.00677
3892.14791,-0.00684
3890.72274,-0.00698
3889.29756,-0.00730
3887.87239,-0.00765
3886.44722,-0.00786
3885.02204,-0.00799
3883.59687,-0.00817
3882.17170,-0.00834
3880.74652,-0.00836
3879.32135,-0.00834
3877.89618,-0.00843
3876.47100,-0.00861
3875.04583,-0.00879
3873.62066,-0.00896
3872.19548,-0.00911
3870.77031,-0.00920
3869.34514,-0.00927
3867.91997,-0.00940
3866.49479,-0.00958
3865.06962,-0.00967
3863.64445,-0.00967
3862.21927,-0.00964
3860.79410,-0.00964
3859.36893,-0.00974
3857.94375,-0.01000
3856.51858,-0.01033
3855.09341,-0.01039
3853.66823,-0.00997
3852.24306,-0.00954
3850.81789,-0.00949
3849.39271,-0.00965
3847.96754,-0.00976
3846.54237,-0.00978
3845.11719,-0.00975
3843.69202,-0.00974
3842.26685,-0.00976
3840.84168,-0.00974
3839.41650,-0.00962
3837.99133,-0.00938
3836.56616,-0.00913
3835.14098,-0.00896
3833.71581,-0.00885
3832.29064,-0.00876
3830.86546,-0.00865
3829.44029,-0.00850
3828.01512,-0.00831
3826.58994,-0.00816
3825.16477,-0.00815
3823.73960,-0.00816
3822.31442,-0.00795
3820.88925,-0.00755
3819.46408,-0.00725
3818.03890,-0.00710
3816.61373,-0.00685
3815.18856,-0.00652
3813.76339,-0.00631
3812.33821,-0.00625
3810.91304,-0.00624
3809.48787,-0.00618
3808.06269,-0.00599
3806.63752,-0.00570
3805.21235,-0.00548
3803.78717,-0.00529
3802.36200,-0.00500
3800.93683,-0.00464
3799.51165,-0.00439
3798.08648,-0.00427
3796.66131,-0.00415
3795.23613,-0.00400
3793.81096,-0.00385
3792.38579,-0.00372
3790.96061,-0.00358
3789.53544,-0.00341
3788.11027,-0.00323
3786.68510,-0.00307
3785.25992,-0.00295
3783.83475,-0.00290
3782.40958,-0.00289
3780.98440,-0.00285
3779.55923,-0.00277
3778.13406,-0.00270
3776.70888,-0.00267
3775.28371,-0.00264
3773.85854,-0.00257
3772.43336,-0.00248
3771.00819,-0.00236
3769.58302,-0.00227
3768.15784,-0.00222
3766.73267,-0.00222
3765.30750,-0.00224
3763.88232,-0.00225
3762.45715,-0.00229
3761.03198,-0.00233
3759.60681,-0.00238
3758.18163,-0.00243
3756.75646,-0.00249
3755.33129,-0.00255
3753.90611,-0.00256
3752.48094,-0.00248
3751.05577,-0.00240
3749.63059,-0.00244
3748.20542,-0.00256
3746.78025,-0.00265
3745.35507,-0.00263
3743.92990,-0.00256
3742.50473,-0.00257
3741.07955,-0.00265
3739.65438,-0.00273
3738.22921,-0.00277
3736.80403,-0.00275
3735.37886,-0.00268
3733.95369,-0.00260
3732.52851,-0.00254
3731.10334,-0.00253
3729.67817,-0.00259
3728.25300,-0.00266
3726.82782,-0.00265
3725.40265,-0.00253
3723.97748,-0.00238
3722.55230,-0.00225
3721.12713,-0.00216
3719.70196,-0.00210
3718.27678,-0.00205
3716.85161,-0.00202
3715.42644,-0.00199
3714.00126,-0.00195
3712.57609,-0.00186
3711.15092,-0.00174
3709.72574,-0.00167
3708.30057,-0.00165
3706.87540,-0.00165
3705.45022,-0.00168
3704.02505,-0.00169
3702.59988,-0.00168
3701.17471,-0.00163
3699.74953,-0.00161
3698.32436,-0.00162
3696.89919,-0.00167
3695.47401,-0.00174
3694.04884,-0.00183
3692.62367,-0.00192
3691.19849,-0.00199
3689.77332,-0.00201
3688.34815,-0.00204
3686.92297,-0.00211
3685.49780,-0.00224
3684.07263,-0.00241
3682.64745,-0.00260
3681.22228,-0.00280
3679.79711,-0.00301
3678.37193,-0.00324
3676.94676,-0.00345
3675.52159,-0.00367
3674.09642,-0.00398
3672.67124,-0.00437
3671.24607,-0.00472
3669.82090,-0.00501
3668.39572,-0.00531
3666.97055,-0.00566
3665.54538,-0.00606
3664.12020,-0.00646
3662.69503,-0.00689
3661.26986,-0.00734
3659.84468,-0.00780
3658.41951,-0.00824
3656.99434,-0.00868
3655.56916,-0.00920
3654.14399,-0.00981
3652.71882,-0.01050
3651.29364,-0.01119
3649.86847,-0.01179
3648.44330,-0.01230
3647.01813,-0.01280
3645.59295,-0.01338
3644.16778,-0.01405
3642.74261,-0.01478
3641.31743,-0.01556
3639.89226,-0.01633
3638.46709,-0.01705
3637.04191,-0.01772
3635.61674,-0.01838
3634.19157,-0.01908
3632.76639,-0.01984
3631.34122,-0.02060
3629.91605,-0.02122
3628.49087,-0.02169
3627.06570,-0.02226
3625.64053,-0.02306
3624.21535,-0.02397
3622.79018,-0.02485
3621.36501,-0.02557
3619.93984,-0.02613
3618.51466,-0.02671
3617.08949,-0.02747
3615.66432,-0.02830
3614.23914,-0.02903
3612.81397,-0.02963
3611.38880,-0.03022
3609.96362,-0.03083
3608.53845,-0.03139
3607.11328,-0.03194
3605.68810,-0.03257
3604.26293,-0.03331
3602.83776,-0.03410
3601.41258,-0.03487
3599.98741,-0.03564
3598.56224,-0.03648
3597.13706,-0.03730
3595.71189,-0.03799
3594.28672,-0.03858
3592.86154,-0.03927
3591.43637,-0.04020
3590.01120,-0.04121
3588.58603,-0.04200
3587.16085,-0.04252
3585.73568,-0.04312
3584.31051,-0.04399
3582.88533,-0.04497
3581.46016,-0.04592
3580.03499,-0.04680
3578.60981,-0.04767
3577.18464,-0.04859
3575.75947,-0.04955
3574.33429,-0.05057
3572.90912,-0.05171
3571.48395,-0.05304
3570.05877,-0.05444
3568.63360,-0.05559
3567.20843,-0.05635
3565.78325,-0.05703
3564.35808,-0.05800
3562.93291,-0.05925
3561.50774,-0.06059
3560.08256,-0.06189
3558.65739,-0.06316
3557.23222,-0.06443
3555.80704,-0.06566
3554.38187,-0.06683
3552.95670,-0.06799
3551.53152,-0.06924
3550.10635,-0.07064
3548.68118,-0.07206
3547.25600,-0.07337
3545.83083,-0.07462
3544.40566,-0.07601
3542.98048,-0.07759
3541.55531,-0.07925
3540.13014,-0.08082
3538.70496,-0.08213
3537.27979,-0.08321
3535.85462,-0.08430
3534.42945,-0.08556
3533.00427,-0.08696
3531.57910,-0.08834
3530.15393,-0.08962
3528.72875,-0.09080
3527.30358,-0.09189
3525.87841,-0.09286
3524.45323,-0.09377
3523.02806,-0.09477
3521.60289,-0.09595
3520.17771,-0.09717
3518.75254,-0.09822
3517.32737,-0.09910
3515.90219,-0.09996
3514.47702,-0.10096
3513.05185,-0.10210
3511.62667,-0.10325
3510.20150,-0.10434
3508.77633,-0.10547
3507.35116,-0.10664
3505.92598,-0.10767
3504.50081,-0.10836
3503.07564,-0.10882
3501.65046,-0.10933
3500.22529,-0.11009
3498.80012,-0.11100
3497.37494,-0.11190
3495.94977,-0.11274
3494.52460,-0.11354
3493.09942,-0.11430
3491.67425,-0.11509
3490.24908,-0.11593
3488.82390,-0.11678
3487.39873,-0.11765
3485.97356,-0.11863
3484.54838,-0.11967
3483.12321,-0.12056
3481.69804,-0.12120
3480.27287,-0.12181
3478.84769,-0.12257
3477.42252,-0.12340
3475.99735,-0.12415
3474.57217,-0.12485
3473.14700,-0.12555
3471.72183,-0.12617
3470.29665,-0.12666
3468.87148,-0.12720
3467.44631,-0.12806
3466.02113,-0.12928
3464.59596,-0.13059
3463.17079,-0.13174
3461.74561,-0.13263
3460.32044,-0.13338
3458.89527,-0.13410
3457.47009,-0.13484
3456.04492,-0.13562
3454.61975,-0.13642
3453.19457,-0.13720
3451.76940,-0.13794
3450.34423,-0.13861
3448.91906,-0.13908
3447.49388,-0.13933
3446.06871,-0.13960
3444.64354,-0.14006
3443.21836,-0.14065
3441.79319,-0.14113
3440.36802,-0.14136
3438.94284,-0.14136
3437.51767,-0.14131
3436.09250,-0.14133
3434.66732,-0.14144
3433.24215,-0.14158
3431.81698,-0.14166
3430.39180,-0.14164
3428.96663,-0.14151
3427.54146,-0.14133
3426.11628,-0.14106
3424.69111,-0.14061
3423.26594,-0.13994
3421.84077,-0.13913
3420.41559,-0.13838
3418.99042,-0.13779
3417.56525,-0.13725
3416.14007,-0.13659
3414.71490,-0.13572
3413.28973,-0.13473
3411.86455,-0.13371
3410.43938,-0.13269
3409.01421,-0.13169
3407.58903,-0.13072
3406.16386,-0.12980
3404.73869,-0.12879
3403.31351,-0.12759
3401.88834,-0.12625
3400.46317,-0.12496
3399.03799,-0.12381
3397.61282,-0.12281
3396.18765,-0.12192
3394.76248,-0.12102
3393.33730,-0.12002
3391.91213,-0.11893
3390.48696,-0.11784
3389.06178,-0.11680
3387.63661,-0.11578
3386.21144,-0.11481
3384.78626,-0.11386
3383.36109,-0.11287
3381.93592,-0.11175
3380.51074,-0.11056
3379.08557,-0.10941
3377.66040,-0.10834
3376.23522,-0.10733
3374.81005,-0.10634
3373.38488,-0.10530
3371.95970,-0.10425
3370.53453,-0.10327
3369.10936,-0.10240
3367.68419,-0.10164
3366.25901,-0.10093
3364.83384,-0.10015
3363.40867,-0.09924
3361.98349,-0.09823
3360.55832,-0.09723
3359.13315,-0.09634
3357.70797,-0.09557
3356.28280,-0.09480
3354.85763,-0.09387
3353.43245,-0.09276
3352.00728,-0.09163
3350.58211,-0.09070
3349.15693,-0.08999
3347.73176,-0.08933
3346.30659,-0.08851
3344.88141,-0.08749
3343.45624,-0.08638
3342.03107,-0.08526
3340.60590,-0.08419
3339.18072,-0.08317
3337.75555,-0.08225
3336.33038,-0.08140
3334.90520,-0.08051
3333.48003,-0.07951
3332.05486,-0.07844
3330.62968,-0.07739
3329.20451,-0.07635
3327.77934,-0.07527
3326.35416,-0.07410
3324.92899,-0.07291
3323.50382,-0.07172
3322.07864,-0.07056
3320.65347,-0.06942
3319.22830,-0.06828
3317.80312,-0.06715
3316.37795,-0.06602
3314.95278,-0.06492
3313.52760,-0.06381
3312.10243,-0.06263
3310.67726,-0.06129
3309.25209,-0.05987
3307.82691,-0.05852
3306.40174,-0.05737
3304.97657,-0.05639
3303.55139,-0.05548
3302.12622,-0.05457
3300.70105,-0.05366
3299.27587,-0.05274
3297.85070,-0.05178
3296.42553,-0.05082
3295.00035,-0.04984
3293.57518,-0.04884
3292.15001,-0.04786
3290.72483,-0.04695
3289.29966,-0.04613
3287.87449,-0.04536
3286.44931,-0.04462
3285.02414,-0.04393
3283.59897,-0.04327
3282.17380,-0.04258
3280.74862,-0.04184
3279.32345,-0.04113
3277.89828,-0.04047
3276.47310,-0.03985
3275.04793,-0.03924
3273.62276,-0.03864
3272.19758,-0.03811
3270.77241,-0.03767
3269.34724,-0.03727
3267.92206,-0.03688
3266.49689,-0.03652
3265.07172,-0.03619
3263.64654,-0.03588
3262.22137,-0.03557
3260.79620,-0.03523
3259.37102,-0.03484
3257.94585,-0.03443
3256.52068,-0.03406
3255.09551,-0.03376
3253.67033,-0.03350
3252.24516,-0.03321
3250.81999,-0.03288
3249.39481,-0.03253
3247.96964,-0.03222
3246.54447,-0.03194
3245.11929,-0.03167
3243.69412,-0.03139
3242.26895,-0.03113
3240.84377,-0.03089
3239.41860,-0.03063
3237.99343,-0.03028
3236.56825,-0.02985
3235.14308,-0.02942
3233.71791,-0.02907
3232.29273,-0.02881
3230.86756,-0.02859
3229.44239,-0.02832
3228.01722,-0.02801
3226.59204,-0.02768
3225.16687,-0.02733
3223.74170,-0.02694
3222.31652,-0.02650
3220.89135,-0.02607
3219.46618,-0.02569
3218.04100,-0.02536
3216.61583,-0.02502
3215.19066,-0.02463
3213.76548,-0.02422
3212.34031,-0.02380
3210.91514,-0.02338
3209.48996,-0.02294
3208.06479,-0.02247
3206.63962,-0.02204
3205.21444,-0.02164
3203.78927,-0.02124
3202.36410,-0.02084
3200.93893,-0.02041
3199.51375,-0.01999
3198.08858,-0.01956
3196.66341,-0.01911
3195.23823,-0.01868
3193.81306,-0.01827
3192.38789,-0.01790
3190.96271,-0.01755
3189.53754,-0.01718
3188.11237,-0.01682
3186.68719,-0.01648
3185.26202,-0.01618
3183.83685,-0.01588
3182.41167,-0.01556
3180.98650,-0.01526
3179.56133,-0.01498
3178.13615,-0.01473
3176.71098,-0.01451
3175.28581,-0.01431
3173.86063,-0.01413
3172.43546,-0.01396
3171.01029,-0.01381
3169.58512,-0.01370
3168.15994,-0.01361
3166.73477,-0.01350
3165.30960,-0.01336
3163.88442,-0.01322
3162.45925,-0.01311
3161.03408,-0.01306
3159.60890,-0.01302
3158.18373,-0.01298
3156.75856,-0.01294
3155.33338,-0.01290
3153.90821,-0.01288
3152.48304,-0.01288
3151.05786,-0.01291
3149.63269,-0.01295
3148.20752,-0.01296
3146.78234,-0.01294
3145.35717,-0.01290
3143.93200,-0.01288
3142.50683,-0.01288
3141.08165,-0.01286
3139.65648,-0.01282
3138.23131,-0.01275
3136.80613,-0.01269
3135.38096,-0.01264
3133.95579,-0.01259
3132.53061,-0.01252
3131.10544,-0.01244
3129.68027,-0.01237
3128.25509,-0.01229
3126.82992,-0.01219
3125.40475,-0.01206
3123.97957,-0.01194
3122.55440,-0.01184
3121.12923,-0.01175
3119.70405,-0.01165
3118.27888,-0.01150
3116.85371,-0.01135
3115.42854,-0.01121
3114.00336,-0.01107
3112.57819,-0.01088
3111.15302,-0.01066
3109.72784,-0.01043
3108.30267,-0.01023
3106.87750,-0.01008
3105.45232,-0.00997
3104.02715,-0.00985
3102.60198,-0.00968
3101.17680,-0.00947
3099.75163,-0.00927
3098.32646,-0.00911
3096.90128,-0.00897
3095.47611,-0.00884
3094.05094,-0.00873
3092.62576,-0.00862
3091.20059,-0.00850
3089.77542,-0.00839
3088.35025,-0.00831
3086.92507,-0.00827
3085.49990,-0.00824
3084.07473,-0.00822
3082.64955,-0.00819
3081.22438,-0.00813
3079.79921,-0.00806
3078.37403,-0.00798
3076.94886,-0.00792
3075.52369,-0.00790
3074.09851,-0.00788
3072.67334,-0.00783
3071.24817,-0.00777
3069.82299,-0.00776
3068.39782,-0.00778
3066.97265,-0.00779
3065.54747,-0.00775
3064.12230,-0.00770
3062.69713,-0.00769
3061.27196,-0.00773
3059.84678,-0.00779
3058.42161,-0.00787
3056.99644,-0.00797
3055.57126,-0.00809
3054.14609,-0.00822
3052.72092,-0.00834
3051.29574,-0.00846
3049.87057,-0.00858
3048.44540,-0.00870
3047.02022,-0.00882
3045.59505,-0.00893
3044.16988,-0.00903
3042.74470,-0.00913
3041.31953,-0.00925
3039.89436,-0.00940
3038.46918,-0.00955
3037.04401,-0.00968
3035.61884,-0.00981
3034.19366,-0.00999
3032.76849,-0.01020
3031.34332,-0.01039
3029.91815,-0.01054
3028.49297,-0.01064
3027.06780,-0.01075
3025.64263,-0.01089
3024.21745,-0.01103
3022.79228,-0.01114
3021.36711,-0.01118
3019.94193,-0.01118
3018.51676,-0.01115
3017.09159,-0.01112
3015.66641,-0.01108
3014.24124,-0.01106
3012.81607,-0.01102
3011.39089,-0.01095
3009.96572,-0.01086
3008.54055,-0.01076
3007.11537,-0.01063
3005.69020,-0.01045
3004.26503,-0.01026
3002.83986,-0.01006
3001.41468,-0.00984
2999.98951,-0.00961
2998.56434,-0.00940
2997.13916,-0.00923
2995.71399,-0.00908
2994.28882,-0.00894
2992.86364,-0.00881
2991.43847,-0.00870
2990.01330,-0.00857
2988.58812,-0.00840
2987.16295,-0.00818
2985.73778,-0.00791
2984.31260,-0.00761
2982.88743,-0.00730
2981.46226,-0.00698
2980.03708,-0.00667
2978.61191,-0.00635
2977.18674,-0.00604
2975.76157,-0.00573
2974.33639,-0.00543
2972.91122,-0.00517
2971.48605,-0.00496
2970.06087,-0.00482
2968.63570,-0.00474
2967.21053,-0.00470
2965.78535,-0.00469
2964.36018,-0.00469
2962.93501,-0.00477
2961.50983,-0.00499
2960.08466,-0.00536
2958.65949,-0.00582
2957.23431,-0.00633
2955.80914,-0.00688
2954.38397,-0.00748
2952.95879,-0.00810
2951.53362,-0.00870
2950.10845,-0.00923
2948.68328,-0.00969
2947.25810,-0.01008
2945.83293,-0.01041
2944.40776,-0.01068
2942.98258,-0.01089
2941.55741,-0.01105
2940.13224,-0.01118
2938.70706,-0.01136
2937.28189,-0.01158
2935.85672,-0.01180
2934.43154,-0.01197
2933.00637,-0.01212
2931.58120,-0.01230
2930.15602,-0.01253
2928.73085,-0.01278
2927.30568,-0.01303
2925.88050,-0.01330
2924.45533,-0.01359
2923.03016,-0.01387
2921.60498,-0.01411
2920.17981,-0.01431
2918.75464,-0.01450
2917.32947,-0.01471
2915.90429,-0.01497
2914.47912,-0.01525
2913.05395,-0.01549
2911.62877,-0.01567
2910.20360,-0.01583
2908.77843,-0.01600
2907.35325,-0.01617
2905.92808,-0.01630
2904.50291,-0.01637
2903.07773,-0.01640
2901.65256,-0.01638
2900.22739,-0.01629
2898.80221,-0.01618
2897.37704,-0.01611
2895.95187,-0.01606
2894.52669,-0.01602
2893.10152,-0.01596
2891.67635,-0.01589
2890.25118,-0.01582
2888.82600,-0.01575
2887.40083,-0.01564
2885.97566,-0.01548
2884.55048,-0.01530
2883.12531,-0.01512
2881.70014,-0.01493
2880.27496,-0.01472
2878.84979,-0.01452
2877.42462,-0.01436
2875.99944,-0.01429
2874.57427,-0.01433
2873.14910,-0.01447
2871.72392,-0.01469
2870.29875,-0.01496
2868.87358,-0.01526
2867.44840,-0.01561
2866.02323,-0.01599
2864.59806,-0.01638
2863.17289,-0.01679
2861.74771,-0.01722
2860.32254,-0.01765
2858.89737,-0.01807
2857.47219,-0.01848
2856.04702,-0.01890
2854.62185,-0.01933
2853.19667,-0.01976
2851.77150,-0.02018
2850.34633,-0.02058
2848.92115,-0.02100
2847.49598,-0.02144
2846.07081,-0.02189
2844.64563,-0.02231
2843.22046,-0.02270
2841.79529,-0.02310
2840.37011,-0.02354
2838.94494,-0.02401
2837.51977,-0.02445
2836.09460,-0.02484
2834.66942,-0.02518
2833.24425,-0.02552
2831.81908,-0.02586
2830.39390,-0.02619
2828.96873,-0.02653
2827.54356,-0.02689
2826.11838,-0.02729
2824.69321,-0.02771
2823.26804,-0.02813
2821.84286,-0.02854
2820.41769,-0.02899
2818.99252,-0.02946
2817.56734,-0.02996
2816.14217,-0.03048
2814.71700,-0.03104
2813.29182,-0.03161
2811.86665,-0.03215
2810.44148,-0.03265
2809.01631,-0.03313
2807.59113,-0.03361
2806.16596,-0.03411
2804.74079,-0.03464
2803.31561,-0.03521
2801.89044,-0.03581
2800.46527,-0.03638
2799.04009,-0.03691
2797.61492,-0.03745
2796.18975,-0.03806
2794.76457,-0.03877
2793.33940,-0.03955
2791.91423,-0.04037
2790.48905,-0.04122
2789.06388,-0.04213
2787.63871,-0.04316
2786.21353,-0.04437
2784.78836,-0.04579
2783.36319,-0.04737
2781.93801,-0.04902
2780.51284,-0.05073
2779.08767,-0.05257
2777.66250,-0.05465
2776.23732,-0.05702
2774.81215,-0.05970
2773.38698,-0.06264
2771.96180,-0.06583
2770.53663,-0.06924
2769.11146,-0.07288
2767.68628,-0.07673
2766.26111,-0.08091
2764.83594,-0.08557
2763.41076,-0.09085
2761.98559,-0.09677
2760.56042,-0.10324
2759.13524,-0.11023
2757.71007,-0.11778
2756.28490,-0.12598
2754.85972,-0.13496
2753.43455,-0.14473
2752.00938,-0.15520
2750.58421,-0.16624
2749.15903,-0.17785
2747.73386,-0.19004
2746.30869,-0.20270
2744.88351,-0.21565
2743.45834,-0.22874
2742.03317,-0.24178
2740.60799,-0.25441
2739.18282,-0.26627
2737.75765,-0.27711
2736.33247,-0.28672
2734.90730,-0.29490
2733.48213,-0.30158
2732.05695,-0.30692
2730.63178,-0.31118
2729.20661,-0.31441
2727.78143,-0.31647
2726.35626,-0.31720
2724.93109,-0.31663
2723.50592,-0.31504
2722.08074,-0.31285
2720.65557,-0.31034
2719.23040,-0.30755
2717.80522,-0.30441
2716.38005,-0.30094
2714.95488,-0.29714
2713.52970,-0.29300
2712.10453,-0.28857
2710.67936,-0.28405
2709.25418,-0.27956
2707.82901,-0.27496
2706.40384,-0.27000
2704.97866,-0.26465
2703.55349,-0.25917
2702.12832,-0.25381
2700.70314,-0.24866
2699.27797,-0.24368
2697.85280,-0.23878
2696.42763,-0.23382
2695.00245,-0.22863
2693.57728,-0.22328
2692.15211,-0.21804
2690.72693,-0.21312
2689.30176,-0.20849
2687.87659,-0.20403
2686.45141,-0.19961
2685.02624,-0.19527
2683.60107,-0.19108
2682.17589,-0.18707
2680.75072,-0.18324
2679.32555,-0.17958
2677.90037,-0.17609
2676.47520,-0.17280
2675.05003,-0.16970
2673.62485,-0.16680
2672.19968,-0.16417
2670.77451,-0.16180
2669.34934,-0.15961
2667.92416,-0.15763
2666.49899,-0.15597
2665.07382,-0.15473
2663.64864,-0.15388
2662.22347,-0.15332
2660.79830,-0.15289
2659.37312,-0.15237
2657.94795,-0.15170
2656.52278,-0.15121
2655.09760,-0.15119
2653.67243,-0.15160
2652.24726,-0.15209
2650.82208,-0.15248
2649.39691,-0.15300
2647.97174,-0.15401
2646.54656,-0.15551
2645.12139,-0.15707
2643.69622,-0.15827
2642.27104,-0.15914
2640.84587,-0.15998
2639.42070,-0.16099
2637.99553,-0.16210
2636.57035,-0.16327
2635.14518,-0.16453
2633.72001,-0.16585
2632.29483,-0.16703
2630.86966,-0.16789
2629.44449,-0.16848
2628.01931,-0.16900
2626.59414,-0.16941
2625.16897,-0.16954
2623.74379,-0.16936
2622.31862,-0.16910
2620.89345,-0.16892
2619.46827,-0.16877
2618.04310,-0.16854
2616.61793,-0.16815
2615.19275,-0.16747
2613.76758,-0.16649
2612.34241,-0.16531
2610.91724,-0.16409
2609.49206,-0.16269
2608.06689,-0.16087
2606.64172,-0.15861
2605.21654,-0.15618
2603.79137,-0.15381
2602.36620,-0.15157
2600.94102,-0.14935
2599.51585,-0.14696
2598.09068,-0.14433
2596.66550,-0.14155
2595.24033,-0.13886
2593.81516,-0.13635
2592.38998,-0.13400
2590.96481,-0.13170
2589.53964,-0.12933
2588.11446,-0.12682
2586.68929,-0.12418
2585.26412,-0.12158
2583.83895,-0.11921
2582.41377,-0.11720
2580.98860,-0.11545
2579.56343,-0.11378
2578.13825,-0.11210
2576.71308,-0.11040
2575.28791,-0.10876
2573.86273,-0.10726
2572.43756,-0.10597
2571.01239,-0.10498
2569.58721,-0.10438
2568.16204,-0.10418
2566.73687,-0.10429
2565.31169,-0.10457
2563.88652,-0.10486
2562.46135,-0.10499
2561.03617,-0.10480
2559.61100,-0.10443
2558.18583,-0.10439
2556.76066,-0.10520
2555.33548,-0.10682
2553.91031,-0.10869
2552.48514,-0.11025
2551.05996,-0.11137
2549.63479,-0.11238
2548.20962,-0.11372
2546.78444,-0.11545
2545.35927,-0.11731
2543.93410,-0.11901
2542.50892,-0.12049
2541.08375,-0.12186
2539.65858,-0.12322
2538.23340,-0.12456
2536.80823,-0.12584
2535.38306,-0.12713
2533.95788,-0.12849
2532.53271,-0.12981
2531.10754,-0.13086
2529.68237,-0.13148
2528.25719,-0.13181
2526.83202,-0.13217
2525.40685,-0.13277
2523.98167,-0.13349
2522.55650,-0.13403
2521.13133,-0.13422
2519.70615,-0.13413
2518.28098,-0.13386
2516.85581,-0.13343
2515.43063,-0.13279
2514.00546,-0.13187
2512.58029,-0.13059
2511.15511,-0.12906
2509.72994,-0.12752
2508.30477,-0.12616
2506.87959,-0.12495
2505.45442,-0.12369
2504.02925,-0.12216
2502.60407,-0.12024
2501.17890,-0.11797
2499.75373,-0.11550
2498.32856,-0.11297
2496.90338,-0.11054
2495.47821,-0.10846
2494.05304,-0.10688
2492.62786,-0.10561
2491.20269,-0.10423
2489.77752,-0.10256
2488.35234,-0.10087
2486.92717,-0.09953
2485.50200,-0.09861
2484.07682,-0.09786
2482.65165,-0.09704
2481.22648,-0.09619
2479.80130,-0.09554
2478.37613,-0.09522
2476.95096,-0.09519
2475.52578,-0.09544
2474.10061,-0.09601
2472.67544,-0.09687
2471.25027,-0.09786
2469.82509,-0.09904
2468.39992,-0.10068
2466.97475,-0.10290
2465.54957,-0.10535
2464.12440,-0.10762
2462.69923,-0.10975
2461.27405,-0.11222
2459.84888,-0.11543
2458.42371,-0.11917
2456.99853,-0.12278
2455.57336,-0.12585
2454.14819,-0.12864
2452.72301,-0.13169
2451.29784,-0.13515
2449.87267,-0.13877
2448.44749,-0.14224
2447.02232,-0.14551
2445.59715,-0.14867
2444.17198,-0.15180
2442.74680,-0.15490
2441.32163,-0.15790
2439.89646,-0.16082
2438.47128,-0.16372
2437.04611,-0.16657
2435.62094,-0.16917
2434.19576,-0.17129
2432.77059,-0.17300
2431.34542,-0.17459
2429.92024,-0.17626
2428.49507,-0.17790
2427.06990,-0.17929
2425.64472,-0.18037
2424.21955,-0.18129
2422.79438,-0.18219
2421.36920,-0.18296
2419.94403,-0.18344
2418.51886,-0.18372
2417.09369,-0.18403
2415.66851,-0.18439
2414.24334,-0.18458
2412.81817,-0.18441
2411.39299,-0.18401
2409.96782,-0.18356
2408.54265,-0.18302
2407.11747,-0.18229
2405.69230,-0.18147
2404.26713,-0.18080
2402.84195,-0.18036
2401.41678,-0.18001
2399.99161,-0.17954
2398.56643,-0.17890
2397.14126,-0.17824
2395.71609,-0.17779
2394.29091,-0.17763
2392.86574,-0.17760
2391.44057,-0.17747
2390.01540,-0.17724
2388.59022,-0.17712
2387.16505,-0.17736
2385.73988,-0.17820
2384.31470,-0.17962
2382.88953,-0.18130
2381.46436,-0.18283
2380.03918,-0.18422
2378.61401,-0.18592
2377.18884,-0.18803
2375.76366,-0.19002
2374.33849,-0.19154
2372.91332,-0.19307
2371.48814,-0.19541
2370.06297,-0.19859
2368.63780,-0.20173
2367.21262,-0.20366
2365.78745,-0.20407
2364.36228,-0.20404
2362.93710,-0.20515
2361.51193,-0.20776
2360.08676,-0.21052
2358.66159,-0.21221
2357.23641,-0.21340
2355.81124,-0.21532
2354.38607,-0.21798
2352.96089,-0.22090
2351.53572,-0.22470
2350.11055,-0.23000
2348.68537,-0.23631
2347.26020,-0.24224
2345.83503,-0.24643
2344.40985,-0.24885
2342.98468,-0.25106
2341.55951,-0.25383
2340.13433,-0.25646
2338.70916,-0.25871
2337.28399,-0.26127
2335.85881,-0.26455
2334.43364,-0.26805
2333.00847,-0.27100
2331.58330,-0.27302
2330.15812,-0.27434
2328.73295,-0.27550
2327.30778,-0.27680
2325.88260,-0.27818
2324.45743,-0.27963
2323.03226,-0.28137
2321.60708,-0.28341
2320.18191,-0.28527
2318.75674,-0.28650
2317.33156,-0.28723
2315.90639,-0.28781
2314.48122,-0.28836
2313.05604,-0.28870
2311.63087,-0.28875
2310.20570,-0.28866
2308.78052,-0.28854
2307.35535,-0.28845
2305.93018,-0.28841
2304.50501,-0.28839
2303.07983,-0.28817
2301.65466,-0.28760
2300.22949,-0.28671
2298.80431,-0.28562
2297.37914,-0.28445
2295.95397,-0.28336
2294.52879,-0.28246
2293.10362,-0.28167
2291.67845,-0.28075
2290.25327,-0.27962
2288.82810,-0.27849
2287.40293,-0.27758
2285.97775,-0.27686
2284.55258,-0.27608
2283.12741,-0.27513
2281.70223,-0.27404
2280.27706,-0.27285
2278.85189,-0.27153
2277.42672,-0.27012
2276.00154,-0.26874
2274.57637,-0.26758
2273.15120,-0.26678
2271.72602,-0.26621
2270.30085,-0.26561
2268.87568,-0.26474
2267.45050,-0.26361
2266.02533,-0.26250
2264.60016,-0.26165
2263.17498,-0.26101
2261.74981,-0.26040
2260.32464,-0.25977
2258.89946,-0.25912
2257.47429,-0.25840
2256.04912,-0.25761
2254.62394,-0.25679
2253.19877,-0.25592
2251.77360,-0.25500
2250.34843,-0.25412
2248.92325,-0.25332
2247.49808,-0.25250
2246.07291,-0.25148
2244.64773,-0.25018
2243.22256,-0.24864
2241.79739,-0.24699
2240.37221,-0.24523
2238.94704,-0.24339
2237.52187,-0.24148
2236.09669,-0.23957
2234.67152,-0.23762
2233.24635,-0.23558
2231.82117,-0.23339
2230.39600,-0.23110
2228.97083,-0.22872
2227.54565,-0.22618
2226.12048,-0.22344
2224.69531,-0.22056
2223.27013,-0.21764
2221.84496,-0.21464
2220.41979,-0.21154
2218.99462,-0.20832
2217.56944,-0.20494
2216.14427,-0.20141
2214.71910,-0.19782
2213.29392,-0.19424
2211.86875,-0.19068
2210.44358,-0.18701
2209.01840,-0.18319
2207.59323,-0.17935
2206.16806,-0.17561
2204.74288,-0.17192
2203.31771,-0.16812
2201.89254,-0.16413
2200.46736,-0.16007
2199.04219,-0.15618
2197.61702,-0.15254
2196.19184,-0.14905
2194.76667,-0.14551
2193.34150,-0.14190
2191.91633,-0.13833
2190.49115,-0.13487
2189.06598,-0.13149
2187.64081,-0.12817
2186.21563,-0.12489
2184.79046,-0.12165
2183.36529,-0.11845
2181.94011,-0.11536
2180.51494,-0.11246
2179.08977,-0.10967
2177.66459,-0.10692
2176.23942,-0.10427
2174.81425,-0.10181
2173.38907,-0.09948
2171.96390,-0.09712
2170.53873,-0.09471
2169.11355,-0.09241
2167.68838,-0.09036
2166.26321,-0.08850
2164.83804,-0.08670
2163.41286,-0.08487
2161.98769,-0.08307
2160.56252,-0.08139
2159.13734,-0.07984
2157.71217,-0.07834
2156.28700,-0.07681
2154.86182,-0.07533
2153.43665,-0.07397
2152.01148,-0.07276
2150.58630,-0.07162
2149.16113,-0.07048
2147.73596,-0.06934
2146.31078,-0.06822
2144.88561,-0.06716
2143.46044,-0.06617
2142.03526,-0.06521
2140.61009,-0.06425
2139.18492,-0.06327
2137.75975,-0.06225
2136.33457,-0.06122
2134.90940,-0.06025
2133.48423,-0.05935
2132.05905,-0.05850
2130.63388,-0.05761
2129.20871,-0.05666
2127.78353,-0.05566
2126.35836,-0.05466
2124.93319,-0.05373
2123.50801,-0.05285
2122.08284,-0.05196
2120.65767,-0.05105
2119.23249,-0.05015
2117.80732,-0.04925
2116.38215,-0.04835
2114.95697,-0.04744
2113.53180,-0.04650
2112.10663,-0.04556
2110.68146,-0.04460
2109.25628,-0.04363
2107.83111,-0.04263
2106.40594,-0.04164
2104.98076,-0.04065
2103.55559,-0.03968
2102.13042,-0.03875
2100.70524,-0.03785
2099.28007,-0.03695
2097.85490,-0.03605
2096.42972,-0.03516
2095.00455,-0.03429
2093.57938,-0.03340
2092.15420,-0.03249
2090.72903,-0.03158
2089.30386,-0.03069
2087.87868,-0.02985
2086.45351,-0.02906
2085.02834,-0.02834
2083.60316,-0.02766
2082.17799,-0.02699
2080.75282,-0.02632
2079.32765,-0.02567
2077.90247,-0.02503
2076.47730,-0.02442
2075.05213,-0.02387
2073.62695,-0.02335
2072.20178,-0.02283
2070.77661,-0.02231
2069.35143,-0.02186
2067.92626,-0.02148
2066.50109,-0.02113
2065.07591,-0.02076
2063.65074,-0.02038
2062.22557,-0.02005
2060.80039,-0.01977
2059.37522,-0.01954
2057.95005,-0.01932
2056.52487,-0.01909
2055.09970,-0.01887
2053.67453,-0.01868
2052.24936,-0.01853
2050.82418,-0.01842
2049.39901,-0.01834
2047.97384,-0.01827
2046.54866,-0.01818
2045.12349,-0.01810
2043.69832,-0.01804
2042.27314,-0.01800
2040.84797,-0.01798
2039.42280,-0.01796
2037.99762,-0.01793
2036.57245,-0.01789
2035.14728,-0.01783
2033.72210,-0.01779
2032.29693,-0.01778
2030.87176,-0.01779
2029.44658,-0.01778
2028.02141,-0.01773
2026.59624,-0.01765
2025.17107,-0.01758
2023.74589,-0.01753
2022.32072,-0.01745
2020.89555,-0.01734
2019.47037,-0.01718
2018.04520,-0.01700
2016.62003,-0.01681
2015.19485,-0.01661
2013.76968,-0.01643
2012.34451,-0.01626
2010.91933,-0.01607
2009.49416,-0.01583
2008.06899,-0.01558
2006.64381,-0.01533
2005.21864,-0.01509
2003.79347,-0.01483
2002.36829,-0.01455
2000.94312,-0.01426
1999.51795,-0.01398
1998.09278,-0.01371
1996.66760,-0.01342
1995.24243,-0.01308
1993.81726,-0.01270
1992.39208,-0.01231
1990.96691,-0.01197
1989.54174,-0.01170
1988.11656,-0.01150
1986.69139,-0.01131
1985.26622,-0.01108
1983.84104,-0.01080
1982.41587,-0.01049
1980.99070,-0.01019
1979.56552,-0.00991
1978.14035,-0.00966
1976.71518,-0.00942
1975.29000,-0.00918
1973.86483,-0.00896
1972.43966,-0.00881
1971.01449,-0.00871
1969.58931,-0.00862
1968.16414,-0.00852
1966.73897,-0.00843
1965.31379,-0.00839
1963.88862,-0.00838
1962.46345,-0.00837
1961.03827,-0.00835
1959.61310,-0.00834
1958.18793,-0.00835
1956.76275,-0.00837
1955.33758,-0.00841
1953.91241,-0.00844
1952.48723,-0.00850
1951.06206,-0.00859
1949.63689,-0.00872
1948.21171,-0.00884
1946.78654,-0.00897
1945.36137,-0.00909
1943.93619,-0.00923
1942.51102,-0.00939
1941.08585,-0.00957
1939.66068,-0.00975
1938.23550,-0.00994
1936.81033,-0.01013
1935.38516,-0.01029
1933.95998,-0.01040
1932.53481,-0.01051
1931.10964,-0.01064
1929.68446,-0.01078
1928.25929,-0.01092
1926.83412,-0.01104
1925.40894,-0.01114
1923.98377,-0.01123
1922.55860,-0.01128
1921.13342,-0.01132
1919.70825,-0.01135
1918.28308,-0.01137
1916.85790,-0.01140
1915.43273,-0.01147
1914.00756,-0.01155
1912.58239,-0.01161
1911.15721,-0.01160
1909.73204,-0.01154
1908.30687,-0.01147
1906.88169,-0.01142
1905.45652,-0.01138
1904.03135,-0.01131
1902.60617,-0.01122
1901.18100,-0.01113
1899.75583,-0.01104
1898.33065,-0.01095
1896.90548,-0.01083
1895.48031,-0.01070
1894.05513,-0.01057
1892.62996,-0.01042
1891.20479,-0.01023
1889.77961,-0.01003
1888.35444,-0.00983
1886.92927,-0.00966
1885.50410,-0.00951
1884.07892,-0.00935
1882.65375,-0.00920
1881.22858,-0.00904
1879.80340,-0.00888
1878.37823,-0.00874
1876.95306,-0.00862
1875.52788,-0.00853
1874.10271,-0.00845
1872.67754,-0.00837
1871.25236,-0.00828
1869.82719,-0.00817
1868.40202,-0.00807
1866.97684,-0.00802
1865.55167,-0.00803
1864.12650,-0.00805
1862.70132,-0.00808
1861.27615,-0.00810
1859.85098,-0.00813
1858.42581,-0.00820
1857.00063,-0.00830
1855.57546,-0.00842
1854.15029,-0.00850
1852.72511,-0.00858
1851.29994,-0.00866
1849.87477,-0.00881
1848.44959,-0.00903
1847.02442,-0.00931
1845.59925,-0.00959
1844.17407,-0.00982
1842.74890,-0.01002
1841.32373,-0.01022
1839.89855,-0.01045
1838.47338,-0.01069
1837.04821,-0.01095
1835.62303,-0.01122
1834.19786,-0.01152
1832.77269,-0.01181
1831.34751,-0.01208
1829.92234,-0.01230
1828.49717,-0.01249
1827.07200,-0.01268
1825.64682,-0.01289
1824.22165,-0.01308
1822.79648,-0.01325
1821.37130,-0.01339
1819.94613,-0.01352
1818.52096,-0.01365
1817.09578,-0.01377
1815.67061,-0.01387
1814.24544,-0.01394
1812.82026,-0.01398
1811.39509,-0.01400
1809.96992,-0.01402
1808.54474,-0.01407
1807.11957,-0.01412
1805.69440,-0.01415
1804.26922,-0.01414
1802.84405,-0.01407
1801.41888,-0.01394
1799.99371,-0.01380
1798.56853,-0.01369
1797.14336,-0.01361
1795.71819,-0.01352
1794.29301,-0.01341
1792.86784,-0.01322
1791.44267,-0.01297
1790.01749,-0.01277
1788.59232,-0.01264
1787.16715,-0.01252
1785.74197,-0.01237
1784.31680,-0.01219
1782.89163,-0.01199
1781.46645,-0.01181
1780.04128,-0.01167
1778.61611,-0.01157
1777.19093,-0.01153
1775.76576,-0.01149
1774.34059,-0.01140
1772.91542,-0.01122
1771.49024,-0.01103
1770.06507,-0.01092
1768.63990,-0.01088
1767.21472,-0.01085
1765.78955,-0.01081
1764.36438,-0.01077
1762.93920,-0.01072
1761.51403,-0.01068
1760.08886,-0.01070
1758.66368,-0.01074
1757.23851,-0.01076
1755.81334,-0.01076
1754.38816,-0.01080
1752.96299,-0.01085
1751.53782,-0.01083
1750.11264,-0.01074
1748.68747,-0.01062
1747.26230,-0.01050
1745.83713,-0.01037
1744.41195,-0.01023
1742.98678,-0.01010
1741.56161,-0.01000
1740.13643,-0.00994
1738.71126,-0.00998
1737.28609,-0.01012
1735.86091,-0.01027
1734.43574,-0.01034
1733.01057,-0.01036
1731.58539,-0.01045
1730.16022,-0.01059
1728.73505,-0.01072
1727.30987,-0.01085
1725.88470,-0.01099
1724.45953,-0.01113
1723.03435,-0.01127
1721.60918,-0.01141
1720.18401,-0.01153
1718.75884,-0.01153
1717.33366,-0.01140
1715.90849,-0.01125
1714.48332,-0.01121
1713.05814,-0.01122
1711.63297,-0.01123
1710.20780,-0.01122
1708.78262,-0.01120
1707.35745,-0.01116
1705.93228,-0.01110
1704.50710,-0.01109
1703.08193,-0.01112
1701.65676,-0.01108
1700.23158,-0.01085
1698.80641,-0.01053
1697.38124,-0.01013
1695.95606,-0.00956
1694.53089,-0.00889
1693.10572,-0.00831
1691.68054,-0.00773
1690.25537,-0.00694
1688.83020,-0.00601
1687.40503,-0.00502
1685.97985,-0.00365
1684.55468,-0.00143
1683.12951,0.00107
1681.70433,0.00296
1680.27916,0.00439
1678.85399,0.00578
1677.42881,0.00743
1676.00364,0.00957
1674.57847,0.01204
1673.15329,0.01441
1671.72812,0.01678
1670.30295,0.01968
1668.87777,0.02298
1667.45260,0.02588
1666.02743,0.02817
1664.60225,0.03029
1663.17708,0.03240
1661.75191,0.03414
1660.32674,0.03518
1658.90156,0.03561
1657.47639,0.03568
1656.05122,0.03564
1654.62604,0.03595
1653.20087,0.03702
1651.77570,0.03819
1650.35052,0.03893
1648.92535,0.03988
1647.50018,0.04188
1646.07500,0.04498
1644.64983,0.04822
1643.22466,0.05128
1641.79948,0.05451
1640.37431,0.05804
1638.94914,0.06187
1637.52396,0.06676
1636.09879,0.07379
1634.67362,0.08194
1633.24845,0.08901
1631.82327,0.09512
1630.39810,0.10152
1628.97293,0.10866
1627.54775,0.11556
1626.12258,0.12062
1624.69741,0.12259
1623.27223,0.12063
1621.84706,0.11513
1620.42189,0.10748
1618.99671,0.09797
1617.57154,0.08578
1616.14637,0.07207
1614.72119,0.05994
1613.29602,0.05006
1611.87085,0.04117
1610.44567,0.03260
1609.02050,0.02457
1607.59533,0.01744
1606.17016,0.01134
1604.74498,0.00619
1603.31981,0.00181
1601.89464,-0.00194
1600.46946,-0.00510
1599.04429,-0.00773
1597.61912,-0.00994
1596.19394,-0.01186
1594.76877,-0.01352
1593.34360,-0.01491
1591.91842,-0.01602
1590.49325,-0.01694
1589.06808,-0.01773
1587.64290,-0.01845
1586.21773,-0.01915
1584.79256,-0.01983
1583.36738,-0.02052
1581.94221,-0.02124
1580.51704,-0.02200
1579.09187,-0.02273
1577.66669,-0.02338
1576.24152,-0.02393
1574.81635,-0.02450
1573.39117,-0.02516
1571.96600,-0.02585
1570.54083,-0.02644
1569.11565,-0.02695
1567.69048,-0.02744
1566.26531,-0.02796
1564.84013,-0.02852
1563.41496,-0.02916
1561.98979,-0.02986
1560.56461,-0.03044
1559.13944,-0.03066
1557.71427,-0.03068
1556.28909,-0.03095
1554.86392,-0.03142
1553.43875,-0.03191
1552.01357,-0.03242
1550.58840,-0.03298
1549.16323,-0.03362
1547.73806,-0.03434
1546.31288,-0.03513
1544.88771,-0.03592
1543.46254,-0.03667
1542.03736,-0.03731
1540.61219,-0.03782
1539.18702,-0.03829
1537.76184,-0.03893
1536.33667,-0.03969
1534.91150,-0.04040
1533.48632,-0.04101
1532.06115,-0.04159
1530.63598,-0.04226
1529.21080,-0.04299
1527.78563,-0.04372
1526.36046,-0.04440
1524.93528,-0.04500
1523.51011,-0.04542
1522.08494,-0.04541
1520.65977,-0.04488
1519.23459,-0.04408
1517.80942,-0.04329
1516.38425,-0.04291
1514.95907,-0.04340
1513.53390,-0.04480
1512.10873,-0.04674
1510.68355,-0.04881
1509.25838,-0.05065
1507.83321,-0.05192
1506.40803,-0.05264
1504.98286,-0.05339
1503.55769,-0.05441
1502.13251,-0.05555
1500.70734,-0.05663
1499.28217,-0.05754
1497.85699,-0.05825
1496.43182,-0.05893
1495.00665,-0.05975
1493.58148,-0.06069
1492.15630,-0.06161
1490.73113,-0.06236
1489.30596,-0.06289
1487.88078,-0.06331
1486.45561,-0.06371
1485.03044,-0.06404
1483.60526,-0.06423
1482.18009,-0.06422
1480.75492,-0.06407
1479.32974,-0.06390
1477.90457,-0.06374
1476.47940,-0.06351
1475.05422,-0.06301
1473.62905,-0.06215
1472.20388,-0.06118
1470.77870,-0.06065
1469.35353,-0.06073
1467.92836,-0.06108
1466.50319,-0.06129
1465.07801,-0.06117
1463.65284,-0.06096
1462.22767,-0.06100
1460.80249,-0.06125
1459.37732,-0.06116
1457.95215,-0.06003
1456.52697,-0.05805
1455.10180,-0.05647
1453.67663,-0.05552
1452.25145,-0.05471
1450.82628,-0.05372
1449.40111,-0.05243
1447.97593,-0.05083
1446.55076,-0.04916
1445.12559,-0.04769
1443.70041,-0.04637
1442.27524,-0.04513
1440.85007,-0.04405
1439.42490,-0.04312
1437.99972,-0.04207
1436.57455,-0.04084
1435.14938,-0.03999
1433.72420,-0.03984
1432.29903,-0.04004
1430.87386,-0.04025
1429.44868,-0.04039
1428.02351,-0.04054
1426.59834,-0.04070
1425.17316,-0.04079
1423.74799,-0.04080
1422.32282,-0.04077
1420.89764,-0.04061
1419.47247,-0.04019
1418.04730,-0.03964
1416.62212,-0.03929
1415.19695,-0.03911
1413.77178,-0.03891
1412.34660,-0.03859
1410.92143,-0.03813
1409.49626,-0.03755
1408.07109,-0.03692
1406.64591,-0.03622
1405.22074,-0.03547
1403.79557,-0.03478
1402.37039,-0.03422
1400.94522,-0.03368
1399.52005,-0.03305
1398.09487,-0.03236
1396.66970,-0.03163
1395.24453,-0.03082
1393.81935,-0.02996
1392.39418,-0.02919
1390.96901,-0.02853
1389.54383,-0.02789
1388.11866,-0.02716
1386.69349,-0.02641
1385.26831,-0.02578
1383.84314,-0.02524
1382.41797,-0.02471
1380.99280,-0.02414
1379.56762,-0.02357
1378.14245,-0.02302
1376.71728,-0.02247
1375.29210,-0.02185
1373.86693,-0.02122
1372.44176,-0.02067
1371.01658,-0.02026
1369.59141,-0.01996
1368.16624,-0.01974
1366.74106,-0.01963
1365.31589,-0.01957
1363.89072,-0.01945
1362.46554,-0.01926
1361.04037,-0.01913
1359.61520,-0.01913
1358.19002,-0.01922
1356.76485,-0.01931
1355.33968,-0.01936
1353.91451,-0.01939
1352.48933,-0.01949
1351.06416,-0.01966
1349.63899,-0.01986
1348.21381,-0.02008
1346.78864,-0.02029
1345.36347,-0.02053
1343.93829,-0.02083
1342.51312,-0.02119
1341.08795,-0.02161
1339.66277,-0.02204
1338.23760,-0.02248
1336.81243,-0.02297
1335.38725,-0.02355
1333.96208,-0.02420
1332.53691,-0.02486
1331.11173,-0.02551
1329.68656,-0.02615
1328.26139,-0.02682
1326.83622,-0.02752
1325.41104,-0.02822
1323.98587,-0.02886
1322.56070,-0.02944
1321.13552,-0.03000
1319.71035,-0.03061
1318.28518,-0.03125
1316.86000,-0.03189
1315.43483,-0.03249
1314.00966,-0.03307
1312.58448,-0.03372
1311.15931,-0.03449
1309.73414,-0.03535
1308.30896,-0.03624
1306.88379,-0.03710
1305.45862,-0.03793
1304.03344,-0.03878
1302.60827,-0.03967
1301.18310,-0.04063
1299.75793,-0.04167
1298.33275,-0.04281
1296.90758,-0.04407
1295.48241,-0.04544
1294.05723,-0.04696
1292.63206,-0.04855
1291.20689,-0.05014
1289.78171,-0.05172
1288.35654,-0.05334
1286.93137,-0.05506
1285.50619,-0.05690
1284.08102,-0.05891
1282.65585,-0.06112
1281.23067,-0.06351
1279.80550,-0.06604
1278.38033,-0.06868
1276.95515,-0.07149
1275.52998,-0.07454
1274.10481,-0.07791
1272.67963,-0.08165
1271.25446,-0.08581
1269.82929,-0.09040
1268.40412,-0.09541
1266.97894,-0.10079
1265.55377,-0.10653
1264.12860,-0.11266
1262.70342,-0.11929
1261.27825,-0.12662
1259.85308,-0.13477
1258.42790,-0.14366
1257.00273,-0.15318
1255.57756,-0.16326
1254.15238,-0.17388
1252.72721,-0.18500
1251.30204,-0.19661
1249.87686,-0.20875
1248.45169,-0.22137
1247.02652,-0.23406
1245.60134,-0.24606
1244.17617,-0.25695
1242.75100,-0.26685
1241.32583,-0.27595
1239.90065,-0.28407
1238.47548,-0.29088
1237.05031,-0.29622
1235.62513,-0.30026
1234.19996,-0.30324
1232.77479,-0.30532
1231.34961,-0.30656
1229.92444,-0.30698
1228.49927,-0.30668
1227.07409,-0.30594
1225.64892,-0.30504
1224.22375,-0.30400
1222.79857,-0.30278
1221.37340,-0.30156
1219.94823,-0.30050
1218.52305,-0.29935
1217.09788,-0.29779
1215.67271,-0.29603
1214.24754,-0.29468
1212.82236,-0.29408
1211.39719,-0.29386
1209.97202,-0.29359
1208.54684,-0.29342
1207.12167,-0.29368
1205.69650,-0.29432
1204.27132,-0.29529
1202.84615,-0.29677
1201.42098,-0.29877
1199.99580,-0.30102
1198.57063,-0.30327
1197.14546,-0.30557
1195.72028,-0.30803
1194.29511,-0.31052
1192.86994,-0.31265
1191.44476,-0.31428
1190.01959,-0.31581
1188.59442,-0.31749
1187.16925,-0.31886
1185.74407,-0.31931
1184.31890,-0.31878
1182.89373,-0.31743
1181.46855,-0.31508
1180.04338,-0.31146
1178.61821,-0.30663
1177.19303,-0.30088
1175.76786,-0.29437
1174.34269,-0.28715
1172.91751,-0.27956
1171.49234,-0.27203
1170.06717,-0.26451
1168.64199,-0.25658
1167.21682,-0.24803
1165.79165,-0.23909
1164.36647,-0.23011
1162.94130,-0.22144
1161.51613,-0.21332
1160.09096,-0.20575
1158.66578,-0.19858
1157.24061,-0.19162
1155.81544,-0.18488
1154.39026,-0.17860
1152.96509,-0.17300
1151.53992,-0.16808
1150.11474,-0.16357
1148.68957,-0.15918
1147.26440,-0.15490
1145.83922,-0.15087
1144.41405,-0.14712
1142.98888,-0.14353
1141.56370,-0.14014
1140.13853,-0.13719
1138.71336,-0.13477
1137.28818,-0.13259
1135.86301,-0.13034
1134.43784,-0.12803
1133.01266,-0.12590
1131.58749,-0.12407
1130.16232,-0.12245
1128.73715,-0.12086
1127.31197,-0.11911
1125.88680,-0.11725
1124.46163,-0.11558
1123.03645,-0.11431
1121.61128,-0.11325
1120.18611,-0.11205
1118.76093,-0.11060
1117.33576,-0.10921
1115.91059,-0.10822
1114.48541,-0.10756
1113.06024,-0.10681
1111.63507,-0.10574
1110.20989,-0.10457
1108.78472,-0.10359
1107.35955,-0.10275
1105.93437,-0.10180
1104.50920,-0.10074
1103.08403,-0.09987
1101.65886,-0.09944
1100.23368,-0.09927
1098.80851,-0.09894
1097.38334,-0.09825
1095.95816,-0.09740
1094.53299,-0.09666
1093.10782,-0.09609
1091.68264,-0.09564
1090.25747,-0.09502
1088.83230,-0.09390
1087.40712,-0.09245
1085.98195,-0.09130
1084.55678,-0.09070
1083.13160,-0.09026
1081.70643,-0.08959
1080.28126,-0.08886
1078.85608,-0.08828
1077.43091,-0.08770
1076.00574,-0.08692
1074.58057,-0.08618
1073.15539,-0.08578
1071.73022,-0.08571
1070.30505,-0.08579
1068.87987,-0.08584
1067.45470,-0.08572
1066.02953,-0.08551
1064.60435,-0.08537
1063.17918,-0.08524
1061.75401,-0.08489
1060.32883,-0.08443
1058.90366,-0.08435
1057.47849,-0.08476
1056.05331,-0.08531
1054.62814,-0.08564
1053.20297,-0.08580
1051.77779,-0.08602
1050.35262,-0.08637
1048.92745,-0.08653
1047.50228,-0.08628
1046.07710,-0.08584
1044.65193,-0.08544
1043.22676,-0.08492
1041.80158,-0.08405
1040.37641,-0.08314
1038.95124,-0.08286
1037.52606,-0.08348
1036.10089,-0.08440
1034.67572,-0.08473
1033.25054,-0.08427
1031.82537,-0.08379
1030.40020,-0.08412
1028.97502,-0.08539
1027.54985,-0.08706
1026.12468,-0.08829
1024.69950,-0.08856
1023.27433,-0.08812
1021.84916,-0.08771
1020.42399,-0.08784
1018.99881,-0.08844
1017.57364,-0.08898
1016.14847,-0.08915
1014.72329,-0.08914
1013.29812,-0.08905
1011.87295,-0.08835
1010.44777,-0.08687
1009.02260,-0.08561
1007.59743,-0.08541
1006.17225,-0.08595
1004.74708,-0.08657
1003.32191,-0.08693
1001.89673,-0.08671
1000.47156,-0.08585
999.04639,-0.08544
997.62121,-0.08678
996.19604,-0.08941
994.77087,-0.09137
993.34569,-0.09201
991.92052,-0.09286
990.49535,-0.09473
989.07018,-0.09567
987.64500,-0.09371
986.21983,-0.08950
984.79466,-0.08491
983.36948,-0.08140
981.94431,-0.08006
980.51914,-0.08090
979.09396,-0.08220
977.66879,-0.08268
976.24362,-0.08315
974.81844,-0.08456
973.39327,-0.08589
971.96810,-0.08507
970.54292,-0.08188
969.11775,-0.07929
967.69258,-0.08014
966.26740,-0.08318
964.84223,-0.08612
963.41706,-0.09083
961.99189,-0.10001
960.56671,-0.11040
959.14154,-0.11509
957.71637,-0.11220
956.29119,-0.10807
954.86602,-0.11143
953.44085,-0.12483
952.01567,-0.14020
950.59050,-0.14519
949.16533,-0.13777
947.74015,-0.12953
946.31498,-0.12979
944.88981,-0.13485
943.46463,-0.13577
942.03946,-0.13013
940.61429,-0.12160
939.18911,-0.11434
937.76394,-0.10880
936.33877,-0.09799
934.91360,-0.07938
933.48842,-0.06839
932.06325,-0.08176
930.63808,-0.11176
929.21290,-0.12718
927.78773,-0.11471
926.36256,-0.09672
924.93738,-0.08826
923.51221,-0.08501
922.08704,-0.09707
920.66186,-0.13194
919.23669,-0.15930
917.81152,-0.13044
916.38634,-0.05158
914.96117,-0.01431
913.53600,-0.07271
912.11082,-0.21999
910.68565,-0.25660
909.26048,-0.02492
907.83531,0.06133
906.41013,-0.12491
904.98496,-0.26236
903.55979,-0.21571
902.13461,-0.18206
900.70944,-0.22850
899.28427,-0.36676
897.85909,-0.66977
896.43392,-0.53311
895.00875,-0.49899
893.58357,-0.67324
892.15840,-0.88361
890.73323,-0.47761
889.30805,-0.17135
887.88288,-0.03113
886.45771,0.03725
885.03253,0.07763
883.60736,0.02611
882.18219,-0.17170
880.75701,-0.17247
879.33184,-0.05225
877.90667,-0.00018
876.48150,-0.04102
875.05632,-0.11385
873.63115,-0.17874
872.20598,-0.11863
870.78080,-0.07996
869.35563,-0.24805
867.93046,-0.62868
866.50528,-0.69517
865.08011,-0.42518
863.65494,-0.40070
862.22976,-0.43132
860.80459,-0.33167
859.37942,-0.10288
857.95424,0.10685
856.52907,0.27690
855.10390,0.43159
853.67872,0.29669
852.25355,0.09195
850.82838,-0.07838
849.40321,-0.19670
847.97803,-0.18115
846.55286,0.04777
845.12769,0.28716
843.70251,0.51673
842.27734,0.27329
840.85217,0.01952
839.42699,-0.24222
838.00182,-0.19024
836.57665,-0.07839
835.15147,0.14089
833.72630,0.22856
832.30113,0.10412
830.87595,0.05495
829.45078,-0.04200
828.02561,0.05904
826.60043,0.18461
825.17526,0.14232
823.75009,0.04835
822.32492,-0.01796
820.89974,-0.13650
819.47457,-0.16447
818.04940,-0.12017
816.62422,-0.18805
815.19905,-0.50258
813.77388,-0.18659
812.34870,0.14677
810.92353,0.40874
809.49836,0.46028
808.07318,0.12996
806.64801,-0.27002
805.22284,-0.07758
803.79766,0.00853
802.37249,-0.02693
800.94732,-0.11490
799.52214,0.10553
798.09697,0.21171
796.67180,0.03730
795.24663,-0.11764
793.82145,-0.19488
792.39628,-0.23266
790.97111,0.08809
789.54593,0.23860
788.12076,-0.07220
786.69559,-0.27556
785.27041,-0.22706
783.84524,-0.16316
782.42007,0.00116
780.99489,0.14253
779.56972,0.16838
778.14455,0.15872
776.71937,0.11246
775.29420,-0.01914
773.86903,-0.26547
772.44385,-0.34534
771.01868,-0.34879
769.59351,-0.16855
768.16834,-0.07811
766.74316,-0.02487
765.31799,0.08299
763.89282,0.06617
762.46764,-0.13631
761.04247,-0.32477
759.61730,-0.42579
758.19212,-0.58540
756.76695,-0.33363
755.34178,-0.20250
753.91660,-0.19609
752.49143,-0.23499
751.06626,-0.30180
749.64108,-0.32165
748.21591,-0.25002
746.79074,-0.18803
745.36556,-0.18079
743.94039,-0.10630
742.51522,0.12158
741.09004,0.08870
739.66487,-0.09459
738.23970,-0.15465
736.81453,0.00551
735.38935,0.14326
733.96418,0.18754
732.53901,0.18287
731.11383,-0.14094
729.68866,-0.35976
728.26349,-0.35502
726.83831,-0.30193
725.41314,-0.24270
723.98797,-0.22651
722.56279,-0.24799
721.13762,-0.27336
719.71245,-0.23860
718.28727,-0.31009
716.86210,-0.46768
715.43693,-0.50254
714.01175,-0.42752
712.58658,-0.24209
711.16141,-0.01631
709.73624,0.16369
708.31106,0.10873
706.88589,-0.00299
705.46072,0.23147
704.03554,0.31722
702.61037,0.19439
701.18520,0.14085
699.76002,0.13414
698.33485,0.23058
696.90968,0.30995
695.48450,0.29031
694.05933,0.22176
692.63416,0.09367
691.20898,0.00525
689.78381,-0.03137
688.35864,-0.01167
686.93346,0.01494
685.50829,-0.06120
684.08312,-0.33330
682.65795,-0.25947
681.23277,-0.09277
679.80760,-0.21466
678.38243,-0.05343
676.95725,0.01594
675.53208,0.03891
674.10691,0.02568
672.68173,-0.07985
671.25656,-0.29369
669.83139,-0.62689
668.40621,-0.24991
666.98104,0.04322
665.55587,0.15153
664.13069,0.14187
662.70552,0.41734
661.28035,0.33408
659.85517,0.23991
658.43000,0.19350
657.00483,0.18033
655.57966,0.05287
654.15448,0.03906
652.72931,-0.14872
651.30414,-0.15844
649.87896,-0.02031
648.45379,-0.01356
647.02862,-0.04308
645.60344,-0.04917
644.17827,-0.03881
642.75310,-0.10320
641.32792,-0.10669
639.90275,-0.04945
638.47758,-0.07449
637.05240,-0.18947
635.62723,-0.26181
634.20206,0.02598
632.77688,0.00695
631.35171,-0.17406
629.92654,-0.39049
628.50137,-0.35306
627.07619,-0.25063
625.65102,-0.32137
624.22585,-0.25740
622.80067,-0.15717
621.37550,-0.17221
619.95033,-0.25257
618.52515,-0.15216
617.09998,0.06374
615.67481,0.03631
614.24963,-0.20813
612.82446,-0.05697
611.39929,0.00661
609.97411,-0.01986
608.54894,0.09785
607.12377,0.29330
605.69859,0.17221
604.27342,0.07739
602.84825,0.09670
601.42307,-0.05380
599.99790,-0.42710
598.57273,-0.40313
597.14756,-0.25704
595.72238,-0.09301
594.29721,0.12110
592.87204,0.29847
591.44686,0.22637
590.02169,0.16354
588.59652,0.00979
587.17134,-0.36682
585.74617,-0.55400
584.32100,-0.23854
582.89582,-0.15228
581.47065,-0.28270
580.04548,-0.23193
578.62030,-0.09623
577.19513,-0.03902
575.76996,0.00719
574.34478,0.13642
572.91961,0.16978
571.49444,0.09441
570.06927,0.00725
568.64409,-0.05805
567.21892,-0.13729
565.79375,-0.30701
564.36857,-0.36143
562.94340,-0.07432
561.51823,-0.02988
560.09305,-0.11971
558.66788,-0.16784
557.24271,-0.08455
555.81753,0.10375
554.39236,0.38347
552.96719,-0.17280
551.54201,-0.23796
550.11684,0.08955
548.69167,0.21492
547.26649,0.16080
545.84132,-0.04216
544.41615,-0.10725
542.99098,-0.04088
541.56580,0.14538
540.14063,0.08020
538.71546,-0.02414
537.29028,-0.00359
535.86511,0.15251
534.43994,0.26385
533.01476,0.11914
531.58959,-0.02271
530.16442,0.01227
528.73924,0.12521
527.31407,-0.10649
525.88890,-0.35005
524.46372,-0.29685
523.03855,-0.20675
521.61338,-0.10615
520.18820,0.14327
518.76303,0.23676
517.33786,-0.23645
515.91269,-0.30707
514.48751,-0.23878
513.06234,-0.13776
511.63717,-0.17385
510.21199,-0.46120
508.78682,-0.57626
507.36165,-0.48766
505.93647,-0.36060
504.51130,-0.31589
503.08613,-0.34404
501.66095,-0.44052
500.23578,-0.33505
498.81061,-0.28664
497.38543,-0.16274
495.96026,-0.01863
494.53509,-0.07154
493.10991,-0.31425
491.68474,-0.41930
490.25957,-0.23854
488.83440,-0.00699
487.40922,-0.06223
485.98405,-0.14364
484.55888,0.11901
483.13370,0.06743
481.70853,-0.14344
480.28336,-0.05779
478.85818,0.15101
477.43301,0.37108
476.00784,0.35358
474.58266,0.19453
473.15749,0.01409
471.73232,-0.05809
470.30714,-0.18717
468.88197,-0.54019
467.45680,-0.56022
466.03162,-0.24653
464.60645,-0.13694
463.18128,-0.09354
461.75610,-0.10769
460.33093,-0.22983
458.90576,-0.18945
457.48059,0.21967
456.05541,0.49151
454.63024,0.41740
453.20507,0.24477
451.77989,0.12921
450.35472,0.11146
448.92955,-0.12498
447.50437,-0.30692
446.07920,-0.33233
444.65403,-0.19383
443.22885,0.10221
441.80368,0.31595
440.37851,0.14401
438.95333,-0.06634
437.52816,-0.22488
436.10299,-0.40981
434.67781,-0.51269
433.25264,-0.39610
431.82747,-0.33273
430.40230,-0.13088
428.97712,-0.08125
427.55195,-0.12432
426.12678,-0.20536
424.70160,-0.30239
423.27643,-0.26859
421.85126,-0.10032
420.42608,0.07834
419.00091,0.20287
417.57574,0.04836
416.15056,-0.00981
414.72539,0.04491
413.30022,0.07761
411.87504,-0.01809
410.44987,-0.10036
409.02470,-0.10651
407.59952,-0.10573
406.17435,-0.07920
404.74918,-0.17626
403.32401,-0.44879
401.89883,-0.36809
400.47366,-0.31292
399.04849,-0.03530
