3997.61072,0.00320
3996.18555,0.00329
3994.76038,0.00338
3993.33520,0.00343
3991.91003,0.00343
3990.48486,0.00341
3989.05968,0.00342
3987.63451,0.00346
3986.20934,0.00351
3984.78416,0.00355
3983.35899,0.00357
3981.93382,0.00355
3980.50865,0.00347
3979.08347,0.00334
3977.65830,0.00319
3976.23313,0.00307
3974.80795,0.00299
3973.38278,0.00293
3971.95761,0.00287
3970.53243,0.00279
3969.10726,0.00267
3967.68209,0.00252
3966.25691,0.00239
3964.83174,0.00228
3963.40657,0.00218
3961.98139,0.00204
3960.55622,0.00186
3959.13105,0.00168
3957.70587,0.00156
3956.28070,0.00146
3954.85553,0.00136
3953.43036,0.00126
3952.00518,0.00119
3950.58001,0.00114
3949.15484,0.00111
3947.72966,0.00107
3946.30449,0.00098
3944.87932,0.00087
3943.45414,0.00076
3942.02897,0.00069
3940.60380,0.00066
3939.17862,0.00065
3937.75345,0.00065
3936.32828,0.00066
3934.90310,0.00067
3933.47793,0.00067
3932.05276,0.00066
3930.62758,0.00065
3929.20241,0.00064
3927.77724,0.00065
3926.35207,0.00070
3924.92689,0.00075
3923.50172,0.00077
3922.07655,0.00077
3920.65137,0.00079
3919.22620,0.00087
3917.80103,0.00098
3916.37585,0.00105
3914.95068,0.00105
3913.52551,0.00101
3912.10033,0.00098
3910.67516,0.00094
3909.24999,0.00085
3907.82481,0.00073
3906.39964,0.00068
3904.97447,0.00078
3903.54929,0.00097
3902.12412,0.00113
3900.69895,0.00126
3899.27378,0.00135
3897.84860,0.00136
3896.42343,0.00124
3894.99826,0.00107
3893.57308,0.00098
3892.14791,0.00104
3890.72274,0.00115
3889.29756,0.00112
3887.87239,0.00098
3886.44722,0.00086
3885.02204,0.00076
3883.59687,0.00065
3882.17170,0.00058
3880.74652,0.00060
3879.32135,0.00055
3877.89618,0.00032
3876.47100,0.00008
3875.04583,-0.00004
3873.62066,-0.00010
3872.19548,-0.00018
3870.77031,-0.00027
3869.34514,-0.00035
3867.91997,-0.00053
3866.49479,-0.00082
3865.06962,-0.00109
3863.64445,-0.00128
3862.21927,-0.00143
3860.79410,-0.00161
3859.36893,-0.00186
3857.94375,-0.00221
3856.51858,-0.00255
3855.09341,-0.00263
3853.66823,-0.00231
3852.24306,-0.00200
3850.81789,-0.00207
3849.39271,-0.00236
3847.96754,-0.00266
3846.54237,-0.00289
3845.11719,-0.00301
3843.69202,-0.00304
3842.26685,-0.00308
3840.84168,-0.00316
3839.41650,-0.00319
3837.99133,-0.00310
3836.56616,-0.00299
3835.14098,-0.00297
3833.71581,-0.00296
3832.29064,-0.00291
3830.86546,-0.00284
3829.44029,-0.00276
3828.01512,-0.00262
3826.58994,-0.00246
3825.16477,-0.00241
3823.73960,-0.00242
3822.31442,-0.00224
3820.88925,-0.00184
3819.46408,-0.00152
3818.03890,-0.00132
3816.61373,-0.00105
3815.18856,-0.00074
3813.76339,-0.00058
3812.33821,-0.00059
3810.91304,-0.00065
3809.48787,-0.00062
3808.06269,-0.00041
3806.63752,-0.00008
3805.21235,0.00015
3803.78717,0.00030
3802.36200,0.00052
3800.93683,0.00078
3799.51165,0.00091
3798.08648,0.00095
3796.66131,0.00103
3795.23613,0.00116
3793.81096,0.00127
3792.38579,0.00136
3790.96061,0.00146
3789.53544,0.00157
3788.11027,0.00167
3786.68510,0.00176
3785.25992,0.00185
3783.83475,0.00189
3782.40958,0.00191
3780.98440,0.00194
3779.55923,0.00195
3778.13406,0.00188
3776.70888,0.00177
3775.28371,0.00169
3773.85854,0.00162
3772.43336,0.00150
3771.00819,0.00135
3769.58302,0.00122
3768.15784,0.00110
3766.73267,0.00101
3765.30750,0.00091
3763.88232,0.00077
3762.45715,0.00059
3761.03198,0.00043
3759.60681,0.00036
3758.18163,0.00028
3756.75646,0.00011
3755.33129,-0.00014
3753.90611,-0.00034
3752.48094,-0.00041
3751.05577,-0.00041
3749.63059,-0.00050
3748.20542,-0.00073
3746.78025,-0.00096
3745.35507,-0.00101
3743.92990,-0.00090
3742.50473,-0.00081
3741.07955,-0.00083
3739.65438,-0.00088
3738.22921,-0.00089
3736.80403,-0.00085
3735.37886,-0.00086
3733.95369,-0.00095
3732.52851,-0.00103
3731.10334,-0.00106
3729.67817,-0.00104
3728.25300,-0.00096
3726.82782,-0.00082
3725.40265,-0.00065
3723.97748,-0.00049
3722.55230,-0.00034
3721.12713,-0.00019
3719.70196,-0.00009
3718.27678,-0.00005
3716.85161,-0.00004
3715.42644,-0.00001
3714.00126,0.00009
3712.57609,0.00033
3711.15092,0.00063
3709.72574,0.00082
3708.30057,0.00088
3706.87540,0.00091
3705.45022,0.00095
3704.02505,0.00104
3702.59988,0.00119
3701.17471,0.00138
3699.74953,0.00155
3698.32436,0.00165
3696.89919,0.00167
3695.47401,0.00161
3694.04884,0.00151
3692.62367,0.00140
3691.19849,0.00135
3689.77332,0.00139
3688.34815,0.00145
3686.92297,0.00146
3685.49780,0.00138
3684.07263,0.00125
3682.64745,0.00111
3681.22228,0.00095
3679.79711,0.00077
3678.37193,0.00058
3676.94676,0.00044
3675.52159,0.00035
3674.09642,0.00017
3672.67124,-0.00007
3671.24607,-0.00028
3669.82090,-0.00043
3668.39572,-0.00066
3666.97055,-0.00101
3665.54538,-0.00141
3664.12020,-0.00178
3662.69503,-0.00212
3661.26986,-0.00245
3659.84468,-0.00279
3658.41951,-0.00310
3656.99434,-0.00338
3655.56916,-0.00370
3654.14399,-0.00416
3652.71882,-0.00471
3651.29364,-0.00526
3649.86847,-0.00566
3648.44330,-0.00590
3647.01813,-0.00619
3645.59295,-0.00665
3644.16778,-0.00722
3642.74261,-0.00777
3641.31743,-0.00826
3639.89226,-0.00873
3638.46709,-0.00919
3637.04191,-0.00965
3635.61674,-0.01009
3634.19157,-0.01052
3632.76639,-0.01095
3631.34122,-0.01127
3629.91605,-0.01131
3628.49087,-0.01118
3627.06570,-0.01129
3625.64053,-0.01170
3624.21535,-0.01220
3622.79018,-0.01264
3621.36501,-0.01293
3619.93984,-0.01310
3618.51466,-0.01324
3617.08949,-0.01348
3615.66432,-0.01374
3614.23914,-0.01393
3612.81397,-0.01410
3611.38880,-0.01437
3609.96362,-0.01464
3608.53845,-0.01475
3607.11328,-0.01475
3605.68810,-0.01484
3604.26293,-0.01505
3602.83776,-0.01522
3601.41258,-0.01531
3599.98741,-0.01540
3598.56224,-0.01560
3597.13706,-0.01581
3595.71189,-0.01589
3594.28672,-0.01596
3592.86154,-0.01625
3591.43637,-0.01678
3590.01120,-0.01721
3588.58603,-0.01720
3587.16085,-0.01692
3585.73568,-0.01695
3584.31051,-0.01744
3582.88533,-0.01808
3581.46016,-0.01863
3580.03499,-0.01905
3578.60981,-0.01940
3577.18464,-0.01975
3575.75947,-0.02015
3574.33429,-0.02066
3572.90912,-0.02137
3571.48395,-0.02233
3570.05877,-0.02333
3568.63360,-0.02395
3567.20843,-0.02400
3565.78325,-0.02395
3564.35808,-0.02437
3562.93291,-0.02522
3561.50774,-0.02616
3560.08256,-0.02701
3558.65739,-0.02784
3557.23222,-0.02879
3555.80704,-0.02979
3554.38187,-0.03069
3552.95670,-0.03143
3551.53152,-0.03220
3550.10635,-0.03310
3548.68118,-0.03397
3547.25600,-0.03461
3545.83083,-0.03514
3544.40566,-0.03589
3542.98048,-0.03687
3541.55531,-0.03787
3540.13014,-0.03876
3538.70496,-0.03952
3537.27979,-0.04018
3535.85462,-0.04085
3534.42945,-0.04162
3533.00427,-0.04246
3531.57910,-0.04317
3530.15393,-0.04365
3528.72875,-0.04394
3527.30358,-0.04416
3525.87841,-0.04434
3524.45323,-0.04443
3523.02806,-0.04447
3521.60289,-0.04457
3520.17771,-0.04479
3518.75254,-0.04504
3517.32737,-0.04522
3515.90219,-0.04532
3514.47702,-0.04541
3513.05185,-0.04553
3511.62667,-0.04562
3510.20150,-0.04559
3508.77633,-0.04553
3507.35116,-0.04553
3505.92598,-0.04556
3504.50081,-0.04543
3503.07564,-0.04516
3501.65046,-0.04495
3500.22529,-0.04495
3498.80012,-0.04501
3497.37494,-0.04498
3495.94977,-0.04487
3494.52460,-0.04486
3493.09942,-0.04504
3491.67425,-0.04529
3490.24908,-0.04538
3488.82390,-0.04528
3487.39873,-0.04524
3485.97356,-0.04549
3484.54838,-0.04588
3483.12321,-0.04611
3481.69804,-0.04610
3480.27287,-0.04614
3478.84769,-0.04641
3477.42252,-0.04682
3475.99735,-0.04725
3474.57217,-0.04769
3473.14700,-0.04818
3471.72183,-0.04863
3470.29665,-0.04896
3468.87148,-0.04927
3467.44631,-0.04972
3466.02113,-0.05042
3464.59596,-0.05129
3463.17079,-0.05221
3461.74561,-0.05314
3460.32044,-0.05411
3458.89527,-0.05503
3457.47009,-0.05577
3456.04492,-0.05637
3454.61975,-0.05698
3453.19457,-0.05767
3451.76940,-0.05840
3450.34423,-0.05910
3448.91906,-0.05968
3447.49388,-0.06016
3446.06871,-0.06072
3444.64354,-0.06146
3443.21836,-0.06224
3441.79319,-0.06280
3440.36802,-0.06303
3438.94284,-0.06306
3437.51767,-0.06312
3436.09250,-0.06332
3434.66732,-0.06357
3433.24215,-0.06377
3431.81698,-0.06393
3430.39180,-0.06406
3428.96663,-0.06415
3427.54146,-0.06414
3426.11628,-0.06405
3424.69111,-0.06385
3423.26594,-0.06342
3421.84077,-0.06272
3420.41559,-0.06190
3418.99042,-0.06116
3417.56525,-0.06053
3416.14007,-0.05994
3414.71490,-0.05932
3413.28973,-0.05863
3411.86455,-0.05790
3410.43938,-0.05713
3409.01421,-0.05636
3407.58903,-0.05560
3406.16386,-0.05477
3404.73869,-0.05377
3403.31351,-0.05263
3401.88834,-0.05156
3400.46317,-0.05073
3399.03799,-0.05014
3397.61282,-0.04960
3396.18765,-0.04900
3394.76248,-0.04826
3393.33730,-0.04741
3391.91213,-0.04656
3390.48696,-0.04587
3389.06178,-0.04540
3387.63661,-0.04509
3386.21144,-0.04479
3384.78626,-0.04439
3383.36109,-0.04383
3381.93592,-0.04310
3380.51074,-0.04233
3379.08557,-0.04172
3377.66040,-0.04140
3376.23522,-0.04136
3374.81005,-0.04137
3373.38488,-0.04123
3371.95970,-0.04090
3370.53453,-0.04049
3369.10936,-0.04017
3367.68419,-0.04007
3366.25901,-0.04015
3364.83384,-0.04031
3363.40867,-0.04049
3361.98349,-0.04071
3360.55832,-0.04091
3359.13315,-0.04096
3357.70797,-0.04086
3356.28280,-0.04075
3354.85763,-0.04069
3353.43245,-0.04064
3352.00728,-0.04059
3350.58211,-0.04059
3349.15693,-0.04062
3347.73176,-0.04063
3346.30659,-0.04055
3344.88141,-0.04039
3343.45624,-0.04015
3342.03107,-0.03985
3340.60590,-0.03954
3339.18072,-0.03927
3337.75555,-0.03908
3336.33038,-0.03893
3334.90520,-0.03874
3333.48003,-0.03849
3332.05486,-0.03819
3330.62968,-0.03779
3329.20451,-0.03724
3327.77934,-0.03658
3326.35416,-0.03592
3324.92899,-0.03534
3323.50382,-0.03479
3322.07864,-0.03424
3320.65347,-0.03366
3319.22830,-0.03300
3317.80312,-0.03222
3316.37795,-0.03134
3314.95278,-0.03047
3313.52760,-0.02964
3312.10243,-0.02883
3310.67726,-0.02799
3309.25209,-0.02714
3307.82691,-0.02633
3306.40174,-0.02558
3304.97657,-0.02487
3303.55139,-0.02418
3302.12622,-0.02353
3300.70105,-0.02291
3299.27587,-0.02228
3297.85070,-0.02159
3296.42553,-0.02090
3295.00035,-0.02025
3293.57518,-0.01968
3292.15001,-0.01919
3290.72483,-0.01878
3289.29966,-0.01840
3287.87449,-0.01802
3286.44931,-0.01761
3285.02414,-0.01717
3283.59897,-0.01675
3282.17380,-0.01638
3280.74862,-0.01608
3279.32345,-0.01583
3277.89828,-0.01558
3276.47310,-0.01534
3275.04793,-0.01510
3273.62276,-0.01485
3272.19758,-0.01463
3270.77241,-0.01453
3269.34724,-0.01456
3267.92206,-0.01465
3266.49689,-0.01474
3265.07172,-0.01485
3263.64654,-0.01498
3262.22137,-0.01509
3260.79620,-0.01515
3259.37102,-0.01519
3257.94585,-0.01522
3256.52068,-0.01524
3255.09551,-0.01528
3253.67033,-0.01535
3252.24516,-0.01544
3250.81999,-0.01551
3249.39481,-0.01554
3247.96964,-0.01553
3246.54447,-0.01552
3245.11929,-0.01555
3243.69412,-0.01561
3242.26895,-0.01566
3240.84377,-0.01568
3239.41860,-0.01568
3237.99343,-0.01566
3236.56825,-0.01563
3235.14308,-0.01558
3233.71791,-0.01553
3232.29273,-0.01552
3230.86756,-0.01553
3229.44239,-0.01551
3228.01722,-0.01544
3226.59204,-0.01531
3225.16687,-0.01511
3223.74170,-0.01485
3222.31652,-0.01456
3220.89135,-0.01429
3219.46618,-0.01404
3218.04100,-0.01378
3216.61583,-0.01345
3215.19066,-0.01307
3213.76548,-0.01271
3212.34031,-0.01242
3210.91514,-0.01215
3209.48996,-0.01180
3208.06479,-0.01138
3206.63962,-0.01095
3205.21444,-0.01055
3203.78927,-0.01018
3202.36410,-0.00983
3200.93893,-0.00948
3199.51375,-0.00914
3198.08858,-0.00881
3196.66341,-0.00847
3195.23823,-0.00813
3193.81306,-0.00781
3192.38789,-0.00750
3190.96271,-0.00720
3189.53754,-0.00689
3188.11237,-0.00658
3186.68719,-0.00626
3185.26202,-0.00596
3183.83685,-0.00568
3182.41167,-0.00544
3180.98650,-0.00525
3179.56133,-0.00508
3178.13615,-0.00492
3176.71098,-0.00477
3175.28581,-0.00464
3173.86063,-0.00453
3172.43546,-0.00444
3171.01029,-0.00441
3169.58512,-0.00441
3168.15994,-0.00443
3166.73477,-0.00444
3165.30960,-0.00446
3163.88442,-0.00451
3162.45925,-0.00461
3161.03408,-0.00475
3159.60890,-0.00487
3158.18373,-0.00497
3156.75856,-0.00508
3155.33338,-0.00522
3153.90821,-0.00538
3152.48304,-0.00553
3151.05786,-0.00566
3149.63269,-0.00578
3148.20752,-0.00590
3146.78234,-0.00603
3145.35717,-0.00616
3143.93200,-0.00628
3142.50683,-0.00637
3141.08165,-0.00647
3139.65648,-0.00659
3138.23131,-0.00671
3136.80613,-0.00679
3135.38096,-0.00681
3133.95579,-0.00681
3132.53061,-0.00681
3131.10544,-0.00685
3129.68027,-0.00690
3128.25509,-0.00694
3126.82992,-0.00695
3125.40475,-0.00692
3123.97957,-0.00685
3122.55440,-0.00674
3121.12923,-0.00661
3119.70405,-0.00647
3118.27888,-0.00631
3116.85371,-0.00614
3115.42854,-0.00596
3114.00336,-0.00575
3112.57819,-0.00552
3111.15302,-0.00530
3109.72784,-0.00509
3108.30267,-0.00489
3106.87750,-0.00467
3105.45232,-0.00444
3104.02715,-0.00419
3102.60198,-0.00392
3101.17680,-0.00366
3099.75163,-0.00343
3098.32646,-0.00322
3096.90128,-0.00301
3095.47611,-0.00280
3094.05094,-0.00261
3092.62576,-0.00244
3091.20059,-0.00227
3089.77542,-0.00211
3088.35025,-0.00195
3086.92507,-0.00181
3085.49990,-0.00169
3084.07473,-0.00161
3082.64955,-0.00156
3081.22438,-0.00148
3079.79921,-0.00135
3078.37403,-0.00121
3076.94886,-0.00111
3075.52369,-0.00108
3074.09851,-0.00110
3072.67334,-0.00115
3071.24817,-0.00119
3069.82299,-0.00120
3068.39782,-0.00119
3066.97265,-0.00120
3065.54747,-0.00125
3064.12230,-0.00131
3062.69713,-0.00135
3061.27196,-0.00138
3059.84678,-0.00148
3058.42161,-0.00165
3056.99644,-0.00183
3055.57126,-0.00200
3054.14609,-0.00218
3052.72092,-0.00239
3051.29574,-0.00260
3049.87057,-0.00277
3048.44540,-0.00291
3047.02022,-0.00307
3045.59505,-0.00326
3044.16988,-0.00347
3042.74470,-0.00368
3041.31953,-0.00387
3039.89436,-0.00403
3038.46918,-0.00415
3037.04401,-0.00426
3035.61884,-0.00439
3034.19366,-0.00456
3032.76849,-0.00475
3031.34332,-0.00494
3029.91815,-0.00511
3028.49297,-0.00525
3027.06780,-0.00539
3025.64263,-0.00552
3024.21745,-0.00561
3022.79228,-0.00565
3021.36711,-0.00563
3019.94193,-0.00559
3018.51676,-0.00555
3017.09159,-0.00551
3015.66641,-0.00544
3014.24124,-0.00531
3012.81607,-0.00511
3011.39089,-0.00488
3009.96572,-0.00462
3008.54055,-0.00434
3007.11537,-0.00402
3005.69020,-0.00367
3004.26503,-0.00333
3002.83986,-0.00302
3001.41468,-0.00274
2999.98951,-0.00246
2998.56434,-0.00217
2997.13916,-0.00184
2995.71399,-0.00147
2994.28882,-0.00108
2992.86364,-0.00075
2991.43847,-0.00047
2990.01330,-0.00019
2988.58812,0.00014
2987.16295,0.00051
2985.73778,0.00091
2984.31260,0.00132
2982.88743,0.00176
2981.46226,0.00223
2980.03708,0.00270
2978.61191,0.00317
2977.18674,0.00361
2975.76157,0.00402
2974.33639,0.00440
2972.91122,0.00473
2971.48605,0.00500
2970.06087,0.00521
2968.63570,0.00536
2967.21053,0.00545
2965.78535,0.00550
2964.36018,0.00549
2962.93501,0.00541
2961.50983,0.00526
2960.08466,0.00503
2958.65949,0.00468
2957.23431,0.00422
2955.80914,0.00368
2954.38397,0.00308
2952.95879,0.00248
2951.53362,0.00191
2950.10845,0.00139
2948.68328,0.00089
2947.25810,0.00044
2945.83293,0.00005
2944.40776,-0.00025
2942.98258,-0.00051
2941.55741,-0.00077
2940.13224,-0.00103
2938.70706,-0.00126
2937.28189,-0.00143
2935.85672,-0.00156
2934.43154,-0.00171
2933.00637,-0.00191
2931.58120,-0.00221
2930.15602,-0.00256
2928.73085,-0.00289
2927.30568,-0.00319
2925.88050,-0.00345
2924.45533,-0.00371
2923.03016,-0.00394
2921.60498,-0.00418
2920.17981,-0.00441
2918.75464,-0.00462
2917.32947,-0.00475
2915.90429,-0.00482
2914.47912,-0.00486
2913.05395,-0.00492
2911.62877,-0.00501
2910.20360,-0.00510
2908.77843,-0.00516
2907.35325,-0.00519
2905.92808,-0.00520
2904.50291,-0.00519
2903.07773,-0.00512
2901.65256,-0.00500
2900.22739,-0.00484
2898.80221,-0.00465
2897.37704,-0.00445
2895.95187,-0.00424
2894.52669,-0.00405
2893.10152,-0.00386
2891.67635,-0.00365
2890.25118,-0.00341
2888.82600,-0.00312
2887.40083,-0.00282
2885.97566,-0.00254
2884.55048,-0.00229
2883.12531,-0.00206
2881.70014,-0.00184
2880.27496,-0.00161
2878.84979,-0.00136
2877.42462,-0.00109
2875.99944,-0.00086
2874.57427,-0.00069
2873.14910,-0.00064
2871.72392,-0.00074
2870.29875,-0.00097
2868.87358,-0.00127
2867.44840,-0.00156
2866.02323,-0.00185
2864.59806,-0.00216
2863.17289,-0.00252
2861.74771,-0.00295
2860.32254,-0.00341
2858.89737,-0.00384
2857.47219,-0.00419
2856.04702,-0.00452
2854.62185,-0.00489
2853.19667,-0.00533
2851.77150,-0.00578
2850.34633,-0.00621
2848.92115,-0.00661
2847.49598,-0.00702
2846.07081,-0.00746
2844.64563,-0.00792
2843.22046,-0.00834
2841.79529,-0.00870
2840.37011,-0.00901
2838.94494,-0.00934
2837.51977,-0.00970
2836.09460,-0.01005
2834.66942,-0.01035
2833.24425,-0.01061
2831.81908,-0.01087
2830.39390,-0.01115
2828.96873,-0.01143
2827.54356,-0.01172
2826.11838,-0.01202
2824.69321,-0.01233
2823.26804,-0.01263
2821.84286,-0.01290
2820.41769,-0.01316
2818.99252,-0.01341
2817.56734,-0.01366
2816.14217,-0.01389
2814.71700,-0.01411
2813.29182,-0.01435
2811.86665,-0.01458
2810.44148,-0.01477
2809.01631,-0.01489
2807.59113,-0.01495
2806.16596,-0.01499
2804.74079,-0.01504
2803.31561,-0.01507
2801.89044,-0.01505
2800.46527,-0.01500
2799.04009,-0.01496
2797.61492,-0.01495
2796.18975,-0.01492
2794.76457,-0.01486
2793.33940,-0.01478
2791.91423,-0.01472
2790.48905,-0.01472
2789.06388,-0.01480
2787.63871,-0.01498
2786.21353,-0.01525
2784.78836,-0.01554
2783.36319,-0.01582
2781.93801,-0.01612
2780.51284,-0.01653
2779.08767,-0.01711
2777.66250,-0.01781
2776.23732,-0.01858
2774.81215,-0.01937
2773.38698,-0.02024
2771.96180,-0.02124
2770.53663,-0.02239
2769.11146,-0.02361
2767.68628,-0.02489
2766.26111,-0.02630
2764.83594,-0.02794
2763.41076,-0.02986
2761.98559,-0.03205
2760.56042,-0.03453
2759.13524,-0.03729
2757.71007,-0.04029
2756.28490,-0.04347
2754.85972,-0.04679
2753.43455,-0.05033
2752.00938,-0.05421
2750.58421,-0.05848
2749.15903,-0.06307
2747.73386,-0.06778
2746.30869,-0.07249
2744.88351,-0.07717
2743.45834,-0.08184
2742.03317,-0.08645
2740.60799,-0.09088
2739.18282,-0.09497
2737.75765,-0.09861
2736.33247,-0.10171
2734.90730,-0.10422
2733.48213,-0.10614
2732.05695,-0.10741
2730.63178,-0.10798
2729.20661,-0.10797
2727.78143,-0.10755
2726.35626,-0.10676
2724.93109,-0.10548
2723.50592,-0.10370
2722.08074,-0.10157
2720.65557,-0.09918
2719.23040,-0.09644
2717.80522,-0.09332
2716.38005,-0.08990
2714.95488,-0.08622
2713.52970,-0.08229
2712.10453,-0.07809
2710.67936,-0.07362
2709.25418,-0.06891
2707.82901,-0.06404
2706.40384,-0.05904
2704.97866,-0.05390
2703.55349,-0.04861
2702.12832,-0.04326
2700.70314,-0.03785
2699.27797,-0.03235
2697.85280,-0.02674
2696.42763,-0.02107
2695.00245,-0.01543
2693.57728,-0.00992
2692.15211,-0.00455
2690.72693,0.00073
2689.30176,0.00596
2687.87659,0.01106
2686.45141,0.01593
2685.02624,0.02052
2683.60107,0.02482
2682.17589,0.02896
2680.75072,0.03312
2679.32555,0.03737
2677.90037,0.04147
2676.47520,0.04515
2675.05003,0.04835
2673.62485,0.05127
2672.19968,0.05412
2670.77451,0.05688
2669.34934,0.05938
2667.92416,0.06153
2666.49899,0.06339
2665.07382,0.06503
2663.64864,0.06639
2662.22347,0.06738
2660.79830,0.06804
2659.37312,0.06843
2657.94795,0.06854
2656.52278,0.06833
2655.09760,0.06784
2653.67243,0.06727
2652.24726,0.06675
2650.82208,0.06628
2649.39691,0.06574
2647.97174,0.06508
2646.54656,0.06419
2645.12139,0.06296
2643.69622,0.06138
2642.27104,0.05959
2640.84587,0.05776
2639.42070,0.05594
2637.99553,0.05417
2636.57035,0.05247
2635.14518,0.05093
2633.72001,0.04958
2632.29483,0.04845
2630.86966,0.04750
2629.44449,0.04665
2628.01931,0.04580
2626.59414,0.04486
2625.16897,0.04391
2623.74379,0.04310
2622.31862,0.04253
2620.89345,0.04225
2619.46827,0.04218
2618.04310,0.04232
2616.61793,0.04275
2615.19275,0.04350
2613.76758,0.04448
2612.34241,0.04557
2610.91724,0.04680
2609.49206,0.04823
2608.06689,0.04987
2606.64172,0.05172
2605.21654,0.05373
2603.79137,0.05585
2602.36620,0.05813
2600.94102,0.06063
2599.51585,0.06334
2598.09068,0.06606
2596.66550,0.06876
2595.24033,0.07161
2593.81516,0.07475
2592.38998,0.07801
2590.96481,0.08108
2589.53964,0.08395
2588.11446,0.08684
2586.68929,0.08983
2585.26412,0.09268
2583.83895,0.09516
2582.41377,0.09730
2580.98860,0.09940
2579.56343,0.10171
2578.13825,0.10415
2576.71308,0.10640
2575.28791,0.10825
2573.86273,0.10976
2572.43756,0.11105
2571.01239,0.11217
2569.58721,0.11311
2568.16204,0.11386
2566.73687,0.11434
2565.31169,0.11451
2563.88652,0.11447
2562.46135,0.11440
2561.03617,0.11431
2559.61100,0.11404
2558.18583,0.11345
2556.76066,0.11257
2555.33548,0.11155
2553.91031,0.11050
2552.48514,0.10939
2551.05996,0.10808
2549.63479,0.10641
2548.20962,0.10444
2546.78444,0.10238
2545.35927,0.10034
2543.93410,0.09830
2542.50892,0.09628
2541.08375,0.09441
2539.65858,0.09263
2538.23340,0.09078
2536.80823,0.08883
2535.38306,0.08698
2533.95788,0.08531
2532.53271,0.08378
2531.10754,0.08231
2529.68237,0.08092
2528.25719,0.07968
2526.83202,0.07866
2525.40685,0.07791
2523.98167,0.07734
2522.55650,0.07680
2521.13133,0.07632
2519.70615,0.07613
2518.28098,0.07633
2516.85581,0.07678
2515.43063,0.07733
2514.00546,0.07802
2512.58029,0.07889
2511.15511,0.07994
2509.72994,0.08118
2508.30477,0.08257
2506.87959,0.08404
2505.45442,0.08562
2504.02925,0.08743
2502.60407,0.08956
2501.17890,0.09187
2499.75373,0.09416
2498.32856,0.09638
2496.90338,0.09864
2495.47821,0.10102
2494.05304,0.10336
2492.62786,0.10547
2491.20269,0.10740
2489.77752,0.10937
2488.35234,0.11138
2486.92717,0.11318
2485.50200,0.11465
2484.07682,0.11601
2482.65165,0.11745
2481.22648,0.11884
2479.80130,0.11989
2478.37613,0.12044
2476.95096,0.12050
2475.52578,0.12019
2474.10061,0.11976
2472.67544,0.11932
2471.25027,0.11870
2469.82509,0.11763
2468.39992,0.11607
2466.97475,0.11426
2465.54957,0.11234
2464.12440,0.11020
2462.69923,0.10780
2461.27405,0.10528
2459.84888,0.10275
2458.42371,0.10006
2456.99853,0.09711
2455.57336,0.09396
2454.14819,0.09071
2452.72301,0.08732
2451.29784,0.08375
2449.87267,0.08014
2448.44749,0.07667
2447.02232,0.07332
2445.59715,0.06987
2444.17198,0.06626
2442.74680,0.06267
2441.32163,0.05929
2439.89646,0.05614
2438.47128,0.05316
2437.04611,0.05030
2435.62094,0.04756
2434.19576,0.04504
2432.77059,0.04277
2431.34542,0.04062
2429.92024,0.03862
2428.49507,0.03697
2427.06990,0.03568
2425.64472,0.03449
2424.21955,0.03327
2422.79438,0.03221
2421.36920,0.03137
2419.94403,0.03063
2418.51886,0.02990
2417.09369,0.02931
2415.66851,0.02907
2414.24334,0.02919
2412.81817,0.02943
2411.39299,0.02958
2409.96782,0.02968
2408.54265,0.02995
2407.11747,0.03052
2405.69230,0.03132
2404.26713,0.03213
2402.84195,0.03278
2401.41678,0.03331
2399.99161,0.03385
2398.56643,0.03443
2397.14126,0.03503
2395.71609,0.03569
2394.29091,0.03644
2392.86574,0.03715
2391.44057,0.03762
2390.01540,0.03778
2388.59022,0.03768
2387.16505,0.03742
2385.73988,0.03708
2384.31470,0.03654
2382.88953,0.03558
2381.46436,0.03423
2380.03918,0.03289
2378.61401,0.03202
2377.18884,0.03167
2375.76366,0.03141
2374.33849,0.03078
2372.91332,0.02945
2371.48814,0.02739
2370.06297,0.02498
2368.63780,0.02286
2367.21262,0.02124
2365.78745,0.01967
2364.36228,0.01787
2362.93710,0.01599
2361.51193,0.01430
2360.08676,0.01288
2358.66159,0.01163
2357.23641,0.01008
2355.81124,0.00797
2354.38607,0.00557
2352.96089,0.00270
2351.53572,-0.00162
2350.11055,-0.00767
2348.68537,-0.01455
2347.26020,-0.02079
2345.83503,-0.02497
2344.40985,-0.02683
2342.98468,-0.02790
2341.55951,-0.02984
2340.13433,-0.03289
2338.70916,-0.03616
2337.28399,-0.03878
2335.85881,-0.04094
2334.43364,-0.04350
2333.00847,-0.04659
2331.58330,-0.04945
2330.15812,-0.05155
2328.73295,-0.05326
2327.30778,-0.05511
2325.88260,-0.05727
2324.45743,-0.05961
2323.03226,-0.06175
2321.60708,-0.06336
2320.18191,-0.06454
2318.75674,-0.06567
2317.33156,-0.06702
2315.90639,-0.06850
2314.48122,-0.06989
2313.05604,-0.07101
2311.63087,-0.07177
2310.20570,-0.07212
2308.78052,-0.07218
2307.35535,-0.07214
2305.93018,-0.07218
2304.50501,-0.07227
2303.07983,-0.07236
2301.65466,-0.07249
2300.22949,-0.07265
2298.80431,-0.07273
2297.37914,-0.07254
2295.95397,-0.07198
2294.52879,-0.07109
2293.10362,-0.07006
2291.67845,-0.06904
2290.25327,-0.06812
2288.82810,-0.06727
2287.40293,-0.06650
2285.97775,-0.06584
2284.55258,-0.06531
2283.12741,-0.06485
2281.70223,-0.06438
2280.27706,-0.06381
2278.85189,-0.06311
2277.42672,-0.06230
2276.00154,-0.06145
2274.57637,-0.06071
2273.15120,-0.06029
2271.72602,-0.06026
2270.30085,-0.06043
2268.87568,-0.06055
2267.45050,-0.06059
2266.02533,-0.06067
2264.60016,-0.06084
2263.17498,-0.06105
2261.74981,-0.06136
2260.32464,-0.06187
2258.89946,-0.06259
2257.47429,-0.06341
2256.04912,-0.06421
2254.62394,-0.06497
2253.19877,-0.06573
2251.77360,-0.06650
2250.34843,-0.06728
2248.92325,-0.06804
2247.49808,-0.06888
2246.07291,-0.06983
2244.64773,-0.07084
2243.22256,-0.07182
2241.79739,-0.07269
2240.37221,-0.07344
2238.94704,-0.07408
2237.52187,-0.07469
2236.09669,-0.07533
2234.67152,-0.07599
2233.24635,-0.07660
2231.82117,-0.07708
2230.39600,-0.07738
2228.97083,-0.07751
2227.54565,-0.07748
2226.12048,-0.07737
2224.69531,-0.07719
2223.27013,-0.07690
2221.84496,-0.07646
2220.41979,-0.07591
2218.99462,-0.07529
2217.56944,-0.07460
2216.14427,-0.07381
2214.71910,-0.07293
2213.29392,-0.07194
2211.86875,-0.07084
2210.44358,-0.06964
2209.01840,-0.06833
2207.59323,-0.06695
2206.16806,-0.06551
2204.74288,-0.06402
2203.31771,-0.06248
2201.89254,-0.06090
2200.46736,-0.05930
2199.04219,-0.05768
2197.61702,-0.05597
2196.19184,-0.05412
2194.76667,-0.05218
2193.34150,-0.05027
2191.91633,-0.04843
2190.49115,-0.04662
2189.06598,-0.04485
2187.64081,-0.04314
2186.21563,-0.04147
2184.79046,-0.03980
2183.36529,-0.03815
2181.94011,-0.03660
2180.51494,-0.03520
2179.08977,-0.03392
2177.66459,-0.03272
2176.23942,-0.03156
2174.81425,-0.03046
2173.38907,-0.02943
2171.96390,-0.02844
2170.53873,-0.02748
2169.11355,-0.02656
2167.68838,-0.02566
2166.26321,-0.02482
2164.83804,-0.02408
2163.41286,-0.02346
2161.98769,-0.02294
2160.56252,-0.02245
2159.13734,-0.02200
2157.71217,-0.02162
2156.28700,-0.02130
2154.86182,-0.02104
2153.43665,-0.02085
2152.01148,-0.02074
2150.58630,-0.02069
2149.16113,-0.02065
2147.73596,-0.02059
2146.31078,-0.02054
2144.88561,-0.02052
2143.46044,-0.02054
2142.03526,-0.02059
2140.61009,-0.02067
2139.18492,-0.02072
2137.75975,-0.02073
2136.33457,-0.02071
2134.90940,-0.02073
2133.48423,-0.02078
2132.05905,-0.02081
2130.63388,-0.02081
2129.20871,-0.02076
2127.78353,-0.02071
2126.35836,-0.02066
2124.93319,-0.02060
2123.50801,-0.02051
2122.08284,-0.02034
2120.65767,-0.02011
2119.23249,-0.01989
2117.80732,-0.01971
2116.38215,-0.01952
2114.95697,-0.01926
2113.53180,-0.01894
2112.10663,-0.01860
2110.68146,-0.01828
2109.25628,-0.01792
2107.83111,-0.01752
2106.40594,-0.01710
2104.98076,-0.01668
2103.55559,-0.01625
2102.13042,-0.01579
2100.70524,-0.01531
2099.28007,-0.01481
2097.85490,-0.01428
2096.42972,-0.01370
2095.00455,-0.01310
2093.57938,-0.01250
2092.15420,-0.01193
2090.72903,-0.01139
2089.30386,-0.01087
2087.87868,-0.01035
2086.45351,-0.00983
2085.02834,-0.00930
2083.60316,-0.00877
2082.17799,-0.00824
2080.75282,-0.00777
2079.32765,-0.00737
2077.90247,-0.00701
2076.47730,-0.00665
2075.05213,-0.00628
2073.62695,-0.00591
2072.20178,-0.00557
2070.77661,-0.00526
2069.35143,-0.00500
2067.92626,-0.00476
2066.50109,-0.00453
2065.07591,-0.00431
2063.65074,-0.00412
2062.22557,-0.00397
2060.80039,-0.00386
2059.37522,-0.00377
2057.95005,-0.00371
2056.52487,-0.00368
2055.09970,-0.00369
2053.67453,-0.00374
2052.24936,-0.00380
2050.82418,-0.00388
2049.39901,-0.00397
2047.97384,-0.00407
2046.54866,-0.00419
2045.12349,-0.00434
2043.69832,-0.00451
2042.27314,-0.00469
2040.84797,-0.00486
2039.42280,-0.00503
2037.99762,-0.00523
2036.57245,-0.00545
2035.14728,-0.00567
2033.72210,-0.00590
2032.29693,-0.00614
2030.87176,-0.00639
2029.44658,-0.00660
2028.02141,-0.00677
2026.59624,-0.00693
2025.17107,-0.00707
2023.74589,-0.00720
2022.32072,-0.00734
2020.89555,-0.00747
2019.47037,-0.00757
2018.04520,-0.00762
2016.62003,-0.00761
2015.19485,-0.00759
2013.76968,-0.00758
2012.34451,-0.00758
2010.91933,-0.00757
2009.49416,-0.00754
2008.06899,-0.00747
2006.64381,-0.00737
2005.21864,-0.00728
2003.79347,-0.00718
2002.36829,-0.00704
2000.94312,-0.00684
1999.51795,-0.00660
1998.09278,-0.00635
1996.66760,-0.00611
1995.24243,-0.00587
1993.81726,-0.00561
1992.39208,-0.00531
1990.96691,-0.00502
1989.54174,-0.00475
1988.11656,-0.00451
1986.69139,-0.00426
1985.26622,-0.00398
1983.84104,-0.00367
1982.41587,-0.00336
1980.99070,-0.00307
1979.56552,-0.00281
1978.14035,-0.00259
1976.71518,-0.00241
1975.29000,-0.00225
1973.86483,-0.00211
1972.43966,-0.00195
1971.01449,-0.00179
1969.58931,-0.00163
1968.16414,-0.00147
1966.73897,-0.00134
1965.31379,-0.00125
1963.88862,-0.00120
1962.46345,-0.00117
1961.03827,-0.00116
1959.61310,-0.00113
1958.18793,-0.00111
1956.76275,-0.00109
1955.33758,-0.00108
1953.91241,-0.00112
1952.48723,-0.00121
1951.06206,-0.00134
1949.63689,-0.00151
1948.21171,-0.00167
1946.78654,-0.00181
1945.36137,-0.00194
1943.93619,-0.00209
1942.51102,-0.00227
1941.08585,-0.00249
1939.66068,-0.00271
1938.23550,-0.00291
1936.81033,-0.00312
1935.38516,-0.00336
1933.95998,-0.00363
1932.53481,-0.00391
1931.10964,-0.00415
1929.68446,-0.00436
1928.25929,-0.00456
1926.83412,-0.00474
1925.40894,-0.00492
1923.98377,-0.00509
1922.55860,-0.00527
1921.13342,-0.00547
1919.70825,-0.00566
1918.28308,-0.00581
1916.85790,-0.00593
1915.43273,-0.00605
1914.00756,-0.00617
1912.58239,-0.00627
1911.15721,-0.00634
1909.73204,-0.00639
1908.30687,-0.00639
1906.88169,-0.00636
1905.45652,-0.00633
1904.03135,-0.00630
1902.60617,-0.00628
1901.18100,-0.00623
1899.75583,-0.00615
1898.33065,-0.00606
1896.90548,-0.00598
1895.48031,-0.00591
1894.05513,-0.00582
1892.62996,-0.00568
1891.20479,-0.00547
1889.77961,-0.00521
1888.35444,-0.00495
1886.92927,-0.00471
1885.50410,-0.00448
1884.07892,-0.00425
1882.65375,-0.00402
1881.22858,-0.00379
1879.80340,-0.00355
1878.37823,-0.00330
1876.95306,-0.00308
1875.52788,-0.00288
1874.10271,-0.00270
1872.67754,-0.00255
1871.25236,-0.00239
1869.82719,-0.00220
1868.40202,-0.00197
1866.97684,-0.00178
1865.55167,-0.00166
1864.12650,-0.00159
1862.70132,-0.00153
1861.27615,-0.00147
1859.85098,-0.00142
1858.42581,-0.00139
1857.00063,-0.00139
1855.57546,-0.00144
1854.15029,-0.00150
1852.72511,-0.00158
1851.29994,-0.00168
1849.87477,-0.00181
1848.44959,-0.00197
1847.02442,-0.00212
1845.59925,-0.00225
1844.17407,-0.00236
1842.74890,-0.00251
1841.32373,-0.00272
1839.89855,-0.00298
1838.47338,-0.00325
1837.04821,-0.00354
1835.62303,-0.00385
1834.19786,-0.00417
1832.77269,-0.00447
1831.34751,-0.00473
1829.92234,-0.00497
1828.49717,-0.00521
1827.07200,-0.00546
1825.64682,-0.00570
1824.22165,-0.00593
1822.79648,-0.00617
1821.37130,-0.00641
1819.94613,-0.00661
1818.52096,-0.00674
1817.09578,-0.00685
1815.67061,-0.00698
1814.24544,-0.00713
1812.82026,-0.00726
1811.39509,-0.00734
1809.96992,-0.00739
1808.54474,-0.00741
1807.11957,-0.00742
1805.69440,-0.00741
1804.26922,-0.00737
1802.84405,-0.00730
1801.41888,-0.00720
1799.99371,-0.00710
1798.56853,-0.00703
1797.14336,-0.00698
1795.71819,-0.00692
1794.29301,-0.00680
1792.86784,-0.00656
1791.44267,-0.00625
1790.01749,-0.00598
1788.59232,-0.00580
1787.16715,-0.00564
1785.74197,-0.00542
1784.31680,-0.00514
1782.89163,-0.00486
1781.46645,-0.00459
1780.04128,-0.00434
1778.61611,-0.00411
1777.19093,-0.00393
1775.76576,-0.00379
1774.34059,-0.00356
1772.91542,-0.00320
1771.49024,-0.00279
1770.06507,-0.00248
1768.63990,-0.00228
1767.21472,-0.00215
1765.78955,-0.00206
1764.36438,-0.00198
1762.93920,-0.00184
1761.51403,-0.00166
1760.08886,-0.00150
1758.66368,-0.00136
1757.23851,-0.00122
1755.81334,-0.00108
1754.38816,-0.00098
1752.96299,-0.00087
1751.53782,-0.00064
1750.11264,-0.00032
1748.68747,-0.00008
1747.26230,0.00007
1745.83713,0.00017
1744.41195,0.00026
1742.98678,0.00036
1741.56161,0.00048
1740.13643,0.00061
1738.71126,0.00070
1737.28609,0.00069
1735.86091,0.00066
1734.43574,0.00074
1733.01057,0.00083
1731.58539,0.00077
1730.16022,0.00059
1728.73505,0.00041
1727.30987,0.00025
1725.88470,0.00009
1724.45953,-0.00006
1723.03435,-0.00024
1721.60918,-0.00044
1720.18401,-0.00059
1718.75884,-0.00059
1717.33366,-0.00042
1715.90849,-0.00026
1714.48332,-0.00025
1713.05814,-0.00031
1711.63297,-0.00033
1710.20780,-0.00033
1708.78262,-0.00031
1707.35745,-0.00022
1705.93228,-0.00004
1704.50710,0.00012
1703.08193,0.00024
1701.65676,0.00044
1700.23158,0.00084
1698.80641,0.00129
1697.38124,0.00169
1695.95606,0.00218
1694.53089,0.00275
1693.10572,0.00323
1691.68054,0.00375
1690.25537,0.00451
1688.83020,0.00544
1687.40503,0.00643
1685.97985,0.00785
1684.55468,0.01017
1683.12951,0.01275
1681.70433,0.01469
1680.27916,0.01620
1678.85399,0.01772
1677.42881,0.01958
1676.00364,0.02200
1674.57847,0.02473
1673.15329,0.02725
1671.72812,0.02975
1670.30295,0.03284
1668.87777,0.03642
1667.45260,0.03961
1666.02743,0.04217
1664.60225,0.04457
1663.17708,0.04699
1661.75191,0.04899
1660.32674,0.05019
1658.90156,0.05073
1657.47639,0.05089
1656.05122,0.05100
1654.62604,0.05160
1653.20087,0.05309
1651.77570,0.05457
1650.35052,0.05545
1648.92535,0.05655
1647.50018,0.05886
1646.07500,0.06235
1644.64983,0.06589
1643.22466,0.06913
1641.79948,0.07255
1640.37431,0.07632
1638.94914,0.08046
1637.52396,0.08572
1636.09879,0.09319
1634.67362,0.10177
1633.24845,0.10915
1631.82327,0.11548
1630.39810,0.12210
1628.97293,0.12950
1627.54775,0.13671
1626.12258,0.14207
1624.69741,0.14425
1623.27223,0.14234
1621.84706,0.13669
1620.42189,0.12879
1618.99671,0.11902
1617.57154,0.10662
1616.14637,0.09275
1614.72119,0.08050
1613.29602,0.07053
1611.87085,0.06157
1610.44567,0.05296
1609.02050,0.04490
1607.59533,0.03774
1606.17016,0.03160
1604.74498,0.02641
1603.31981,0.02197
1601.89464,0.01816
1600.46946,0.01495
1599.04429,0.01229
1597.61912,0.01010
1596.19394,0.00829
1594.76877,0.00678
1593.34360,0.00556
1591.91842,0.00454
1590.49325,0.00366
1589.06808,0.00291
1587.64290,0.00231
1586.21773,0.00182
1584.79256,0.00139
1583.36738,0.00095
1581.94221,0.00042
1580.51704,-0.00017
1579.09187,-0.00075
1577.66669,-0.00114
1576.24152,-0.00132
1574.81635,-0.00154
1573.39117,-0.00201
1571.96600,-0.00253
1570.54083,-0.00283
1569.11565,-0.00295
1567.69048,-0.00313
1566.26531,-0.00345
1564.84013,-0.00386
1563.41496,-0.00436
1561.98979,-0.00486
1560.56461,-0.00499
1559.13944,-0.00439
1557.71427,-0.00377
1556.28909,-0.00384
1554.86392,-0.00422
1553.43875,-0.00461
1552.01357,-0.00496
1550.58840,-0.00527
1549.16323,-0.00555
1547.73806,-0.00586
1546.31288,-0.00626
1544.88771,-0.00673
1543.46254,-0.00719
1542.03736,-0.00749
1540.61219,-0.00747
1539.18702,-0.00754
1537.76184,-0.00814
1536.33667,-0.00906
1534.91150,-0.00988
1533.48632,-0.01044
1532.06115,-0.01092
1530.63598,-0.01150
1529.21080,-0.01215
1527.78563,-0.01269
1526.36046,-0.01309
1524.93528,-0.01342
1523.51011,-0.01358
1522.08494,-0.01325
1520.65977,-0.01245
1519.23459,-0.01155
1517.80942,-0.01078
1516.38425,-0.01042
1514.95907,-0.01089
1513.53390,-0.01226
1512.10873,-0.01414
1510.68355,-0.01609
1509.25838,-0.01769
1507.83321,-0.01860
1506.40803,-0.01897
1504.98286,-0.01957
1503.55769,-0.02055
1502.13251,-0.02152
1500.70734,-0.02220
1499.28217,-0.02251
1497.85699,-0.02256
1496.43182,-0.02264
1495.00665,-0.02297
1493.58148,-0.02351
1492.15630,-0.02393
1490.73113,-0.02394
1489.30596,-0.02353
1487.88078,-0.02307
1486.45561,-0.02277
1485.03044,-0.02250
1483.60526,-0.02205
1482.18009,-0.02131
1480.75492,-0.02039
1479.32974,-0.01942
1477.90457,-0.01840
1476.47940,-0.01717
1475.05422,-0.01558
1473.62905,-0.01349
1472.20388,-0.01126
1470.77870,-0.00973
1469.35353,-0.00911
1467.92836,-0.00882
1466.50319,-0.00822
1465.07801,-0.00716
1463.65284,-0.00614
1462.22767,-0.00563
1460.80249,-0.00545
1459.37732,-0.00480
1457.95215,-0.00283
1456.52697,-0.00006
1455.10180,0.00180
1453.67663,0.00264
1452.25145,0.00325
1450.82628,0.00402
1449.40111,0.00506
1447.97593,0.00633
1446.55076,0.00761
1445.12559,0.00861
1443.70041,0.00929
1442.27524,0.00968
1440.85007,0.00978
1439.42490,0.00973
1437.99972,0.00979
1436.57455,0.00994
1435.14938,0.00962
1433.72420,0.00862
1432.29903,0.00723
1430.87386,0.00579
1429.44868,0.00440
1428.02351,0.00306
1426.59834,0.00175
1425.17316,0.00044
1423.74799,-0.00092
1422.32282,-0.00228
1420.89764,-0.00346
1419.47247,-0.00434
1418.04730,-0.00503
1416.62212,-0.00579
1415.19695,-0.00661
1413.77178,-0.00736
1412.34660,-0.00796
1410.92143,-0.00839
1409.49626,-0.00868
1408.07109,-0.00889
1406.64591,-0.00905
1405.22074,-0.00916
1403.79557,-0.00927
1402.37039,-0.00941
1400.94522,-0.00950
1399.52005,-0.00946
1398.09487,-0.00929
1396.66970,-0.00899
1395.24453,-0.00856
1393.81935,-0.00810
1392.39418,-0.00773
1390.96901,-0.00744
1389.54383,-0.00709
1388.11866,-0.00663
1386.69349,-0.00614
1385.26831,-0.00575
1383.84314,-0.00545
1382.41797,-0.00515
1380.99280,-0.00478
1379.56762,-0.00436
1378.14245,-0.00392
1376.71728,-0.00346
1375.29210,-0.00291
1373.86693,-0.00230
1372.44176,-0.00173
1371.01658,-0.00128
1369.59141,-0.00094
1368.16624,-0.00071
1366.74106,-0.00060
1365.31589,-0.00057
1363.89072,-0.00053
1362.46554,-0.00044
1361.04037,-0.00035
1359.61520,-0.00033
1358.19002,-0.00038
1356.76485,-0.00046
1355.33968,-0.00052
1353.91451,-0.00051
1352.48933,-0.00047
1351.06416,-0.00046
1349.63899,-0.00047
1348.21381,-0.00048
1346.78864,-0.00052
1345.36347,-0.00063
1343.93829,-0.00080
1342.51312,-0.00094
1341.08795,-0.00104
1339.66277,-0.00115
1338.23760,-0.00139
1336.81243,-0.00180
1335.38725,-0.00231
1333.96208,-0.00284
1332.53691,-0.00338
1331.11173,-0.00390
1329.68656,-0.00438
1328.26139,-0.00484
1326.83622,-0.00530
1325.41104,-0.00578
1323.98587,-0.00622
1322.56070,-0.00662
1321.13552,-0.00698
1319.71035,-0.00735
1318.28518,-0.00775
1316.86000,-0.00817
1315.43483,-0.00858
1314.00966,-0.00901
1312.58448,-0.00945
1311.15931,-0.00989
1309.73414,-0.01029
1308.30896,-0.01071
1306.88379,-0.01117
1305.45862,-0.01167
1304.03344,-0.01216
1302.60827,-0.01264
1301.18310,-0.01317
1299.75793,-0.01377
1298.33275,-0.01443
1296.90758,-0.01511
1295.48241,-0.01580
1294.05723,-0.01649
1292.63206,-0.01719
1291.20689,-0.01791
1289.78171,-0.01863
1288.35654,-0.01932
1286.93137,-0.01998
1285.50619,-0.02066
1284.08102,-0.02144
1282.65585,-0.02228
1281.23067,-0.02311
1279.80550,-0.02391
1278.38033,-0.02472
1276.95515,-0.02557
1275.52998,-0.02642
1274.10481,-0.02731
1272.67963,-0.02833
1271.25446,-0.02958
1269.82929,-0.03102
1268.40412,-0.03253
1266.97894,-0.03407
1265.55377,-0.03575
1264.12860,-0.03768
1262.70342,-0.03980
1261.27825,-0.04201
1259.85308,-0.04427
1258.42790,-0.04670
1257.00273,-0.04937
1255.57756,-0.05230
1254.15238,-0.05546
1252.72721,-0.05883
1251.30204,-0.06236
1249.87686,-0.06584
1248.45169,-0.06905
1247.02652,-0.07189
1245.60134,-0.07445
1244.17617,-0.07686
1242.75100,-0.07902
1241.32583,-0.08063
1239.90065,-0.08160
1238.47548,-0.08221
1237.05031,-0.08271
1235.62513,-0.08305
1234.19996,-0.08293
1232.77479,-0.08215
1231.34961,-0.08079
1229.92444,-0.07926
1228.49927,-0.07795
1227.07409,-0.07683
1225.64892,-0.07552
1224.22375,-0.07364
1222.79857,-0.07114
1221.37340,-0.06843
1219.94823,-0.06603
1218.52305,-0.06422
1217.09788,-0.06290
1215.67271,-0.06174
1214.24754,-0.06047
1212.82236,-0.05899
1211.39719,-0.05742
1209.97202,-0.05611
1208.54684,-0.05534
1207.12167,-0.05521
1205.69650,-0.05566
1204.27132,-0.05662
1202.84615,-0.05810
1201.42098,-0.06012
1199.99580,-0.06266
1198.57063,-0.06553
1197.14546,-0.06855
1195.72028,-0.07167
1194.29511,-0.07481
1192.86994,-0.07773
1191.44476,-0.08037
1190.01959,-0.08297
1188.59442,-0.08573
1187.16925,-0.08841
1185.74407,-0.09063
1184.31890,-0.09213
1182.89373,-0.09294
1181.46855,-0.09334
1180.04338,-0.09364
1178.61821,-0.09394
1177.19303,-0.09404
1175.76786,-0.09352
1174.34269,-0.09214
1172.91751,-0.09009
1171.49234,-0.08782
1170.06717,-0.08559
1168.64199,-0.08335
1167.21682,-0.08105
1165.79165,-0.07874
1164.36647,-0.07641
1162.94130,-0.07387
1161.51613,-0.07105
1160.09096,-0.06821
1158.66578,-0.06574
1157.24061,-0.06375
1155.81544,-0.06194
1154.39026,-0.06000
1152.96509,-0.05783
1151.53992,-0.05558
1150.11474,-0.05343
1148.68957,-0.05160
1147.26440,-0.05027
1145.83922,-0.04945
1144.41405,-0.04880
1142.98888,-0.04789
1141.56370,-0.04659
1140.13853,-0.04522
1138.71336,-0.04419
1137.28818,-0.04351
1135.86301,-0.04289
1134.43784,-0.04225
1133.01266,-0.04177
1131.58749,-0.04153
1130.16232,-0.04133
1128.73715,-0.04096
1127.31197,-0.04041
1125.88680,-0.03978
1124.46163,-0.03919
1123.03645,-0.03872
1121.61128,-0.03833
1120.18611,-0.03803
1118.76093,-0.03787
1117.33576,-0.03777
1115.91059,-0.03760
1114.48541,-0.03738
1113.06024,-0.03711
1111.63507,-0.03673
1110.20989,-0.03630
1108.78472,-0.03610
1107.35955,-0.03626
1105.93437,-0.03656
1104.50920,-0.03669
1103.08403,-0.03664
1101.65886,-0.03654
1100.23368,-0.03645
1098.80851,-0.03630
1097.38334,-0.03612
1095.95816,-0.03607
1094.53299,-0.03620
1093.10782,-0.03635
1091.68264,-0.03631
1090.25747,-0.03607
1088.83230,-0.03571
1087.40712,-0.03527
1085.98195,-0.03475
1084.55678,-0.03425
1083.13160,-0.03391
1081.70643,-0.03378
1080.28126,-0.03376
1078.85608,-0.03360
1077.43091,-0.03317
1076.00574,-0.03254
1074.58057,-0.03183
1073.15539,-0.03106
1071.73022,-0.03036
1070.30505,-0.03013
1068.87987,-0.03051
1067.45470,-0.03105
1066.02953,-0.03123
1064.60435,-0.03114
1063.17918,-0.03124
1061.75401,-0.03159
1060.32883,-0.03169
1058.90366,-0.03125
1057.47849,-0.03036
1056.05331,-0.02925
1054.62814,-0.02816
1053.20297,-0.02742
1051.77779,-0.02733
1050.35262,-0.02788
1048.92745,-0.02882
1047.50228,-0.02974
1046.07710,-0.03010
1044.65193,-0.02967
1043.22676,-0.02904
1041.80158,-0.02900
1040.37641,-0.02959
1038.95124,-0.03021
1037.52606,-0.03051
1036.10089,-0.03058
1034.67572,-0.03055
1033.25054,-0.03046
1031.82537,-0.03044
1030.40020,-0.03057
1028.97502,-0.03072
1027.54985,-0.03061
1026.12468,-0.03016
1024.69950,-0.02971
1023.27433,-0.02977
1021.84916,-0.03053
1020.42399,-0.03172
1018.99881,-0.03267
1017.57364,-0.03255
1016.14847,-0.03116
1014.72329,-0.02955
1013.29812,-0.02907
1011.87295,-0.02983
1010.44777,-0.03095
1009.02260,-0.03209
1007.59743,-0.03364
1006.17225,-0.03515
1004.74708,-0.03520
1003.32191,-0.03326
1001.89673,-0.03081
1000.47156,-0.02968
999.04639,-0.02995
997.62121,-0.03036
996.19604,-0.03009
994.77087,-0.02968
993.34569,-0.03044
991.92052,-0.03295
990.49535,-0.03581
989.07018,-0.03683
987.64500,-0.03576
986.21983,-0.03409
984.79466,-0.03237
983.36948,-0.03039
981.94431,-0.02905
980.51914,-0.02939
979.09396,-0.03046
977.66879,-0.03051
976.24362,-0.02955
974.81844,-0.02943
973.39327,-0.03191
971.96810,-0.03702
970.54292,-0.04212
969.11775,-0.04306
967.69258,-0.03861
966.26740,-0.03277
964.84223,-0.03048
963.41706,-0.03199
961.99189,-0.03372
960.56671,-0.03468
959.14154,-0.03824
957.71637,-0.04561
956.29119,-0.05107
954.86602,-0.04733
953.44085,-0.03422
952.01567,-0.01998
950.59050,-0.01471
949.16533,-0.02159
947.74015,-0.03409
946.31498,-0.04361
944.88981,-0.04802
943.46463,-0.05185
942.03946,-0.05771
940.61429,-0.05841
939.18911,-0.04436
937.76394,-0.01861
936.33877,-0.00061
934.91360,-0.01243
933.48842,-0.05108
932.06325,-0.08941
930.63808,-0.10643
929.21290,-0.09889
927.78773,-0.07222
926.36256,-0.03548
924.93738,0.00542
923.51221,0.04219
922.08704,0.05268
920.66186,0.02624
919.23669,-0.01825
917.81152,-0.04589
916.38634,-0.04278
914.96117,-0.03736
913.53600,-0.05961
912.11082,-0.06327
910.68565,0.00730
909.26048,0.11486
907.83531,0.18814
906.41013,0.18081
904.98496,0.08422
903.55979,0.00356
902.13461,-0.01844
900.70944,0.00334
899.28427,0.03404
897.85909,-0.03886
896.43392,-0.09616
895.00875,-0.09999
893.58357,-0.06951
892.15840,-0.00007
890.73323,0.01417
889.30805,-0.08447
887.88288,-0.24546
886.45771,-0.20848
885.03253,-0.08866
883.60736,0.06594
882.18219,0.30015
880.75701,0.43732
879.33184,0.43395
877.90667,0.30592
876.48150,0.24725
875.05632,0.30139
873.63115,0.31149
872.20598,0.17433
870.78080,0.06356
869.35563,-0.01369
867.93046,-0.02419
866.50528,0.04557
865.08011,0.03889
863.65494,-0.10969
862.22976,-0.25252
860.80459,-0.50605
859.37942,-0.48574
857.95424,-0.17195
856.52907,-0.07511
855.10390,-0.07015
853.67872,-0.12309
852.25355,-0.22751
850.82838,-0.25926
849.40321,0.39987
847.97803,0.54418
846.55286,0.26624
845.12769,0.15597
843.70251,0.35768
842.27734,0.57779
840.85217,0.62120
839.42699,0.46732
838.00182,0.26651
836.57665,0.16885
835.15147,0.17455
833.72630,-0.02549
832.30113,-0.14751
830.87595,-0.19853
829.45078,-0.24786
828.02561,-0.20448
826.60043,0.06936
825.17526,0.05065
823.75009,-0.08714
822.32492,0.09681
820.89974,0.41633
819.47457,0.61372
818.04940,0.62183
816.62422,0.41693
815.19905,0.27182
813.77388,0.24417
812.34870,-0.05082
810.92353,-0.15020
809.49836,0.04280
808.07318,0.18731
806.64801,0.17257
805.22284,0.05257
803.79766,0.18919
802.37249,0.14701
800.94732,0.00475
799.52214,-0.06147
798.09697,-0.05246
796.67180,0.10425
795.24663,0.10760
793.82145,-0.03244
792.39628,0.07771
790.97111,0.28914
789.54593,0.49588
788.12076,0.55375
786.69559,0.16666
785.27041,-0.06485
783.84524,-0.09985
782.42007,0.09333
780.99489,0.23390
779.56972,0.27146
778.14455,0.13237
776.71937,-0.03669
775.29420,-0.08772
773.86903,-0.03754
772.44385,0.04512
771.01868,0.14962
769.59351,0.22512
768.16834,0.31036
766.74316,0.42178
765.31799,0.57077
763.89282,0.56052
762.46764,0.31774
761.04247,0.14385
759.61730,0.13391
758.19212,0.43284
756.76695,0.45175
755.34178,0.28786
753.91660,0.26680
752.49143,0.25866
751.06626,0.08930
749.64108,0.08743
748.21591,-0.01314
746.79074,-0.22118
745.36556,-0.14492
743.94039,0.01177
742.51522,-0.02924
741.09004,-0.23503
739.66487,-0.02585
738.23970,0.16077
736.81453,0.18935
735.38935,0.08783
733.96418,-0.09028
732.53901,-0.17921
731.11383,0.02313
729.68866,0.20278
728.26349,0.04450
726.83831,0.05646
725.41314,0.04810
723.98797,0.00479
722.56279,0.03861
721.13762,0.11875
719.71245,0.13884
718.28727,0.09618
716.86210,0.16885
715.43693,0.22271
714.01175,0.06714
712.58658,-0.33821
711.16141,-0.44185
709.73624,-0.11061
708.31106,-0.01022
706.88589,-0.19341
705.46072,-0.22553
704.03554,0.31842
702.61037,0.50041
701.18520,0.50738
699.76002,0.44871
698.33485,0.38967
696.90968,0.30693
695.48450,0.24503
694.05933,0.09917
692.63416,0.05570
691.20898,0.11133
689.78381,-0.01800
688.35864,0.08035
686.93346,0.27645
685.50829,0.04256
684.08312,-0.02578
682.65795,0.02573
681.23277,0.17525
679.80760,0.19012
678.38243,0.10831
676.95725,0.06537
675.53208,0.07469
674.10691,-0.22223
672.68173,-0.29006
671.25656,-0.14615
669.83139,-0.06688
668.40621,0.03283
666.98104,-0.12196
665.55587,-0.07484
664.13069,0.63129
662.70552,0.09456
661.28035,-0.07668
659.85517,-0.16644
658.43000,-0.25825
657.00483,0.00915
655.57966,0.13761
654.15448,0.02412
652.72931,-0.39170
651.30414,-0.57310
649.87896,-0.19293
648.45379,0.11723
647.02862,0.36484
645.60344,0.07425
644.17827,0.00693
642.75310,0.08134
641.32792,0.00285
639.90275,-0.11548
638.47758,-0.20436
637.05240,-0.26796
635.62723,-0.11983
634.20206,0.07358
632.77688,0.34802
631.35171,0.26083
629.92654,-0.02758
628.50137,-0.12536
627.07619,-0.11788
625.65102,-0.23607
624.22585,-0.26748
622.80067,-0.17320
621.37550,0.01291
619.95033,-0.10164
618.52515,-0.19302
617.09998,-0.01439
615.67481,0.12323
614.24963,0.12366
612.82446,-0.06413
611.39929,0.08518
609.97411,0.46068
608.54894,0.35441
607.12377,0.11290
605.69859,0.21888
604.27342,0.45852
602.84825,0.37130
601.42307,0.16344
599.99790,-0.07362
598.57273,-0.32383
597.14756,-0.20712
595.72238,0.23047
594.29721,0.58592
592.87204,0.24126
591.44686,-0.16773
590.02169,-0.47621
588.59652,-0.38219
587.17134,-0.13802
585.74617,0.11158
584.32100,0.26366
582.89582,0.19381
581.47065,0.08817
580.04548,0.01507
578.62030,-0.09551
577.19513,-0.25598
575.76996,-0.05441
574.34478,0.02867
572.91961,-0.01677
571.49444,-0.01560
570.06927,0.02300
568.64409,-0.14014
567.21892,-0.35398
565.79375,-0.06521
564.36857,0.12182
562.94340,0.31294
561.51823,0.09756
560.09305,-0.02358
558.66788,-0.05184
557.24271,0.29041
555.81753,0.11154
554.39236,-0.26068
552.96719,-0.28298
551.54201,-0.29400
550.11684,-0.18279
548.69167,-0.02804
547.26649,0.01576
545.84132,-0.06989
544.41615,-0.31112
542.99098,-0.32317
541.56580,-0.36721
540.14063,-0.23971
538.71546,-0.00366
537.29028,-0.01536
535.86511,0.01398
534.43994,0.16104
533.01476,0.37177
531.58959,0.53372
530.16442,0.19126
528.73924,-0.09141
527.31407,-0.07132
525.88890,-0.04964
524.46372,0.12141
523.03855,0.35516
521.61338,0.46274
520.18820,0.47160
518.76303,0.59189
517.33786,0.62496
515.91269,0.52878
514.48751,0.18985
513.06234,0.03209
511.63717,-0.06801
510.21199,-0.07456
508.78682,0.18582
507.36165,0.27640
505.93647,0.22046
504.51130,0.01947
503.08613,-0.09027
501.66095,0.05823
500.23578,0.09828
498.81061,-0.00553
497.38543,-0.06195
495.96026,0.12419
494.53509,0.31925
493.10991,0.22358
491.68474,0.23643
490.25957,0.30850
488.83440,0.19651
487.40922,-0.02412
485.98405,-0.10645
484.55888,0.08350
483.13370,0.17064
481.70853,0.13216
480.28336,-0.01046
478.85818,-0.06709
477.43301,-0.03228
476.00784,-0.07490
474.58266,-0.12205
473.15749,0.05902
471.73232,-0.03402
470.30714,-0.23359
468.88197,-0.29945
467.45680,-0.23726
466.03162,0.03232
464.60645,0.31631
463.18128,0.27767
461.75610,0.12202
460.33093,-0.07266
458.90576,-0.20224
457.48059,-0.33834
456.05541,-0.36629
454.63024,-0.24705
453.20507,-0.20468
451.77989,-0.00622
450.35472,0.09340
448.92955,0.08558
447.50437,0.09706
446.07920,-0.04980
444.65403,-0.12371
443.22885,0.01586
441.80368,-0.32274
440.37851,-0.48073
438.95333,-0.31433
437.52816,-0.12098
436.10299,-0.30956
434.67781,-0.33868
433.25264,-0.38233
431.82747,-0.44384
430.40230,-0.59435
428.97712,-0.32587
427.55195,-0.11982
426.12678,-0.09746
424.70160,-0.07881
423.27643,0.04179
421.85126,-0.01988
420.42608,-0.16389
419.00091,-0.06526
417.57574,0.05037
416.15056,0.09782
414.72539,0.17507
413.30022,0.07840
411.87504,-0.11074
410.44987,0.02110
409.02470,0.42810
407.59952,0.30599
406.17435,0.18324
404.74918,0.07919
403.32401,-0.21021
401.89883,-0.32211
400.47366,-0.28107
399.04849,-0.30634
