3997.61072,0.00084
3996.18555,0.00083
3994.76038,0.00077
3993.33520,0.00071
3991.91003,0.00071
3990.48486,0.00074
3989.05968,0.00076
3987.63451,0.00076
3986.20934,0.00074
3984.78416,0.00071
3983.35899,0.00069
3981.93382,0.00072
3980.50865,0.00080
3979.08347,0.00092
3977.65830,0.00105
3976.23313,0.00114
3974.80795,0.00120
3973.38278,0.00123
3971.95761,0.00128
3970.53243,0.00133
3969.10726,0.00137
3967.68209,0.00139
3966.25691,0.00138
3964.83174,0.00135
3963.40657,0.00132
3961.98139,0.00133
3960.55622,0.00137
3959.13105,0.00141
3957.70587,0.00144
3956.28070,0.00150
3954.85553,0.00158
3953.43036,0.00166
3952.00518,0.00172
3950.58001,0.00178
3949.15484,0.00182
3947.72966,0.00179
3946.30449,0.00173
3944.87932,0.00169
3943.45414,0.00169
3942.02897,0.00172
3940.60380,0.00175
3939.17862,0.00173
3937.75345,0.00167
3936.32828,0.00162
3934.90310,0.00163
3933.47793,0.00168
3932.05276,0.00167
3930.62758,0.00160
3929.20241,0.00155
3927.77724,0.00156
3926.35207,0.00160
3924.92689,0.00158
3923.50172,0.00146
3922.07655,0.00133
3920.65137,0.00121
3919.22620,0.00110
3917.80103,0.00097
3916.37585,0.00086
3914.95068,0.00083
3913.52551,0.00085
3912.10033,0.00086
3910.67516,0.00082
3909.24999,0.00072
3907.82481,0.00063
3906.39964,0.00061
3904.97447,0.00068
3903.54929,0.00073
3902.12412,0.00070
3900.69895,0.00063
3899.27378,0.00055
3897.84860,0.00051
3896.42343,0.00050
3894.99826,0.00053
3893.57308,0.00059
3892.14791,0.00065
3890.72274,0.00064
3889.29756,0.00060
3887.87239,0.00061
3886.44722,0.00069
3885.02204,0.00075
3883.59687,0.00076
3882.17170,0.00077
3880.74652,0.00080
3879.32135,0.00082
3877.89618,0.00080
3876.47100,0.00079
3875.04583,0.00080
3873.62066,0.00081
3872.19548,0.00080
3870.77031,0.00081
3869.34514,0.00091
3867.91997,0.00107
3866.49479,0.00125
3865.06962,0.00143
3863.64445,0.00154
3862.21927,0.00156
3860.79410,0.00154
3859.36893,0.00152
3857.94375,0.00149
3856.51858,0.00143
3855.09341,0.00136
3853.66823,0.00140
3852.24306,0.00150
3850.81789,0.00155
3849.39271,0.00155
3847.96754,0.00154
3846.54237,0.00155
3845.11719,0.00155
3843.69202,0.00156
3842.26685,0.00163
3840.84168,0.00171
3839.41650,0.00171
3837.99133,0.00159
3836.56616,0.00146
3835.14098,0.00136
3833.71581,0.00127
3832.29064,0.00120
3830.86546,0.00115
3829.44029,0.00111
3828.01512,0.00108
3826.58994,0.00106
3825.16477,0.00105
3823.73960,0.00106
3822.31442,0.00109
3820.88925,0.00108
3819.46408,0.00093
3818.03890,0.00069
3816.61373,0.00048
3815.18856,0.00038
3813.76339,0.00037
3812.33821,0.00038
3810.91304,0.00036
3809.48787,0.00033
3808.06269,0.00030
3806.63752,0.00028
3805.21235,0.00023
3803.78717,0.00021
3802.36200,0.00030
3800.93683,0.00046
3799.51165,0.00055
3798.08648,0.00053
3796.66131,0.00047
3795.23613,0.00044
3793.81096,0.00045
3792.38579,0.00051
3790.96061,0.00060
3789.53544,0.00068
3788.11027,0.00076
3786.68510,0.00083
3785.25992,0.00086
3783.83475,0.00085
3782.40958,0.00085
3780.98440,0.00091
3779.55923,0.00101
3778.13406,0.00110
3776.70888,0.00114
3775.28371,0.00116
3773.85854,0.00120
3772.43336,0.00128
3771.00819,0.00137
3769.58302,0.00142
3768.15784,0.00141
3766.73267,0.00137
3765.30750,0.00133
3763.88232,0.00132
3762.45715,0.00134
3761.03198,0.00142
3759.60681,0.00153
3758.18163,0.00163
3756.75646,0.00169
3755.33129,0.00173
3753.90611,0.00178
3752.48094,0.00182
3751.05577,0.00184
3749.63059,0.00180
3748.20542,0.00169
3746.78025,0.00157
3745.35507,0.00147
3743.92990,0.00143
3742.50473,0.00141
3741.07955,0.00138
3739.65438,0.00132
3738.22921,0.00126
3736.80403,0.00124
3735.37886,0.00122
3733.95369,0.00115
3732.52851,0.00101
3731.10334,0.00088
3729.67817,0.00078
3728.25300,0.00073
3726.82782,0.00072
3725.40265,0.00072
3723.97748,0.00071
3722.55230,0.00067
3721.12713,0.00062
3719.70196,0.00055
3718.27678,0.00048
3716.85161,0.00042
3715.42644,0.00035
3714.00126,0.00031
3712.57609,0.00032
3711.15092,0.00039
3709.72574,0.00042
3708.30057,0.00036
3706.87540,0.00023
3705.45022,0.00008
3704.02505,-0.00006
3702.59988,-0.00014
3701.17471,-0.00017
3699.74953,-0.00016
3698.32436,-0.00017
3696.89919,-0.00021
3695.47401,-0.00025
3694.04884,-0.00025
3692.62367,-0.00021
3691.19849,-0.00016
3689.77332,-0.00017
3688.34815,-0.00027
3686.92297,-0.00040
3685.49780,-0.00051
3684.07263,-0.00058
3682.64745,-0.00062
3681.22228,-0.00062
3679.79711,-0.00063
3678.37193,-0.00068
3676.94676,-0.00072
3675.52159,-0.00072
3674.09642,-0.00070
3672.67124,-0.00072
3671.24607,-0.00075
3669.82090,-0.00078
3668.39572,-0.00089
3666.97055,-0.00108
3665.54538,-0.00130
3664.12020,-0.00149
3662.69503,-0.00163
3661.26986,-0.00177
3659.84468,-0.00191
3658.41951,-0.00206
3656.99434,-0.00220
3655.56916,-0.00235
3654.14399,-0.00251
3652.71882,-0.00267
3651.29364,-0.00281
3649.86847,-0.00298
3648.44330,-0.00323
3647.01813,-0.00355
3645.59295,-0.00386
3644.16778,-0.00417
3642.74261,-0.00450
3641.31743,-0.00484
3639.89226,-0.00516
3638.46709,-0.00547
3637.04191,-0.00575
3635.61674,-0.00602
3634.19157,-0.00629
3632.76639,-0.00661
3631.34122,-0.00697
3629.91605,-0.00739
3628.49087,-0.00780
3627.06570,-0.00813
3625.64053,-0.00843
3624.21535,-0.00872
3622.79018,-0.00903
3621.36501,-0.00939
3619.93984,-0.00977
3618.51466,-0.01012
3617.08949,-0.01043
3615.66432,-0.01073
3614.23914,-0.01109
3612.81397,-0.01152
3611.38880,-0.01199
3609.96362,-0.01241
3608.53845,-0.01274
3607.11328,-0.01302
3605.68810,-0.01333
3604.26293,-0.01365
3602.83776,-0.01393
3601.41258,-0.01420
3599.98741,-0.01455
3598.56224,-0.01505
3597.13706,-0.01561
3595.71189,-0.01609
3594.28672,-0.01641
3592.86154,-0.01664
3591.43637,-0.01685
3590.01120,-0.01709
3588.58603,-0.01731
3587.16085,-0.01757
3585.73568,-0.01790
3584.31051,-0.01823
3582.88533,-0.01852
3581.46016,-0.01876
3580.03499,-0.01898
3578.60981,-0.01918
3577.18464,-0.01939
3575.75947,-0.01966
3574.33429,-0.01999
3572.90912,-0.02029
3571.48395,-0.02055
3570.05877,-0.02076
3568.63360,-0.02098
3567.20843,-0.02129
3565.78325,-0.02170
3564.35808,-0.02213
3562.93291,-0.02251
3561.50774,-0.02284
3560.08256,-0.02321
3558.65739,-0.02365
3557.23222,-0.02412
3555.80704,-0.02458
3554.38187,-0.02504
3552.95670,-0.02557
3551.53152,-0.02613
3550.10635,-0.02664
3548.68118,-0.02707
3547.25600,-0.02743
3545.83083,-0.02783
3544.40566,-0.02836
3542.98048,-0.02904
3541.55531,-0.02982
3540.13014,-0.03057
3538.70496,-0.03120
3537.27979,-0.03171
3535.85462,-0.03223
3534.42945,-0.03282
3533.00427,-0.03348
3531.57910,-0.03417
3530.15393,-0.03487
3528.72875,-0.03556
3527.30358,-0.03622
3525.87841,-0.03686
3524.45323,-0.03752
3523.02806,-0.03826
3521.60289,-0.03911
3520.17771,-0.04000
3518.75254,-0.04082
3517.32737,-0.04160
3515.90219,-0.04236
3514.47702,-0.04310
3513.05185,-0.04383
3511.62667,-0.04449
3510.20150,-0.04498
3508.77633,-0.04532
3507.35116,-0.04563
3505.92598,-0.04606
3504.50081,-0.04663
3503.07564,-0.04724
3501.65046,-0.04783
3500.22529,-0.04843
3498.80012,-0.04906
3497.37494,-0.04963
3495.94977,-0.05010
3494.52460,-0.05044
3493.09942,-0.05069
3491.67425,-0.05096
3490.24908,-0.05133
3488.82390,-0.05178
3487.39873,-0.05219
3485.97356,-0.05254
3484.54838,-0.05284
3483.12321,-0.05311
3481.69804,-0.05335
3480.27287,-0.05357
3478.84769,-0.05379
3477.42252,-0.05398
3475.99735,-0.05410
3474.57217,-0.05419
3473.14700,-0.05428
3471.72183,-0.05434
3470.29665,-0.05432
3468.87148,-0.05430
3467.44631,-0.05441
3466.02113,-0.05467
3464.59596,-0.05491
3463.17079,-0.05490
3461.74561,-0.05468
3460.32044,-0.05460
3458.89527,-0.05496
3457.47009,-0.05575
3456.04492,-0.05666
3454.61975,-0.05730
3453.19457,-0.05746
3451.76940,-0.05726
3450.34423,-0.05706
3448.91906,-0.05703
3447.49388,-0.05712
3446.06871,-0.05732
3444.64354,-0.05775
3443.21836,-0.05839
3441.79319,-0.05897
3440.36802,-0.05923
3438.94284,-0.05921
3437.51767,-0.05913
3436.09250,-0.05915
3434.66732,-0.05926
3433.24215,-0.05940
3431.81698,-0.05962
3430.39180,-0.06001
3428.96663,-0.06049
3427.54146,-0.06087
3426.11628,-0.06098
3424.69111,-0.06093
3423.26594,-0.06086
3421.84077,-0.06079
3420.41559,-0.06073
3418.99042,-0.06074
3417.56525,-0.06078
3416.14007,-0.06062
3414.71490,-0.06017
3413.28973,-0.05962
3411.86455,-0.05923
3410.43938,-0.05901
3409.01421,-0.05885
3407.58903,-0.05873
3406.16386,-0.05866
3404.73869,-0.05851
3403.31351,-0.05806
3401.88834,-0.05734
3400.46317,-0.05656
3399.03799,-0.05584
3397.61282,-0.05516
3396.18765,-0.05447
3394.76248,-0.05382
3393.33730,-0.05320
3391.91213,-0.05261
3390.48696,-0.05206
3389.06178,-0.05150
3387.63661,-0.05086
3386.21144,-0.05016
3384.78626,-0.04952
3383.36109,-0.04893
3381.93592,-0.04830
3380.51074,-0.04761
3379.08557,-0.04689
3377.66040,-0.04614
3376.23522,-0.04539
3374.81005,-0.04465
3373.38488,-0.04387
3371.95970,-0.04304
3370.53453,-0.04222
3369.10936,-0.04158
3367.68419,-0.04115
3366.25901,-0.04084
3364.83384,-0.04046
3363.40867,-0.03990
3361.98349,-0.03922
3360.55832,-0.03857
3359.13315,-0.03809
3357.70797,-0.03779
3356.28280,-0.03750
3354.85763,-0.03699
3353.43245,-0.03618
3352.00728,-0.03527
3350.58211,-0.03456
3349.15693,-0.03415
3347.73176,-0.03388
3346.30659,-0.03360
3344.88141,-0.03329
3343.45624,-0.03302
3342.03107,-0.03274
3340.60590,-0.03235
3339.18072,-0.03187
3337.75555,-0.03141
3336.33038,-0.03102
3334.90520,-0.03067
3333.48003,-0.03030
3332.05486,-0.02993
3330.62968,-0.02958
3329.20451,-0.02927
3327.77934,-0.02893
3326.35416,-0.02856
3324.92899,-0.02821
3323.50382,-0.02794
3322.07864,-0.02770
3320.65347,-0.02743
3319.22830,-0.02715
3317.80312,-0.02688
3316.37795,-0.02662
3314.95278,-0.02630
3313.52760,-0.02587
3312.10243,-0.02532
3310.67726,-0.02472
3309.25209,-0.02422
3307.82691,-0.02386
3306.40174,-0.02357
3304.97657,-0.02326
3303.55139,-0.02287
3302.12622,-0.02243
3300.70105,-0.02199
3299.27587,-0.02158
3297.85070,-0.02122
3296.42553,-0.02087
3295.00035,-0.02048
3293.57518,-0.02007
3292.15001,-0.01968
3290.72483,-0.01933
3289.29966,-0.01898
3287.87449,-0.01858
3286.44931,-0.01809
3285.02414,-0.01756
3283.59897,-0.01708
3282.17380,-0.01672
3280.74862,-0.01648
3279.32345,-0.01626
3277.89828,-0.01596
3276.47310,-0.01556
3275.04793,-0.01513
3273.62276,-0.01474
3272.19758,-0.01442
3270.77241,-0.01416
3269.34724,-0.01396
3267.92206,-0.01378
3266.49689,-0.01354
3265.07172,-0.01324
3263.64654,-0.01292
3262.22137,-0.01265
3260.79620,-0.01244
3259.37102,-0.01229
3257.94585,-0.01214
3256.52068,-0.01197
3255.09551,-0.01179
3253.67033,-0.01161
3252.24516,-0.01144
3250.81999,-0.01127
3249.39481,-0.01109
3247.96964,-0.01091
3246.54447,-0.01077
3245.11929,-0.01068
3243.69412,-0.01061
3242.26895,-0.01050
3240.84377,-0.01035
3239.41860,-0.01024
3237.99343,-0.01020
3236.56825,-0.01022
3235.14308,-0.01023
3233.71791,-0.01018
3232.29273,-0.01013
3230.86756,-0.01007
3229.44239,-0.01001
3228.01722,-0.00992
3226.59204,-0.00984
3225.16687,-0.00978
3223.74170,-0.00972
3222.31652,-0.00963
3220.89135,-0.00950
3219.46618,-0.00937
3218.04100,-0.00929
3216.61583,-0.00927
3215.19066,-0.00924
3213.76548,-0.00916
3212.34031,-0.00905
3210.91514,-0.00895
3209.48996,-0.00890
3208.06479,-0.00886
3206.63962,-0.00879
3205.21444,-0.00870
3203.78927,-0.00862
3202.36410,-0.00854
3200.93893,-0.00844
3199.51375,-0.00830
3198.08858,-0.00816
3196.66341,-0.00803
3195.23823,-0.00791
3193.81306,-0.00775
3192.38789,-0.00753
3190.96271,-0.00728
3189.53754,-0.00703
3188.11237,-0.00678
3186.68719,-0.00655
3185.26202,-0.00635
3183.83685,-0.00619
3182.41167,-0.00602
3180.98650,-0.00580
3179.56133,-0.00553
3178.13615,-0.00525
3176.71098,-0.00499
3175.28581,-0.00477
3173.86063,-0.00457
3172.43546,-0.00438
3171.01029,-0.00420
3169.58512,-0.00403
3168.15994,-0.00386
3166.73477,-0.00371
3165.30960,-0.00355
3163.88442,-0.00339
3162.45925,-0.00322
3161.03408,-0.00308
3159.60890,-0.00298
3158.18373,-0.00291
3156.75856,-0.00286
3155.33338,-0.00280
3153.90821,-0.00271
3152.48304,-0.00262
3151.05786,-0.00253
3149.63269,-0.00247
3148.20752,-0.00246
3146.78234,-0.00252
3145.35717,-0.00259
3143.93200,-0.00264
3142.50683,-0.00265
3141.08165,-0.00265
3139.65648,-0.00267
3138.23131,-0.00275
3136.80613,-0.00285
3135.38096,-0.00294
3133.95579,-0.00302
3132.53061,-0.00310
3131.10544,-0.00319
3129.68027,-0.00326
3128.25509,-0.00329
3126.82992,-0.00331
3125.40475,-0.00335
3123.97957,-0.00341
3122.55440,-0.00346
3121.12923,-0.00347
3119.70405,-0.00345
3118.27888,-0.00341
3116.85371,-0.00335
3115.42854,-0.00329
3114.00336,-0.00322
3112.57819,-0.00318
3111.15302,-0.00316
3109.72784,-0.00315
3108.30267,-0.00311
3106.87750,-0.00305
3105.45232,-0.00297
3104.02715,-0.00290
3102.60198,-0.00282
3101.17680,-0.00270
3099.75163,-0.00257
3098.32646,-0.00245
3096.90128,-0.00234
3095.47611,-0.00223
3094.05094,-0.00212
3092.62576,-0.00201
3091.20059,-0.00191
3089.77542,-0.00182
3088.35025,-0.00173
3086.92507,-0.00165
3085.49990,-0.00158
3084.07473,-0.00155
3082.64955,-0.00157
3081.22438,-0.00159
3079.79921,-0.00158
3078.37403,-0.00154
3076.94886,-0.00147
3075.52369,-0.00140
3074.09851,-0.00132
3072.67334,-0.00122
3071.24817,-0.00107
3069.82299,-0.00092
3068.39782,-0.00080
3066.97265,-0.00073
3065.54747,-0.00068
3064.12230,-0.00065
3062.69713,-0.00062
3061.27196,-0.00057
3059.84678,-0.00053
3058.42161,-0.00050
3056.99644,-0.00049
3055.57126,-0.00049
3054.14609,-0.00049
3052.72092,-0.00045
3051.29574,-0.00040
3049.87057,-0.00036
3048.44540,-0.00032
3047.02022,-0.00027
3045.59505,-0.00021
3044.16988,-0.00018
3042.74470,-0.00017
3041.31953,-0.00017
3039.89436,-0.00017
3038.46918,-0.00017
3037.04401,-0.00017
3035.61884,-0.00016
3034.19366,-0.00015
3032.76849,-0.00017
3031.34332,-0.00022
3029.91815,-0.00027
3028.49297,-0.00034
3027.06780,-0.00045
3025.64263,-0.00057
3024.21745,-0.00070
3022.79228,-0.00082
3021.36711,-0.00093
3019.94193,-0.00104
3018.51676,-0.00112
3017.09159,-0.00117
3015.66641,-0.00120
3014.24124,-0.00123
3012.81607,-0.00129
3011.39089,-0.00137
3009.96572,-0.00143
3008.54055,-0.00145
3007.11537,-0.00145
3005.69020,-0.00144
3004.26503,-0.00141
3002.83986,-0.00131
3001.41468,-0.00117
2999.98951,-0.00103
2998.56434,-0.00089
2997.13916,-0.00072
2995.71399,-0.00050
2994.28882,-0.00026
2992.86364,-0.00002
2991.43847,0.00023
2990.01330,0.00056
2988.58812,0.00094
2987.16295,0.00136
2985.73778,0.00180
2984.31260,0.00224
2982.88743,0.00269
2981.46226,0.00317
2980.03708,0.00368
2978.61191,0.00421
2977.18674,0.00477
2975.76157,0.00535
2974.33639,0.00596
2972.91122,0.00652
2971.48605,0.00700
2970.06087,0.00738
2968.63570,0.00767
2967.21053,0.00791
2965.78535,0.00814
2964.36018,0.00832
2962.93501,0.00839
2961.50983,0.00829
2960.08466,0.00805
2958.65949,0.00773
2957.23431,0.00735
2955.80914,0.00695
2954.38397,0.00655
2952.95879,0.00617
2951.53362,0.00581
2950.10845,0.00548
2948.68328,0.00522
2947.25810,0.00505
2945.83293,0.00490
2944.40776,0.00473
2942.98258,0.00457
2941.55741,0.00446
2940.13224,0.00438
2938.70706,0.00428
2937.28189,0.00415
2935.85672,0.00401
2934.43154,0.00388
2933.00637,0.00374
2931.58120,0.00356
2930.15602,0.00333
2928.73085,0.00305
2927.30568,0.00275
2925.88050,0.00248
2924.45533,0.00224
2923.03016,0.00202
2921.60498,0.00182
2920.17981,0.00164
2918.75464,0.00148
2917.32947,0.00133
2915.90429,0.00117
2914.47912,0.00102
2913.05395,0.00089
2911.62877,0.00078
2910.20360,0.00066
2908.77843,0.00051
2907.35325,0.00032
2905.92808,0.00012
2904.50291,-0.00004
2903.07773,-0.00011
2901.65256,-0.00013
2900.22739,-0.00016
2898.80221,-0.00024
2897.37704,-0.00034
2895.95187,-0.00042
2894.52669,-0.00044
2893.10152,-0.00042
2891.67635,-0.00038
2890.25118,-0.00033
2888.82600,-0.00027
2887.40083,-0.00015
2885.97566,0.00002
2884.55048,0.00023
2883.12531,0.00044
2881.70014,0.00067
2880.27496,0.00089
2878.84979,0.00106
2877.42462,0.00120
2875.99944,0.00134
2874.57427,0.00149
2873.14910,0.00164
2871.72392,0.00176
2870.29875,0.00182
2868.87358,0.00180
2867.44840,0.00171
2866.02323,0.00159
2864.59806,0.00148
2863.17289,0.00142
2861.74771,0.00140
2860.32254,0.00139
2858.89737,0.00132
2857.47219,0.00124
2856.04702,0.00115
2854.62185,0.00105
2853.19667,0.00089
2851.77150,0.00066
2850.34633,0.00041
2848.92115,0.00018
2847.49598,-0.00003
2846.07081,-0.00023
2844.64563,-0.00040
2843.22046,-0.00056
2841.79529,-0.00074
2840.37011,-0.00097
2838.94494,-0.00123
2837.51977,-0.00149
2836.09460,-0.00171
2834.66942,-0.00189
2833.24425,-0.00206
2831.81908,-0.00223
2830.39390,-0.00236
2828.96873,-0.00247
2827.54356,-0.00259
2826.11838,-0.00274
2824.69321,-0.00289
2823.26804,-0.00299
2821.84286,-0.00304
2820.41769,-0.00311
2818.99252,-0.00323
2817.56734,-0.00340
2816.14217,-0.00356
2814.71700,-0.00371
2813.29182,-0.00389
2811.86665,-0.00409
2810.44148,-0.00431
2809.01631,-0.00453
2807.59113,-0.00476
2806.16596,-0.00500
2804.74079,-0.00525
2803.31561,-0.00551
2801.89044,-0.00574
2800.46527,-0.00593
2799.04009,-0.00611
2797.61492,-0.00628
2796.18975,-0.00644
2794.76457,-0.00657
2793.33940,-0.00666
2791.91423,-0.00672
2790.48905,-0.00680
2789.06388,-0.00690
2787.63871,-0.00699
2786.21353,-0.00707
2784.78836,-0.00718
2783.36319,-0.00736
2781.93801,-0.00761
2780.51284,-0.00784
2779.08767,-0.00807
2777.66250,-0.00834
2776.23732,-0.00873
2774.81215,-0.00932
2773.38698,-0.01011
2771.96180,-0.01103
2770.53663,-0.01204
2769.11146,-0.01312
2767.68628,-0.01432
2766.26111,-0.01562
2764.83594,-0.01699
2763.41076,-0.01848
2761.98559,-0.02031
2760.56042,-0.02268
2759.13524,-0.02558
2757.71007,-0.02889
2756.28490,-0.03255
2754.85972,-0.03665
2753.43455,-0.04143
2752.00938,-0.04708
2750.58421,-0.05365
2749.15903,-0.06119
2747.73386,-0.06981
2746.30869,-0.07963
2744.88351,-0.09054
2743.45834,-0.10237
2742.03317,-0.11505
2740.60799,-0.12863
2739.18282,-0.14307
2737.75765,-0.15805
2736.33247,-0.17304
2734.90730,-0.18761
2733.48213,-0.20136
2732.05695,-0.21369
2730.63178,-0.22406
2729.20661,-0.23247
2727.78143,-0.23935
2726.35626,-0.24510
2724.93109,-0.24990
2723.50592,-0.25388
2722.08074,-0.25727
2720.65557,-0.26007
2719.23040,-0.26206
2717.80522,-0.26311
2716.38005,-0.26349
2714.95488,-0.26365
2713.52970,-0.26381
2712.10453,-0.26402
2710.67936,-0.26417
2709.25418,-0.26415
2707.82901,-0.26403
2706.40384,-0.26382
2704.97866,-0.26320
2703.55349,-0.26183
2702.12832,-0.25994
2700.70314,-0.25815
2699.27797,-0.25680
2697.85280,-0.25572
2696.42763,-0.25446
2695.00245,-0.25274
2693.57728,-0.25076
2692.15211,-0.24892
2690.72693,-0.24728
2689.30176,-0.24559
2687.87659,-0.24362
2686.45141,-0.24134
2685.02624,-0.23880
2683.60107,-0.23629
2682.17589,-0.23408
2680.75072,-0.23215
2679.32555,-0.23026
2677.90037,-0.22837
2676.47520,-0.22667
2675.05003,-0.22498
2673.62485,-0.22296
2672.19968,-0.22073
2670.77451,-0.21892
2669.34934,-0.21771
2667.92416,-0.21655
2666.49899,-0.21499
2665.07382,-0.21316
2663.64864,-0.21163
2662.22347,-0.21082
2660.79830,-0.21066
2659.37312,-0.21063
2657.94795,-0.21028
2656.52278,-0.20958
2655.09760,-0.20871
2653.67243,-0.20794
2652.24726,-0.20779
2650.82208,-0.20866
2649.39691,-0.21017
2647.97174,-0.21156
2646.54656,-0.21257
2645.12139,-0.21358
2643.69622,-0.21478
2642.27104,-0.21586
2640.84587,-0.21662
2639.42070,-0.21753
2637.99553,-0.21933
2636.57035,-0.22205
2635.14518,-0.22494
2633.72001,-0.22728
2632.29483,-0.22910
2630.86966,-0.23080
2629.44449,-0.23257
2628.01931,-0.23436
2626.59414,-0.23614
2625.16897,-0.23796
2623.74379,-0.23981
2622.31862,-0.24166
2620.89345,-0.24354
2619.46827,-0.24543
2618.04310,-0.24720
2616.61793,-0.24865
2615.19275,-0.24972
2613.76758,-0.25052
2612.34241,-0.25119
2610.91724,-0.25169
2609.49206,-0.25188
2608.06689,-0.25167
2606.64172,-0.25097
2605.21654,-0.24979
2603.79137,-0.24833
2602.36620,-0.24688
2600.94102,-0.24554
2599.51585,-0.24425
2598.09068,-0.24306
2596.66550,-0.24208
2595.24033,-0.24110
2593.81516,-0.23965
2592.38998,-0.23774
2590.96481,-0.23598
2589.53964,-0.23467
2588.11446,-0.23321
2586.68929,-0.23090
2585.26412,-0.22782
2583.83895,-0.22467
2582.41377,-0.22205
2580.98860,-0.22006
2579.56343,-0.21841
2578.13825,-0.21677
2576.71308,-0.21496
2575.28791,-0.21283
2573.86273,-0.21035
2572.43756,-0.20774
2571.01239,-0.20529
2569.58721,-0.20315
2568.16204,-0.20150
2566.73687,-0.20048
2565.31169,-0.19985
2563.88652,-0.19922
2562.46135,-0.19842
2561.03617,-0.19757
2559.61100,-0.19689
2558.18583,-0.19658
2556.76066,-0.19663
2555.33548,-0.19681
2553.91031,-0.19702
2552.48514,-0.19757
2551.05996,-0.19874
2549.63479,-0.20018
2548.20962,-0.20119
2546.78444,-0.20176
2545.35927,-0.20269
2543.93410,-0.20449
2542.50892,-0.20665
2541.08375,-0.20854
2539.65858,-0.21023
2538.23340,-0.21209
2536.80823,-0.21409
2535.38306,-0.21590
2533.95788,-0.21742
2532.53271,-0.21895
2531.10754,-0.22083
2529.68237,-0.22303
2528.25719,-0.22523
2526.83202,-0.22742
2525.40685,-0.22990
2523.98167,-0.23258
2522.55650,-0.23475
2521.13133,-0.23600
2519.70615,-0.23682
2518.28098,-0.23793
2516.85581,-0.23940
2515.43063,-0.24072
2514.00546,-0.24161
2512.58029,-0.24228
2511.15511,-0.24309
2509.72994,-0.24410
2508.30477,-0.24482
2506.87959,-0.24464
2505.45442,-0.24352
2504.02925,-0.24200
2502.60407,-0.24060
2501.17890,-0.23933
2499.75373,-0.23798
2498.32856,-0.23647
2496.90338,-0.23509
2495.47821,-0.23400
2494.05304,-0.23280
2492.62786,-0.23088
2491.20269,-0.22827
2489.77752,-0.22568
2488.35234,-0.22367
2486.92717,-0.22204
2485.50200,-0.22025
2484.07682,-0.21808
2482.65165,-0.21557
2481.22648,-0.21288
2479.80130,-0.21013
2478.37613,-0.20746
2476.95096,-0.20504
2475.52578,-0.20298
2474.10061,-0.20107
2472.67544,-0.19890
2471.25027,-0.19650
2469.82509,-0.19459
2468.39992,-0.19367
2466.97475,-0.19339
2465.54957,-0.19315
2464.12440,-0.19277
2462.69923,-0.19238
2461.27405,-0.19211
2459.84888,-0.19213
2458.42371,-0.19244
2456.99853,-0.19274
2455.57336,-0.19284
2454.14819,-0.19312
2452.72301,-0.19445
2451.29784,-0.19720
2449.87267,-0.20068
2448.44749,-0.20375
2447.02232,-0.20605
2445.59715,-0.20814
2444.17198,-0.21046
2442.74680,-0.21264
2441.32163,-0.21412
2439.89646,-0.21519
2438.47128,-0.21688
2437.04611,-0.21969
2435.62094,-0.22301
2434.19576,-0.22587
2432.77059,-0.22795
2431.34542,-0.22964
2429.92024,-0.23142
2428.49507,-0.23363
2427.06990,-0.23631
2425.64472,-0.23911
2424.21955,-0.24152
2422.79438,-0.24340
2421.36920,-0.24508
2419.94403,-0.24704
2418.51886,-0.24934
2417.09369,-0.25144
2415.66851,-0.25277
2414.24334,-0.25337
2412.81817,-0.25387
2411.39299,-0.25472
2409.96782,-0.25567
2408.54265,-0.25621
2407.11747,-0.25619
2405.69230,-0.25583
2404.26713,-0.25511
2402.84195,-0.25375
2401.41678,-0.25189
2399.99161,-0.25031
2398.56643,-0.24957
2397.14126,-0.24932
2395.71609,-0.24865
2394.29091,-0.24704
2392.86574,-0.24464
2391.44057,-0.24193
2390.01540,-0.23937
2388.59022,-0.23718
2387.16505,-0.23532
2385.73988,-0.23353
2384.31470,-0.23156
2382.88953,-0.22927
2381.46436,-0.22679
2380.03918,-0.22467
2378.61401,-0.22341
2377.18884,-0.22294
2375.76366,-0.22261
2374.33849,-0.22182
2372.91332,-0.22056
2371.48814,-0.21928
2370.06297,-0.21829
2368.63780,-0.21737
2367.21262,-0.21635
2365.78745,-0.21559
2364.36228,-0.21526
2362.93710,-0.21476
2361.51193,-0.21354
2360.08676,-0.21141
2358.66159,-0.20860
2357.23641,-0.20658
2355.81124,-0.20694
2354.38607,-0.20882
2352.96089,-0.21020
2351.53572,-0.21104
2350.11055,-0.21229
2348.68537,-0.21372
2347.26020,-0.21461
2345.83503,-0.21552
2344.40985,-0.21861
2342.98468,-0.22445
2341.55951,-0.23020
2340.13433,-0.23359
2338.70916,-0.23591
2337.28399,-0.23964
2335.85881,-0.24494
2334.43364,-0.24963
2333.00847,-0.25174
2331.58330,-0.25137
2330.15812,-0.25053
2328.73295,-0.25110
2327.30778,-0.25314
2325.88260,-0.25563
2324.45743,-0.25806
2323.03226,-0.26063
2321.60708,-0.26318
2320.18191,-0.26522
2318.75674,-0.26667
2317.33156,-0.26792
2315.90639,-0.26917
2314.48122,-0.27002
2313.05604,-0.26986
2311.63087,-0.26857
2310.20570,-0.26694
2308.78052,-0.26594
2307.35535,-0.26574
2305.93018,-0.26568
2304.50501,-0.26510
2303.07983,-0.26386
2301.65466,-0.26203
2300.22949,-0.25968
2298.80431,-0.25701
2297.37914,-0.25440
2295.95397,-0.25199
2294.52879,-0.24969
2293.10362,-0.24737
2291.67845,-0.24492
2290.25327,-0.24204
2288.82810,-0.23856
2287.40293,-0.23466
2285.97775,-0.23071
2284.55258,-0.22682
2283.12741,-0.22279
2281.70223,-0.21860
2280.27706,-0.21465
2278.85189,-0.21117
2277.42672,-0.20781
2276.00154,-0.20416
2274.57637,-0.20022
2273.15120,-0.19615
2271.72602,-0.19201
2270.30085,-0.18807
2268.87568,-0.18460
2267.45050,-0.18140
2266.02533,-0.17805
2264.60016,-0.17458
2263.17498,-0.17123
2261.74981,-0.16794
2260.32464,-0.16453
2258.89946,-0.16108
2257.47429,-0.15773
2256.04912,-0.15428
2254.62394,-0.15062
2253.19877,-0.14713
2251.77360,-0.14431
2250.34843,-0.14208
2248.92325,-0.14007
2247.49808,-0.13819
2246.07291,-0.13654
2244.64773,-0.13504
2243.22256,-0.13334
2241.79739,-0.13126
2240.37221,-0.12895
2238.94704,-0.12667
2237.52187,-0.12442
2236.09669,-0.12215
2234.67152,-0.12011
2233.24635,-0.11858
2231.82117,-0.11739
2230.39600,-0.11604
2228.97083,-0.11425
2227.54565,-0.11203
2226.12048,-0.10957
2224.69531,-0.10714
2223.27013,-0.10490
2221.84496,-0.10279
2220.41979,-0.10063
2218.99462,-0.09826
2217.56944,-0.09564
2216.14427,-0.09291
2214.71910,-0.09028
2213.29392,-0.08788
2211.86875,-0.08569
2210.44358,-0.08360
2209.01840,-0.08142
2207.59323,-0.07902
2206.16806,-0.07638
2204.74288,-0.07365
2203.31771,-0.07094
2201.89254,-0.06831
2200.46736,-0.06581
2199.04219,-0.06342
2197.61702,-0.06104
2196.19184,-0.05860
2194.76667,-0.05619
2193.34150,-0.05385
2191.91633,-0.05151
2190.49115,-0.04909
2189.06598,-0.04663
2187.64081,-0.04428
2186.21563,-0.04216
2184.79046,-0.04023
2183.36529,-0.03830
2181.94011,-0.03621
2180.51494,-0.03399
2179.08977,-0.03187
2177.66459,-0.03003
2176.23942,-0.02843
2174.81425,-0.02695
2173.38907,-0.02549
2171.96390,-0.02413
2170.53873,-0.02294
2169.11355,-0.02188
2167.68838,-0.02081
2166.26321,-0.01963
2164.83804,-0.01844
2163.41286,-0.01742
2161.98769,-0.01663
2160.56252,-0.01599
2159.13734,-0.01541
2157.71217,-0.01484
2156.28700,-0.01426
2154.86182,-0.01369
2153.43665,-0.01316
2152.01148,-0.01265
2150.58630,-0.01219
2149.16113,-0.01184
2147.73596,-0.01160
2146.31078,-0.01140
2144.88561,-0.01119
2143.46044,-0.01098
2142.03526,-0.01081
2140.61009,-0.01069
2139.18492,-0.01060
2137.75975,-0.01056
2136.33457,-0.01056
2134.90940,-0.01061
2133.48423,-0.01064
2132.05905,-0.01064
2130.63388,-0.01063
2129.20871,-0.01068
2127.78353,-0.01078
2126.35836,-0.01088
2124.93319,-0.01090
2123.50801,-0.01084
2122.08284,-0.01074
2120.65767,-0.01062
2119.23249,-0.01051
2117.80732,-0.01038
2116.38215,-0.01027
2114.95697,-0.01018
2113.53180,-0.01009
2112.10663,-0.00997
2110.68146,-0.00981
2109.25628,-0.00960
2107.83111,-0.00940
2106.40594,-0.00922
2104.98076,-0.00904
2103.55559,-0.00883
2102.13042,-0.00856
2100.70524,-0.00826
2099.28007,-0.00794
2097.85490,-0.00763
2096.42972,-0.00731
2095.00455,-0.00701
2093.57938,-0.00673
2092.15420,-0.00645
2090.72903,-0.00612
2089.30386,-0.00573
2087.87868,-0.00532
2086.45351,-0.00493
2085.02834,-0.00458
2083.60316,-0.00425
2082.17799,-0.00391
2080.75282,-0.00358
2079.32765,-0.00327
2077.90247,-0.00300
2076.47730,-0.00271
2075.05213,-0.00240
2073.62695,-0.00209
2072.20178,-0.00180
2070.77661,-0.00158
2069.35143,-0.00140
2067.92626,-0.00125
2066.50109,-0.00110
2065.07591,-0.00092
2063.65074,-0.00070
2062.22557,-0.00046
2060.80039,-0.00022
2059.37522,-0.00005
2057.95005,0.00002
2056.52487,0.00003
2055.09970,0.00004
2053.67453,0.00011
2052.24936,0.00020
2050.82418,0.00026
2049.39901,0.00025
2047.97384,0.00019
2046.54866,0.00010
2045.12349,-0.00001
2043.69832,-0.00014
2042.27314,-0.00026
2040.84797,-0.00035
2039.42280,-0.00043
2037.99762,-0.00053
2036.57245,-0.00064
2035.14728,-0.00076
2033.72210,-0.00088
2032.29693,-0.00103
2030.87176,-0.00121
2029.44658,-0.00139
2028.02141,-0.00155
2026.59624,-0.00171
2025.17107,-0.00187
2023.74589,-0.00202
2022.32072,-0.00215
2020.89555,-0.00226
2019.47037,-0.00236
2018.04520,-0.00248
2016.62003,-0.00262
2015.19485,-0.00276
2013.76968,-0.00286
2012.34451,-0.00291
2010.91933,-0.00294
2009.49416,-0.00294
2008.06899,-0.00295
2006.64381,-0.00295
2005.21864,-0.00295
2003.79347,-0.00294
2002.36829,-0.00294
2000.94312,-0.00293
1999.51795,-0.00288
1998.09278,-0.00279
1996.66760,-0.00266
1995.24243,-0.00254
1993.81726,-0.00242
1992.39208,-0.00229
1990.96691,-0.00214
1989.54174,-0.00199
1988.11656,-0.00184
1986.69139,-0.00167
1985.26622,-0.00147
1983.84104,-0.00125
1982.41587,-0.00104
1980.99070,-0.00087
1979.56552,-0.00075
1978.14035,-0.00066
1976.71518,-0.00053
1975.29000,-0.00035
1973.86483,-0.00017
1972.43966,-0.00001
1971.01449,0.00011
1969.58931,0.00023
1968.16414,0.00035
1966.73897,0.00043
1965.31379,0.00048
1963.88862,0.00053
1962.46345,0.00061
1961.03827,0.00072
1959.61310,0.00081
1958.18793,0.00082
1956.76275,0.00080
1955.33758,0.00077
1953.91241,0.00076
1952.48723,0.00073
1951.06206,0.00067
1949.63689,0.00059
1948.21171,0.00050
1946.78654,0.00042
1945.36137,0.00035
1943.93619,0.00029
1942.51102,0.00021
1941.08585,0.00011
1939.66068,-0.00001
1938.23550,-0.00016
1936.81033,-0.00032
1935.38516,-0.00050
1933.95998,-0.00068
1932.53481,-0.00086
1931.10964,-0.00103
1929.68446,-0.00120
1928.25929,-0.00136
1926.83412,-0.00150
1925.40894,-0.00160
1923.98377,-0.00169
1922.55860,-0.00176
1921.13342,-0.00186
1919.70825,-0.00199
1918.28308,-0.00215
1916.85790,-0.00232
1915.43273,-0.00247
1914.00756,-0.00258
1912.58239,-0.00266
1911.15721,-0.00275
1909.73204,-0.00282
1908.30687,-0.00287
1906.88169,-0.00290
1905.45652,-0.00290
1904.03135,-0.00288
1902.60617,-0.00286
1901.18100,-0.00283
1899.75583,-0.00280
1898.33065,-0.00280
1896.90548,-0.00280
1895.48031,-0.00277
1894.05513,-0.00269
1892.62996,-0.00257
1891.20479,-0.00244
1889.77961,-0.00235
1888.35444,-0.00231
1886.92927,-0.00229
1885.50410,-0.00221
1884.07892,-0.00208
1882.65375,-0.00192
1881.22858,-0.00179
1879.80340,-0.00169
1878.37823,-0.00159
1876.95306,-0.00148
1875.52788,-0.00134
1874.10271,-0.00117
1872.67754,-0.00097
1871.25236,-0.00074
1869.82719,-0.00053
1868.40202,-0.00038
1866.97684,-0.00030
1865.55167,-0.00026
1864.12650,-0.00021
1862.70132,-0.00013
1861.27615,-0.00004
1859.85098,0.00005
1858.42581,0.00012
1857.00063,0.00017
1855.57546,0.00019
1854.15029,0.00022
1852.72511,0.00025
1851.29994,0.00028
1849.87477,0.00030
1848.44959,0.00031
1847.02442,0.00029
1845.59925,0.00025
1844.17407,0.00017
1842.74890,0.00007
1841.32373,-0.00003
1839.89855,-0.00012
1838.47338,-0.00022
1837.04821,-0.00035
1835.62303,-0.00052
1834.19786,-0.00070
1832.77269,-0.00085
1831.34751,-0.00099
1829.92234,-0.00114
1828.49717,-0.00130
1827.07200,-0.00148
1825.64682,-0.00169
1824.22165,-0.00191
1822.79648,-0.00211
1821.37130,-0.00226
1819.94613,-0.00239
1818.52096,-0.00253
1817.09578,-0.00270
1815.67061,-0.00285
1814.24544,-0.00297
1812.82026,-0.00308
1811.39509,-0.00317
1809.96992,-0.00326
1808.54474,-0.00334
1807.11957,-0.00338
1805.69440,-0.00338
1804.26922,-0.00332
1802.84405,-0.00325
1801.41888,-0.00320
1799.99371,-0.00318
1798.56853,-0.00315
1797.14336,-0.00311
1795.71819,-0.00303
1794.29301,-0.00291
1792.86784,-0.00273
1791.44267,-0.00254
1790.01749,-0.00238
1788.59232,-0.00223
1787.16715,-0.00209
1785.74197,-0.00192
1784.31680,-0.00173
1782.89163,-0.00150
1781.46645,-0.00124
1780.04128,-0.00098
1778.61611,-0.00074
1777.19093,-0.00055
1775.76576,-0.00036
1774.34059,-0.00014
1772.91542,0.00014
1771.49024,0.00038
1770.06507,0.00054
1768.63990,0.00067
1767.21472,0.00084
1765.78955,0.00102
1764.36438,0.00121
1762.93920,0.00140
1761.51403,0.00159
1760.08886,0.00176
1758.66368,0.00192
1757.23851,0.00209
1755.81334,0.00223
1754.38816,0.00235
1752.96299,0.00250
1751.53782,0.00272
1750.11264,0.00297
1748.68747,0.00317
1747.26230,0.00332
1745.83713,0.00345
1744.41195,0.00359
1742.98678,0.00374
1741.56161,0.00390
1740.13643,0.00409
1738.71126,0.00432
1737.28609,0.00457
1735.86091,0.00485
1734.43574,0.00516
1733.01057,0.00543
1731.58539,0.00563
1730.16022,0.00583
1728.73505,0.00605
1727.30987,0.00625
1725.88470,0.00642
1724.45953,0.00658
1723.03435,0.00672
1721.60918,0.00689
1720.18401,0.00711
1718.75884,0.00741
1717.33366,0.00773
1715.90849,0.00798
1714.48332,0.00815
1713.05814,0.00830
1711.63297,0.00851
1710.20780,0.00875
1708.78262,0.00900
1707.35745,0.00928
1705.93228,0.00967
1704.50710,0.01013
1703.08193,0.01068
1701.65676,0.01138
1700.23158,0.01226
1698.80641,0.01310
1697.38124,0.01384
1695.95606,0.01466
1694.53089,0.01561
1693.10572,0.01662
1691.68054,0.01783
1690.25537,0.01941
1688.83020,0.02129
1687.40503,0.02335
1685.97985,0.02599
1684.55468,0.02967
1683.12951,0.03356
1681.70433,0.03663
1680.27916,0.03920
1678.85399,0.04177
1677.42881,0.04460
1676.00364,0.04784
1674.57847,0.05125
1673.15329,0.05438
1671.72812,0.05738
1670.30295,0.06081
1668.87777,0.06461
1667.45260,0.06799
1666.02743,0.07084
1664.60225,0.07372
1663.17708,0.07692
1661.75191,0.08015
1660.32674,0.08298
1658.90156,0.08534
1657.47639,0.08731
1656.05122,0.08907
1654.62604,0.09097
1653.20087,0.09304
1651.77570,0.09433
1650.35052,0.09466
1648.92535,0.09454
1647.50018,0.09416
1646.07500,0.09349
1644.64983,0.09256
1643.22466,0.09144
1641.79948,0.09014
1640.37431,0.08866
1638.94914,0.08701
1637.52396,0.08503
1636.09879,0.08247
1634.67362,0.07965
1633.24845,0.07718
1631.82327,0.07497
1630.39810,0.07260
1628.97293,0.06986
1627.54775,0.06686
1626.12258,0.06370
1624.69741,0.06012
1623.27223,0.05596
1621.84706,0.05169
1620.42189,0.04792
1618.99671,0.04445
1617.57154,0.04070
1616.14637,0.03679
1614.72119,0.03341
1613.29602,0.03063
1611.87085,0.02806
1610.44567,0.02553
1609.02050,0.02307
1607.59533,0.02078
1606.17016,0.01871
1604.74498,0.01684
1603.31981,0.01517
1601.89464,0.01371
1600.46946,0.01247
1599.04429,0.01141
1597.61912,0.01048
1596.19394,0.00963
1594.76877,0.00885
1593.34360,0.00819
1591.91842,0.00771
1590.49325,0.00738
1589.06808,0.00715
1587.64290,0.00697
1586.21773,0.00681
1584.79256,0.00661
1583.36738,0.00635
1581.94221,0.00603
1580.51704,0.00571
1579.09187,0.00548
1577.66669,0.00532
1576.24152,0.00515
1574.81635,0.00492
1573.39117,0.00465
1571.96600,0.00443
1570.54083,0.00428
1569.11565,0.00413
1567.69048,0.00396
1566.26531,0.00381
1564.84013,0.00370
1563.41496,0.00362
1561.98979,0.00358
1560.56461,0.00361
1559.13944,0.00360
1557.71427,0.00342
1556.28909,0.00316
1554.86392,0.00295
1553.43875,0.00280
1552.01357,0.00268
1550.58840,0.00250
1549.16323,0.00226
1547.73806,0.00200
1546.31288,0.00174
1544.88771,0.00152
1543.46254,0.00135
1542.03736,0.00121
1540.61219,0.00100
1539.18702,0.00062
1537.76184,0.00016
1536.33667,-0.00029
1534.91150,-0.00069
1533.48632,-0.00110
1532.06115,-0.00151
1530.63598,-0.00188
1529.21080,-0.00222
1527.78563,-0.00256
1526.36046,-0.00286
1524.93528,-0.00303
1523.51011,-0.00293
1522.08494,-0.00242
1520.65977,-0.00151
1519.23459,-0.00035
1517.80942,0.00086
1516.38425,0.00160
1514.95907,0.00126
1513.53390,-0.00015
1512.10873,-0.00205
1510.68355,-0.00387
1509.25838,-0.00543
1507.83321,-0.00684
1506.40803,-0.00815
1504.98286,-0.00910
1503.55769,-0.00967
1502.13251,-0.01005
1500.70734,-0.01036
1499.28217,-0.01066
1497.85699,-0.01101
1496.43182,-0.01140
1495.00665,-0.01173
1493.58148,-0.01196
1492.15630,-0.01212
1490.73113,-0.01224
1489.30596,-0.01228
1487.88078,-0.01220
1486.45561,-0.01195
1485.03044,-0.01154
1483.60526,-0.01099
1482.18009,-0.01030
1480.75492,-0.00947
1479.32974,-0.00844
1477.90457,-0.00715
1476.47940,-0.00559
1475.05422,-0.00378
1473.62905,-0.00175
1472.20388,0.00026
1470.77870,0.00179
1469.35353,0.00280
1467.92836,0.00363
1466.50319,0.00456
1465.07801,0.00568
1463.65284,0.00685
1462.22767,0.00792
1460.80249,0.00884
1459.37732,0.00982
1457.95215,0.01111
1456.52697,0.01259
1455.10180,0.01371
1453.67663,0.01443
1452.25145,0.01506
1450.82628,0.01585
1449.40111,0.01681
1447.97593,0.01789
1446.55076,0.01901
1445.12559,0.02006
1443.70041,0.02091
1442.27524,0.02155
1440.85007,0.02203
1439.42490,0.02244
1437.99972,0.02278
1436.57455,0.02286
1435.14938,0.02259
1433.72420,0.02206
1432.29903,0.02136
1430.87386,0.02046
1429.44868,0.01929
1428.02351,0.01794
1426.59834,0.01645
1425.17316,0.01490
1423.74799,0.01347
1422.32282,0.01231
1420.89764,0.01131
1419.47247,0.01026
1418.04730,0.00911
1416.62212,0.00808
1415.19695,0.00726
1413.77178,0.00656
1412.34660,0.00586
1410.92143,0.00516
1409.49626,0.00455
1408.07109,0.00407
1406.64591,0.00366
1405.22074,0.00322
1403.79557,0.00278
1402.37039,0.00239
1400.94522,0.00209
1399.52005,0.00183
1398.09487,0.00162
1396.66970,0.00153
1395.24453,0.00159
1393.81935,0.00175
1392.39418,0.00194
1390.96901,0.00214
1389.54383,0.00234
1388.11866,0.00254
1386.69349,0.00266
1385.26831,0.00272
1383.84314,0.00282
1382.41797,0.00305
1380.99280,0.00343
1379.56762,0.00388
1378.14245,0.00437
1376.71728,0.00490
1375.29210,0.00548
1373.86693,0.00608
1372.44176,0.00666
1371.01658,0.00718
1369.59141,0.00762
1368.16624,0.00792
1366.74106,0.00810
1365.31589,0.00821
1363.89072,0.00834
1362.46554,0.00848
1361.04037,0.00863
1359.61520,0.00878
1358.19002,0.00895
1356.76485,0.00911
1355.33968,0.00925
1353.91451,0.00935
1352.48933,0.00943
1351.06416,0.00951
1349.63899,0.00959
1348.21381,0.00963
1346.78864,0.00957
1345.36347,0.00942
1343.93829,0.00921
1342.51312,0.00899
1341.08795,0.00874
1339.66277,0.00841
1338.23760,0.00798
1336.81243,0.00749
1335.38725,0.00701
1333.96208,0.00654
1332.53691,0.00604
1331.11173,0.00552
1329.68656,0.00502
1328.26139,0.00458
1326.83622,0.00417
1325.41104,0.00372
1323.98587,0.00320
1322.56070,0.00262
1321.13552,0.00207
1319.71035,0.00161
1318.28518,0.00120
1316.86000,0.00079
1315.43483,0.00037
1314.00966,-0.00007
1312.58448,-0.00051
1311.15931,-0.00095
1309.73414,-0.00135
1308.30896,-0.00173
1306.88379,-0.00209
1305.45862,-0.00247
1304.03344,-0.00285
1302.60827,-0.00323
1301.18310,-0.00361
1299.75793,-0.00399
1298.33275,-0.00440
1296.90758,-0.00485
1295.48241,-0.00534
1294.05723,-0.00582
1292.63206,-0.00628
1291.20689,-0.00677
1289.78171,-0.00731
1288.35654,-0.00785
1286.93137,-0.00837
1285.50619,-0.00890
1284.08102,-0.00948
1282.65585,-0.01008
1281.23067,-0.01070
1279.80550,-0.01133
1278.38033,-0.01198
1276.95515,-0.01268
1275.52998,-0.01346
1274.10481,-0.01434
1272.67963,-0.01533
1271.25446,-0.01647
1269.82929,-0.01781
1268.40412,-0.01935
1266.97894,-0.02112
1265.55377,-0.02315
1264.12860,-0.02552
1262.70342,-0.02832
1261.27825,-0.03167
1259.85308,-0.03574
1258.42790,-0.04059
1257.00273,-0.04615
1255.57756,-0.05238
1254.15238,-0.05942
1252.72721,-0.06763
1251.30204,-0.07735
1249.87686,-0.08861
1248.45169,-0.10104
1247.02652,-0.11421
1245.60134,-0.12798
1244.17617,-0.14245
1242.75100,-0.15760
1241.32583,-0.17298
1239.90065,-0.18785
1238.47548,-0.20142
1237.05031,-0.21335
1235.62513,-0.22404
1234.19996,-0.23409
1232.77479,-0.24326
1231.34961,-0.25080
1229.92444,-0.25649
1228.49927,-0.26087
1227.07409,-0.26466
1225.64892,-0.26827
1224.22375,-0.27170
1222.79857,-0.27496
1221.37340,-0.27859
1219.94823,-0.28327
1218.52305,-0.28871
1217.09788,-0.29341
1215.67271,-0.29587
1214.24754,-0.29618
1212.82236,-0.29608
1211.39719,-0.29709
1209.97202,-0.29920
1208.54684,-0.30176
1207.12167,-0.30460
1205.69650,-0.30773
1204.27132,-0.31072
1202.84615,-0.31287
1201.42098,-0.31391
1199.99580,-0.31457
1198.57063,-0.31590
1197.14546,-0.31783
1195.72028,-0.31925
1194.29511,-0.31951
1192.86994,-0.31885
1191.44476,-0.31766
1190.01959,-0.31619
1188.59442,-0.31413
1187.16925,-0.31017
1185.74407,-0.30306
1184.31890,-0.29317
1182.89373,-0.28186
1181.46855,-0.26980
1180.04338,-0.25681
1178.61821,-0.24296
1177.19303,-0.22879
1175.76786,-0.21452
1174.34269,-0.19991
1172.91751,-0.18495
1171.49234,-0.17019
1170.06717,-0.15662
1168.64199,-0.14492
1167.21682,-0.13464
1165.79165,-0.12451
1164.36647,-0.11386
1162.94130,-0.10339
1161.51613,-0.09418
1160.09096,-0.08650
1158.66578,-0.07980
1157.24061,-0.07380
1155.81544,-0.06862
1154.39026,-0.06416
1152.96509,-0.05996
1151.53992,-0.05600
1150.11474,-0.05272
1148.68957,-0.05022
1147.26440,-0.04794
1145.83922,-0.04549
1144.41405,-0.04307
1142.98888,-0.04114
1141.56370,-0.03969
1140.13853,-0.03840
1138.71336,-0.03706
1137.28818,-0.03593
1135.86301,-0.03531
1134.43784,-0.03495
1133.01266,-0.03436
1131.58749,-0.03353
1130.16232,-0.03285
1128.73715,-0.03245
1127.31197,-0.03205
1125.88680,-0.03146
1124.46163,-0.03074
1123.03645,-0.02993
1121.61128,-0.02913
1120.18611,-0.02857
1118.76093,-0.02836
1117.33576,-0.02828
1115.91059,-0.02807
1114.48541,-0.02775
1113.06024,-0.02750
1111.63507,-0.02739
1110.20989,-0.02737
1108.78472,-0.02742
1107.35955,-0.02750
1105.93437,-0.02749
1104.50920,-0.02722
1103.08403,-0.02675
1101.65886,-0.02630
1100.23368,-0.02598
1098.80851,-0.02564
1097.38334,-0.02515
1095.95816,-0.02463
1094.53299,-0.02426
1093.10782,-0.02399
1091.68264,-0.02354
1090.25747,-0.02278
1088.83230,-0.02186
1087.40712,-0.02113
1085.98195,-0.02090
1084.55678,-0.02119
1083.13160,-0.02152
1081.70643,-0.02135
1080.28126,-0.02064
1078.85608,-0.01976
1077.43091,-0.01904
1076.00574,-0.01852
1074.58057,-0.01809
1073.15539,-0.01776
1071.73022,-0.01760
1070.30505,-0.01762
1068.87987,-0.01768
1067.45470,-0.01762
1066.02953,-0.01739
1064.60435,-0.01717
1063.17918,-0.01709
1061.75401,-0.01690
1060.32883,-0.01621
1058.90366,-0.01519
1057.47849,-0.01453
1056.05331,-0.01461
1054.62814,-0.01493
1053.20297,-0.01484
1051.77779,-0.01431
1050.35262,-0.01372
1048.92745,-0.01336
1047.50228,-0.01331
1046.07710,-0.01367
1044.65193,-0.01438
1043.22676,-0.01499
1041.80158,-0.01509
1040.37641,-0.01483
1038.95124,-0.01458
1037.52606,-0.01426
1036.10089,-0.01369
1034.67572,-0.01315
1033.25054,-0.01305
1031.82537,-0.01336
1030.40020,-0.01387
1028.97502,-0.01480
1027.54985,-0.01652
1026.12468,-0.01870
1024.69950,-0.02027
1023.27433,-0.02048
1021.84916,-0.01985
1020.42399,-0.01953
1018.99881,-0.01981
1017.57364,-0.01980
1016.14847,-0.01883
1014.72329,-0.01763
1013.29812,-0.01732
1011.87295,-0.01787
1010.44777,-0.01816
1009.02260,-0.01733
1007.59743,-0.01565
1006.17225,-0.01428
1004.74708,-0.01448
1003.32191,-0.01654
1001.89673,-0.01966
1000.47156,-0.02277
999.04639,-0.02482
997.62121,-0.02478
996.19604,-0.02256
994.77087,-0.01972
993.34569,-0.01832
991.92052,-0.01915
990.49535,-0.02184
989.07018,-0.02531
987.64500,-0.02770
986.21983,-0.02699
984.79466,-0.02284
983.36948,-0.01749
981.94431,-0.01419
980.51914,-0.01460
979.09396,-0.01782
977.66879,-0.02117
976.24362,-0.02218
974.81844,-0.02117
973.39327,-0.02135
971.96810,-0.02451
970.54292,-0.02750
969.11775,-0.02606
967.69258,-0.02048
966.26740,-0.01401
964.84223,-0.00884
963.41706,-0.00601
961.99189,-0.00533
960.56671,-0.00348
959.14154,0.00238
957.71637,0.00787
956.29119,0.00437
954.86602,-0.00843
953.44085,-0.02079
952.01567,-0.02503
950.59050,-0.02249
949.16533,-0.01956
947.74015,-0.02216
946.31498,-0.03132
944.88981,-0.04032
943.46463,-0.04266
942.03946,-0.03875
940.61429,-0.02893
939.18911,-0.01178
937.76394,0.00953
936.33877,0.02313
934.91360,0.01455
933.48842,-0.02151
932.06325,-0.06943
930.63808,-0.08947
929.21290,-0.04923
927.78773,0.02809
926.36256,0.07866
924.93738,0.06865
923.51221,0.04166
922.08704,0.05601
920.66186,0.09780
919.23669,0.08413
917.81152,0.02768
916.38634,0.07840
914.96117,0.12042
913.53600,0.04305
912.11082,-0.07157
910.68565,-0.14464
909.26048,-0.12058
907.83531,-0.03980
906.41013,-0.03450
904.98496,-0.13635
903.55979,-0.21284
902.13461,-0.19615
900.70944,-0.20301
899.28427,-0.23256
897.85909,-0.41733
896.43392,-0.34586
895.00875,-0.02326
893.58357,0.13161
892.15840,0.12020
890.73323,0.04751
889.30805,0.02068
887.88288,-0.18869
886.45771,-0.41859
885.03253,-0.47784
883.60736,-0.29517
882.18219,-0.05369
880.75701,0.32824
879.33184,0.36874
877.90667,0.19209
876.48150,0.25215
875.05632,0.17611
873.63115,0.11024
872.20598,0.09293
870.78080,0.19278
869.35563,0.32248
867.93046,0.10768
866.50528,-0.03951
865.08011,0.02379
863.65494,0.14257
862.22976,0.16067
860.80459,0.08931
859.37942,-0.03572
857.95424,-0.16417
856.52907,-0.20264
855.10390,-0.28465
853.67872,-0.28922
852.25355,0.05416
850.82838,0.27066
849.40321,0.08918
847.97803,-0.08298
846.55286,0.00107
845.12769,-0.16687
843.70251,-0.66411
842.27734,-0.27535
840.85217,-0.15627
839.42699,-0.17831
838.00182,-0.23483
836.57665,-0.29268
835.15147,-0.36043
833.72630,-0.34921
832.30113,-0.37930
830.87595,-0.47281
829.45078,-0.54924
828.02561,-0.35340
826.60043,-0.17110
825.17526,-0.11870
823.75009,-0.10023
822.32492,0.05119
820.89974,-0.00376
819.47457,-0.10375
818.04940,-0.07548
816.62422,-0.01206
815.19905,0.02625
813.77388,0.04899
812.34870,0.09720
810.92353,0.14339
809.49836,0.10106
808.07318,0.03526
806.64801,0.03319
805.22284,0.11902
803.79766,0.23007
802.37249,0.26359
800.94732,0.20960
799.52214,0.17977
798.09697,0.09605
796.67180,-0.04135
795.24663,-0.03463
793.82145,0.06646
792.39628,0.06577
790.97111,-0.03597
789.54593,-0.13548
788.12076,-0.22953
786.69559,-0.29374
785.27041,-0.18227
783.84524,0.05530
782.42007,0.22748
780.99489,0.23557
779.56972,0.20867
778.14455,0.21795
776.71937,0.33869
775.29420,0.19953
773.86903,-0.17402
772.44385,-0.35998
771.01868,-0.48157
769.59351,-0.57640
768.16834,-0.12485
766.74316,0.13028
765.31799,0.10065
763.89282,-0.05487
762.46764,-0.09374
761.04247,0.09052
759.61730,0.25671
758.19212,0.21041
756.76695,0.11457
755.34178,0.49477
753.91660,0.71612
752.49143,0.70504
751.06626,0.53165
749.64108,0.23355
748.21591,0.03086
746.79074,-0.03327
745.36556,-0.03415
743.94039,-0.00880
742.51522,0.07660
741.09004,0.00194
739.66487,-0.17335
738.23970,-0.41210
736.81453,-0.67250
735.38935,-0.42991
733.96418,-0.31931
732.53901,-0.41854
731.11383,-0.27104
729.68866,-0.16591
728.26349,-0.20505
726.83831,-0.04871
725.41314,0.05765
723.98797,0.01353
722.56279,-0.24098
721.13762,0.05746
719.71245,0.21877
718.28727,-0.00537
716.86210,-0.15248
715.43693,-0.15988
714.01175,-0.25055
712.58658,-0.45391
711.16141,-0.14029
709.73624,0.02764
708.31106,0.02724
706.88589,-0.23162
705.46072,-0.42255
704.03554,-0.71404
702.61037,-0.64416
701.18520,-0.30711
699.76002,-0.00121
698.33485,0.31964
696.90968,0.46193
695.48450,0.41323
694.05933,0.37579
692.63416,0.25211
691.20898,0.04305
689.78381,-0.15890
688.35864,-0.29376
686.93346,-0.14277
685.50829,0.05951
684.08312,0.26032
682.65795,0.26530
681.23277,0.12282
679.80760,-0.01434
678.38243,-0.36502
676.95725,-0.72934
675.53208,-1.16261
674.10691,-0.66379
672.68173,-0.41184
671.25656,-0.23373
669.83139,-0.09485
668.40621,0.00080
666.98104,0.11154
665.55587,0.21315
664.13069,-0.06884
662.70552,-0.35011
661.28035,-0.06150
659.85517,0.21175
658.43000,0.29313
657.00483,0.37807
655.57966,0.13646
654.15448,-0.08032
652.72931,-0.24428
651.30414,-0.28800
649.87896,0.06982
648.45379,0.13118
647.02862,0.12802
645.60344,0.15653
644.17827,0.06045
642.75310,0.04331
641.32792,0.10766
639.90275,0.08620
638.47758,0.10158
637.05240,0.20990
635.62723,0.24518
634.20206,0.02634
632.77688,-0.21611
631.35171,-0.22574
629.92654,-0.24322
628.50137,-0.32205
627.07619,-0.35744
625.65102,-0.29357
624.22585,-0.37011
622.80067,-0.54525
621.37550,-0.29535
619.95033,-0.21320
618.52515,0.01754
617.09998,0.50048
615.67481,1.25304
614.24963,0.73719
612.82446,0.60909
611.39929,0.48537
609.97411,0.33685
608.54894,0.26159
607.12377,0.17653
605.69859,0.08424
604.27342,0.08445
602.84825,0.10443
601.42307,0.04485
599.99790,0.09112
598.57273,0.26175
597.14756,0.06604
595.72238,-0.35425
594.29721,-0.48902
592.87204,-0.16914
591.44686,-0.03544
590.02169,-0.20382
588.59652,-0.21060
587.17134,-0.27167
585.74617,-0.04795
584.32100,0.20640
582.89582,0.19398
581.47065,0.10194
580.04548,-0.05302
578.62030,-0.25883
577.19513,-0.04502
575.76996,0.11132
574.34478,0.12678
572.91961,0.10545
571.49444,0.21428
570.06927,0.29361
568.64409,-0.11209
567.21892,-0.32396
565.79375,-0.24212
564.36857,-0.19995
562.94340,-0.18693
561.51823,-0.01302
560.09305,0.39938
558.66788,0.49449
557.24271,0.41156
555.81753,0.35947
554.39236,0.23287
552.96719,0.13565
551.54201,-0.07922
550.11684,-0.44638
548.69167,-0.33402
547.26649,0.12553
545.84132,0.18655
544.41615,-0.01937
542.99098,-0.05652
541.56580,0.09576
540.14063,0.02168
538.71546,0.01850
537.29028,0.07059
535.86511,0.19335
534.43994,0.33050
533.01476,0.02177
531.58959,-0.27154
530.16442,0.15865
528.73924,0.32259
527.31407,-0.08716
525.88890,-0.11817
524.46372,0.10331
523.03855,0.27097
521.61338,0.37012
520.18820,0.30309
518.76303,0.15167
517.33786,0.01069
515.91269,-0.10558
514.48751,-0.18466
513.06234,-0.18415
511.63717,-0.01246
510.21199,0.13146
508.78682,0.10069
507.36165,0.03137
505.93647,0.02339
504.51130,0.10479
503.08613,-0.15033
501.66095,-0.22987
500.23578,0.24689
498.81061,0.32759
497.38543,0.11967
495.96026,0.01722
494.53509,0.03939
493.10991,0.17430
491.68474,0.27303
490.25957,0.07532
488.83440,-0.07632
487.40922,-0.01259
485.98405,0.05601
484.55888,0.04707
483.13370,0.21718
481.70853,0.06360
480.28336,-0.03274
478.85818,-0.02464
477.43301,0.02451
476.00784,-0.05958
474.58266,-0.38828
473.15749,-0.20969
471.73232,-0.11309
470.30714,-0.16683
468.88197,-0.20025
467.45680,-0.14938
466.03162,-0.07649
464.60645,-0.00966
463.18128,0.04089
461.75610,0.12890
460.33093,0.26441
458.90576,0.36618
457.48059,0.30389
456.05541,0.17684
454.63024,0.26787
453.20507,0.12335
451.77989,-0.04603
450.35472,-0.11240
448.92955,-0.13718
447.50437,-0.12428
446.07920,-0.00656
444.65403,-0.00500
443.22885,-0.06505
441.80368,-0.18505
440.37851,-0.09366
438.95333,0.05084
437.52816,0.01549
436.10299,-0.02908
434.67781,0.06675
433.25264,0.21922
431.82747,0.07498
430.40230,-0.13933
428.97712,-0.27971
427.55195,-0.31246
426.12678,-0.21831
424.70160,0.12793
423.27643,0.27470
421.85126,-0.03878
420.42608,-0.10264
419.00091,0.05062
417.57574,0.03630
416.15056,0.04778
414.72539,0.15713
413.30022,0.38912
411.87504,0.30068
410.44987,-0.17986
409.02470,-0.33023
407.59952,-0.31596
406.17435,-0.17235
404.74918,0.05675
403.32401,-0.04819
401.89883,-0.31228
400.47366,-0.31804
399.04849,0.04568
