3997.61072,0.00317
3996.18555,0.00321
3994.76038,0.00319
3993.33520,0.00312
3991.91003,0.00306
3990.48486,0.00304
3989.05968,0.00303
3987.63451,0.00302
3986.20934,0.00300
3984.78416,0.00300
3983.35899,0.00300
3981.93382,0.00299
3980.50865,0.00295
3979.08347,0.00290
3977.65830,0.00285
3976.23313,0.00283
3974.80795,0.00282
3973.38278,0.00280
3971.95761,0.00279
3970.53243,0.00278
3969.10726,0.00278
3967.68209,0.00279
3966.25691,0.00278
3964.83174,0.00274
3963.40657,0.00267
3961.98139,0.00259
3960.55622,0.00252
3959.13105,0.00249
3957.70587,0.00251
3956.28070,0.00254
3954.85553,0.00254
3953.43036,0.00249
3952.00518,0.00241
3950.58001,0.00230
3949.15484,0.00218
3947.72966,0.00205
3946.30449,0.00193
3944.87932,0.00182
3943.45414,0.00176
3942.02897,0.00172
3940.60380,0.00164
3939.17862,0.00153
3937.75345,0.00143
3936.32828,0.00133
3934.90310,0.00124
3933.47793,0.00113
3932.05276,0.00098
3930.62758,0.00080
3929.20241,0.00061
3927.77724,0.00041
3926.35207,0.00021
3924.92689,0.00003
3923.50172,-0.00012
3922.07655,-0.00027
3920.65137,-0.00044
3919.22620,-0.00062
3917.80103,-0.00079
3916.37585,-0.00096
3914.95068,-0.00119
3913.52551,-0.00151
3912.10033,-0.00186
3910.67516,-0.00215
3909.24999,-0.00237
3907.82481,-0.00257
3906.39964,-0.00281
3904.97447,-0.00307
3903.54929,-0.00330
3902.12412,-0.00348
3900.69895,-0.00361
3899.27378,-0.00376
3897.84860,-0.00398
3896.42343,-0.00430
3894.99826,-0.00465
3893.57308,-0.00496
3892.14791,-0.00517
3890.72274,-0.00533
3889.29756,-0.00551
3887.87239,-0.00568
3886.44722,-0.00577
3885.02204,-0.00582
3883.59687,-0.00590
3882.17170,-0.00599
3880.74652,-0.00606
3879.32135,-0.00619
3877.89618,-0.00642
3876.47100,-0.00667
3875.04583,-0.00682
3873.62066,-0.00691
3872.19548,-0.00698
3870.77031,-0.00702
3869.34514,-0.00704
3867.91997,-0.00713
3866.49479,-0.00724
3865.06962,-0.00723
3863.64445,-0.00714
3862.21927,-0.00709
3860.79410,-0.00712
3859.36893,-0.00719
3857.94375,-0.00726
3856.51858,-0.00728
3855.09341,-0.00712
3853.66823,-0.00673
3852.24306,-0.00642
3850.81789,-0.00635
3849.39271,-0.00640
3847.96754,-0.00647
3846.54237,-0.00656
3845.11719,-0.00666
3843.69202,-0.00671
3842.26685,-0.00671
3840.84168,-0.00665
3839.41650,-0.00650
3837.99133,-0.00629
3836.56616,-0.00615
3835.14098,-0.00610
3833.71581,-0.00608
3832.29064,-0.00601
3830.86546,-0.00592
3829.44029,-0.00583
3828.01512,-0.00571
3826.58994,-0.00563
3825.16477,-0.00564
3823.73960,-0.00566
3822.31442,-0.00553
3820.88925,-0.00525
3819.46408,-0.00502
3818.03890,-0.00486
3816.61373,-0.00468
3815.18856,-0.00454
3813.76339,-0.00452
3812.33821,-0.00455
3810.91304,-0.00455
3809.48787,-0.00447
3808.06269,-0.00425
3806.63752,-0.00398
3805.21235,-0.00381
3803.78717,-0.00372
3802.36200,-0.00354
3800.93683,-0.00331
3799.51165,-0.00317
3798.08648,-0.00307
3796.66131,-0.00292
3795.23613,-0.00275
3793.81096,-0.00263
3792.38579,-0.00256
3790.96061,-0.00248
3789.53544,-0.00236
3788.11027,-0.00223
3786.68510,-0.00209
3785.25992,-0.00196
3783.83475,-0.00189
3782.40958,-0.00188
3780.98440,-0.00185
3779.55923,-0.00175
3778.13406,-0.00163
3776.70888,-0.00154
3775.28371,-0.00148
3773.85854,-0.00145
3772.43336,-0.00142
3771.00819,-0.00134
3769.58302,-0.00122
3768.15784,-0.00112
3766.73267,-0.00110
3765.30750,-0.00114
3763.88232,-0.00118
3762.45715,-0.00119
3761.03198,-0.00117
3759.60681,-0.00113
3758.18163,-0.00110
3756.75646,-0.00108
3755.33129,-0.00106
3753.90611,-0.00103
3752.48094,-0.00100
3751.05577,-0.00097
3749.63059,-0.00100
3748.20542,-0.00107
3746.78025,-0.00113
3745.35507,-0.00114
3743.92990,-0.00116
3742.50473,-0.00127
3741.07955,-0.00144
3739.65438,-0.00158
3738.22921,-0.00158
3736.80403,-0.00142
3735.37886,-0.00121
3733.95369,-0.00110
3732.52851,-0.00112
3731.10334,-0.00119
3729.67817,-0.00125
3728.25300,-0.00128
3726.82782,-0.00125
3725.40265,-0.00120
3723.97748,-0.00114
3722.55230,-0.00107
3721.12713,-0.00101
3719.70196,-0.00101
3718.27678,-0.00107
3716.85161,-0.00119
3715.42644,-0.00130
3714.00126,-0.00127
3712.57609,-0.00107
3711.15092,-0.00085
3709.72574,-0.00080
3708.30057,-0.00088
3706.87540,-0.00097
3705.45022,-0.00102
3704.02505,-0.00102
3702.59988,-0.00098
3701.17471,-0.00096
3699.74953,-0.00095
3698.32436,-0.00098
3696.89919,-0.00103
3695.47401,-0.00112
3694.04884,-0.00121
3692.62367,-0.00131
3691.19849,-0.00139
3689.77332,-0.00145
3688.34815,-0.00152
3686.92297,-0.00161
3685.49780,-0.00169
3684.07263,-0.00179
3682.64745,-0.00194
3681.22228,-0.00214
3679.79711,-0.00235
3678.37193,-0.00254
3676.94676,-0.00269
3675.52159,-0.00286
3674.09642,-0.00310
3672.67124,-0.00338
3671.24607,-0.00367
3669.82090,-0.00395
3668.39572,-0.00425
3666.97055,-0.00457
3665.54538,-0.00491
3664.12020,-0.00527
3662.69503,-0.00564
3661.26986,-0.00604
3659.84468,-0.00644
3658.41951,-0.00682
3656.99434,-0.00718
3655.56916,-0.00757
3654.14399,-0.00801
3652.71882,-0.00845
3651.29364,-0.00887
3649.86847,-0.00929
3648.44330,-0.00977
3647.01813,-0.01030
3645.59295,-0.01086
3644.16778,-0.01146
3642.74261,-0.01211
3641.31743,-0.01281
3639.89226,-0.01353
3638.46709,-0.01424
3637.04191,-0.01488
3635.61674,-0.01545
3634.19157,-0.01599
3632.76639,-0.01654
3631.34122,-0.01710
3629.91605,-0.01765
3628.49087,-0.01819
3627.06570,-0.01880
3625.64053,-0.01950
3624.21535,-0.02027
3622.79018,-0.02106
3621.36501,-0.02184
3619.93984,-0.02258
3618.51466,-0.02326
3617.08949,-0.02391
3615.66432,-0.02451
3614.23914,-0.02503
3612.81397,-0.02550
3611.38880,-0.02604
3609.96362,-0.02666
3608.53845,-0.02730
3607.11328,-0.02796
3605.68810,-0.02868
3604.26293,-0.02944
3602.83776,-0.03014
3601.41258,-0.03078
3599.98741,-0.03145
3598.56224,-0.03221
3597.13706,-0.03301
3595.71189,-0.03377
3594.28672,-0.03452
3592.86154,-0.03530
3591.43637,-0.03613
3590.01120,-0.03689
3588.58603,-0.03750
3587.16085,-0.03799
3585.73568,-0.03860
3584.31051,-0.03940
3582.88533,-0.04031
3581.46016,-0.04122
3580.03499,-0.04209
3578.60981,-0.04295
3577.18464,-0.04383
3575.75947,-0.04470
3574.33429,-0.04552
3572.90912,-0.04634
3571.48395,-0.04727
3570.05877,-0.04827
3568.63360,-0.04918
3567.20843,-0.04995
3565.78325,-0.05076
3564.35808,-0.05180
3562.93291,-0.05304
3561.50774,-0.05431
3560.08256,-0.05552
3558.65739,-0.05670
3557.23222,-0.05792
3555.80704,-0.05914
3554.38187,-0.06030
3552.95670,-0.06143
3551.53152,-0.06261
3550.10635,-0.06384
3548.68118,-0.06503
3547.25600,-0.06612
3545.83083,-0.06719
3544.40566,-0.06837
3542.98048,-0.06975
3541.55531,-0.07122
3540.13014,-0.07264
3538.70496,-0.07391
3537.27979,-0.07510
3535.85462,-0.07637
3534.42945,-0.07777
3533.00427,-0.07924
3531.57910,-0.08067
3530.15393,-0.08199
3528.72875,-0.08315
3527.30358,-0.08425
3525.87841,-0.08542
3524.45323,-0.08667
3523.02806,-0.08790
3521.60289,-0.08906
3520.17771,-0.09020
3518.75254,-0.09138
3517.32737,-0.09257
3515.90219,-0.09368
3514.47702,-0.09472
3513.05185,-0.09574
3511.62667,-0.09676
3510.20150,-0.09776
3508.77633,-0.09879
3507.35116,-0.09990
3505.92598,-0.10097
3504.50081,-0.10190
3503.07564,-0.10279
3501.65046,-0.10383
3500.22529,-0.10506
3498.80012,-0.10627
3497.37494,-0.10730
3495.94977,-0.10816
3494.52460,-0.10898
3493.09942,-0.10989
3491.67425,-0.11093
3490.24908,-0.11196
3488.82390,-0.11290
3487.39873,-0.11383
3485.97356,-0.11480
3484.54838,-0.11571
3483.12321,-0.11645
3481.69804,-0.11709
3480.27287,-0.11778
3478.84769,-0.11856
3477.42252,-0.11937
3475.99735,-0.12023
3474.57217,-0.12115
3473.14700,-0.12205
3471.72183,-0.12283
3470.29665,-0.12359
3468.87148,-0.12446
3467.44631,-0.12547
3466.02113,-0.12652
3464.59596,-0.12753
3463.17079,-0.12848
3461.74561,-0.12938
3460.32044,-0.13026
3458.89527,-0.13116
3457.47009,-0.13207
3456.04492,-0.13290
3454.61975,-0.13355
3453.19457,-0.13397
3451.76940,-0.13428
3450.34423,-0.13458
3448.91906,-0.13490
3447.49388,-0.13530
3446.06871,-0.13587
3444.64354,-0.13648
3443.21836,-0.13691
3441.79319,-0.13706
3440.36802,-0.13699
3438.94284,-0.13677
3437.51767,-0.13651
3436.09250,-0.13637
3434.66732,-0.13649
3433.24215,-0.13674
3431.81698,-0.13683
3430.39180,-0.13672
3428.96663,-0.13664
3427.54146,-0.13670
3426.11628,-0.13671
3424.69111,-0.13644
3423.26594,-0.13587
3421.84077,-0.13514
3420.41559,-0.13436
3418.99042,-0.13359
3417.56525,-0.13282
3416.14007,-0.13204
3414.71490,-0.13126
3413.28973,-0.13043
3411.86455,-0.12952
3410.43938,-0.12851
3409.01421,-0.12749
3407.58903,-0.12655
3406.16386,-0.12568
3404.73869,-0.12469
3403.31351,-0.12350
3401.88834,-0.12228
3400.46317,-0.12122
3399.03799,-0.12031
3397.61282,-0.11936
3396.18765,-0.11825
3394.76248,-0.11699
3393.33730,-0.11577
3391.91213,-0.11471
3390.48696,-0.11375
3389.06178,-0.11272
3387.63661,-0.11159
3386.21144,-0.11048
3384.78626,-0.10942
3383.36109,-0.10830
3381.93592,-0.10713
3380.51074,-0.10598
3379.08557,-0.10486
3377.66040,-0.10372
3376.23522,-0.10260
3374.81005,-0.10147
3373.38488,-0.10025
3371.95970,-0.09892
3370.53453,-0.09758
3369.10936,-0.09638
3367.68419,-0.09537
3366.25901,-0.09453
3364.83384,-0.09379
3363.40867,-0.09301
3361.98349,-0.09213
3360.55832,-0.09120
3359.13315,-0.09028
3357.70797,-0.08932
3356.28280,-0.08823
3354.85763,-0.08701
3353.43245,-0.08579
3352.00728,-0.08470
3350.58211,-0.08379
3349.15693,-0.08300
3347.73176,-0.08217
3346.30659,-0.08121
3344.88141,-0.08014
3343.45624,-0.07907
3342.03107,-0.07804
3340.60590,-0.07705
3339.18072,-0.07610
3337.75555,-0.07515
3336.33038,-0.07414
3334.90520,-0.07308
3333.48003,-0.07199
3332.05486,-0.07096
3330.62968,-0.06996
3329.20451,-0.06893
3327.77934,-0.06787
3326.35416,-0.06687
3324.92899,-0.06596
3323.50382,-0.06503
3322.07864,-0.06397
3320.65347,-0.06281
3319.22830,-0.06162
3317.80312,-0.06047
3316.37795,-0.05942
3314.95278,-0.05848
3313.52760,-0.05761
3312.10243,-0.05667
3310.67726,-0.05558
3309.25209,-0.05438
3307.82691,-0.05315
3306.40174,-0.05203
3304.97657,-0.05109
3303.55139,-0.05026
3302.12622,-0.04943
3300.70105,-0.04847
3299.27587,-0.04740
3297.85070,-0.04635
3296.42553,-0.04540
3295.00035,-0.04453
3293.57518,-0.04367
3292.15001,-0.04281
3290.72483,-0.04198
3289.29966,-0.04124
3287.87449,-0.04056
3286.44931,-0.03991
3285.02414,-0.03924
3283.59897,-0.03854
3282.17380,-0.03784
3280.74862,-0.03718
3279.32345,-0.03656
3277.89828,-0.03595
3276.47310,-0.03534
3275.04793,-0.03475
3273.62276,-0.03419
3272.19758,-0.03367
3270.77241,-0.03324
3269.34724,-0.03290
3267.92206,-0.03259
3266.49689,-0.03227
3265.07172,-0.03191
3263.64654,-0.03152
3262.22137,-0.03111
3260.79620,-0.03068
3259.37102,-0.03024
3257.94585,-0.02982
3256.52068,-0.02944
3255.09551,-0.02913
3253.67033,-0.02886
3252.24516,-0.02857
3250.81999,-0.02820
3249.39481,-0.02779
3247.96964,-0.02739
3246.54447,-0.02706
3245.11929,-0.02682
3243.69412,-0.02665
3242.26895,-0.02647
3240.84377,-0.02619
3239.41860,-0.02584
3237.99343,-0.02548
3236.56825,-0.02515
3235.14308,-0.02482
3233.71791,-0.02450
3232.29273,-0.02418
3230.86756,-0.02389
3229.44239,-0.02363
3228.01722,-0.02339
3226.59204,-0.02314
3225.16687,-0.02287
3223.74170,-0.02257
3222.31652,-0.02224
3220.89135,-0.02191
3219.46618,-0.02161
3218.04100,-0.02133
3216.61583,-0.02104
3215.19066,-0.02072
3213.76548,-0.02036
3212.34031,-0.01999
3210.91514,-0.01963
3209.48996,-0.01933
3208.06479,-0.01907
3206.63962,-0.01881
3205.21444,-0.01848
3203.78927,-0.01810
3202.36410,-0.01772
3200.93893,-0.01736
3199.51375,-0.01700
3198.08858,-0.01660
3196.66341,-0.01619
3195.23823,-0.01579
3193.81306,-0.01546
3192.38789,-0.01517
3190.96271,-0.01485
3189.53754,-0.01448
3188.11237,-0.01409
3186.68719,-0.01374
3185.26202,-0.01344
3183.83685,-0.01316
3182.41167,-0.01287
3180.98650,-0.01259
3179.56133,-0.01231
3178.13615,-0.01205
3176.71098,-0.01185
3175.28581,-0.01169
3173.86063,-0.01153
3172.43546,-0.01133
3171.01029,-0.01111
3169.58512,-0.01091
3168.15994,-0.01075
3166.73477,-0.01062
3165.30960,-0.01051
3163.88442,-0.01043
3162.45925,-0.01038
3161.03408,-0.01035
3159.60890,-0.01031
3158.18373,-0.01025
3156.75856,-0.01018
3155.33338,-0.01011
3153.90821,-0.01006
3152.48304,-0.01002
3151.05786,-0.00997
3149.63269,-0.00992
3148.20752,-0.00992
3146.78234,-0.00998
3145.35717,-0.01008
3143.93200,-0.01017
3142.50683,-0.01021
3141.08165,-0.01018
3139.65648,-0.01014
3138.23131,-0.01010
3136.80613,-0.01008
3135.38096,-0.01004
3133.95579,-0.00998
3132.53061,-0.00991
3131.10544,-0.00987
3129.68027,-0.00983
3128.25509,-0.00977
3126.82992,-0.00967
3125.40475,-0.00952
3123.97957,-0.00936
3122.55440,-0.00921
3121.12923,-0.00908
3119.70405,-0.00898
3118.27888,-0.00891
3116.85371,-0.00886
3115.42854,-0.00880
3114.00336,-0.00869
3112.57819,-0.00850
3111.15302,-0.00829
3109.72784,-0.00808
3108.30267,-0.00788
3106.87750,-0.00769
3105.45232,-0.00749
3104.02715,-0.00731
3102.60198,-0.00718
3101.17680,-0.00711
3099.75163,-0.00704
3098.32646,-0.00696
3096.90128,-0.00686
3095.47611,-0.00675
3094.05094,-0.00664
3092.62576,-0.00653
3091.20059,-0.00642
3089.77542,-0.00632
3088.35025,-0.00626
3086.92507,-0.00624
3085.49990,-0.00623
3084.07473,-0.00622
3082.64955,-0.00618
3081.22438,-0.00611
3079.79921,-0.00603
3078.37403,-0.00596
3076.94886,-0.00590
3075.52369,-0.00586
3074.09851,-0.00579
3072.67334,-0.00570
3071.24817,-0.00562
3069.82299,-0.00557
3068.39782,-0.00557
3066.97265,-0.00562
3065.54747,-0.00568
3064.12230,-0.00571
3062.69713,-0.00571
3061.27196,-0.00572
3059.84678,-0.00576
3058.42161,-0.00583
3056.99644,-0.00588
3055.57126,-0.00591
3054.14609,-0.00593
3052.72092,-0.00598
3051.29574,-0.00605
3049.87057,-0.00613
3048.44540,-0.00617
3047.02022,-0.00620
3045.59505,-0.00625
3044.16988,-0.00633
3042.74470,-0.00645
3041.31953,-0.00656
3039.89436,-0.00664
3038.46918,-0.00669
3037.04401,-0.00674
3035.61884,-0.00681
3034.19366,-0.00692
3032.76849,-0.00706
3031.34332,-0.00724
3029.91815,-0.00742
3028.49297,-0.00758
3027.06780,-0.00768
3025.64263,-0.00776
3024.21745,-0.00787
3022.79228,-0.00803
3021.36711,-0.00818
3019.94193,-0.00826
3018.51676,-0.00827
3017.09159,-0.00825
3015.66641,-0.00823
3014.24124,-0.00823
3012.81607,-0.00825
3011.39089,-0.00826
3009.96572,-0.00824
3008.54055,-0.00816
3007.11537,-0.00805
3005.69020,-0.00793
3004.26503,-0.00778
3002.83986,-0.00760
3001.41468,-0.00740
2999.98951,-0.00721
2998.56434,-0.00706
2997.13916,-0.00691
2995.71399,-0.00674
2994.28882,-0.00654
2992.86364,-0.00635
2991.43847,-0.00617
2990.01330,-0.00596
2988.58812,-0.00570
2987.16295,-0.00537
2985.73778,-0.00502
2984.31260,-0.00467
2982.88743,-0.00433
2981.46226,-0.00400
2980.03708,-0.00365
2978.61191,-0.00327
2977.18674,-0.00288
2975.76157,-0.00249
2974.33639,-0.00215
2972.91122,-0.00186
2971.48605,-0.00161
2970.06087,-0.00141
2968.63570,-0.00125
2967.21053,-0.00117
2965.78535,-0.00116
2964.36018,-0.00125
2962.93501,-0.00143
2961.50983,-0.00170
2960.08466,-0.00206
2958.65949,-0.00249
2957.23431,-0.00297
2955.80914,-0.00349
2954.38397,-0.00404
2952.95879,-0.00461
2951.53362,-0.00517
2950.10845,-0.00566
2948.68328,-0.00607
2947.25810,-0.00639
2945.83293,-0.00665
2944.40776,-0.00688
2942.98258,-0.00708
2941.55741,-0.00722
2940.13224,-0.00733
2938.70706,-0.00744
2937.28189,-0.00757
2935.85672,-0.00770
2934.43154,-0.00789
2933.00637,-0.00814
2931.58120,-0.00842
2930.15602,-0.00869
2928.73085,-0.00895
2927.30568,-0.00918
2925.88050,-0.00938
2924.45533,-0.00957
2923.03016,-0.00979
2921.60498,-0.01005
2920.17981,-0.01031
2918.75464,-0.01051
2917.32947,-0.01068
2915.90429,-0.01082
2914.47912,-0.01093
2913.05395,-0.01103
2911.62877,-0.01116
2910.20360,-0.01136
2908.77843,-0.01158
2907.35325,-0.01177
2905.92808,-0.01191
2904.50291,-0.01202
2903.07773,-0.01211
2901.65256,-0.01215
2900.22739,-0.01212
2898.80221,-0.01207
2897.37704,-0.01205
2895.95187,-0.01207
2894.52669,-0.01205
2893.10152,-0.01197
2891.67635,-0.01185
2890.25118,-0.01175
2888.82600,-0.01166
2887.40083,-0.01155
2885.97566,-0.01141
2884.55048,-0.01122
2883.12531,-0.01101
2881.70014,-0.01080
2880.27496,-0.01058
2878.84979,-0.01039
2877.42462,-0.01022
2875.99944,-0.01008
2874.57427,-0.01000
2873.14910,-0.01001
2871.72392,-0.01011
2870.29875,-0.01032
2868.87358,-0.01061
2867.44840,-0.01095
2866.02323,-0.01128
2864.59806,-0.01157
2863.17289,-0.01185
2861.74771,-0.01215
2860.32254,-0.01251
2858.89737,-0.01292
2857.47219,-0.01335
2856.04702,-0.01377
2854.62185,-0.01418
2853.19667,-0.01458
2851.77150,-0.01498
2850.34633,-0.01537
2848.92115,-0.01576
2847.49598,-0.01617
2846.07081,-0.01663
2844.64563,-0.01708
2843.22046,-0.01751
2841.79529,-0.01788
2840.37011,-0.01821
2838.94494,-0.01852
2837.51977,-0.01882
2836.09460,-0.01915
2834.66942,-0.01949
2833.24425,-0.01983
2831.81908,-0.02016
2830.39390,-0.02045
2828.96873,-0.02071
2827.54356,-0.02095
2826.11838,-0.02120
2824.69321,-0.02148
2823.26804,-0.02179
2821.84286,-0.02216
2820.41769,-0.02257
2818.99252,-0.02299
2817.56734,-0.02341
2816.14217,-0.02384
2814.71700,-0.02426
2813.29182,-0.02466
2811.86665,-0.02507
2810.44148,-0.02553
2809.01631,-0.02603
2807.59113,-0.02654
2806.16596,-0.02705
2804.74079,-0.02757
2803.31561,-0.02812
2801.89044,-0.02866
2800.46527,-0.02917
2799.04009,-0.02967
2797.61492,-0.03022
2796.18975,-0.03084
2794.76457,-0.03148
2793.33940,-0.03212
2791.91423,-0.03276
2790.48905,-0.03345
2789.06388,-0.03422
2787.63871,-0.03510
2786.21353,-0.03607
2784.78836,-0.03718
2783.36319,-0.03843
2781.93801,-0.03985
2780.51284,-0.04142
2779.08767,-0.04317
2777.66250,-0.04513
2776.23732,-0.04732
2774.81215,-0.04972
2773.38698,-0.05235
2771.96180,-0.05526
2770.53663,-0.05849
2769.11146,-0.06209
2767.68628,-0.06610
2766.26111,-0.07054
2764.83594,-0.07547
2763.41076,-0.08096
2761.98559,-0.08707
2760.56042,-0.09373
2759.13524,-0.10096
2757.71007,-0.10891
2756.28490,-0.11788
2754.85972,-0.12803
2753.43455,-0.13937
2752.00938,-0.15184
2750.58421,-0.16548
2749.15903,-0.18034
2747.73386,-0.19647
2746.30869,-0.21383
2744.88351,-0.23226
2743.45834,-0.25139
2742.03317,-0.27080
2740.60799,-0.29014
2739.18282,-0.30910
2737.75765,-0.32728
2736.33247,-0.34429
2734.90730,-0.35978
2733.48213,-0.37346
2732.05695,-0.38511
2730.63178,-0.39464
2729.20661,-0.40210
2727.78143,-0.40771
2726.35626,-0.41181
2724.93109,-0.41468
2723.50592,-0.41646
2722.08074,-0.41738
2720.65557,-0.41779
2719.23040,-0.41774
2717.80522,-0.41694
2716.38005,-0.41512
2714.95488,-0.41250
2713.52970,-0.40960
2712.10453,-0.40684
2710.67936,-0.40425
2709.25418,-0.40166
2707.82901,-0.39902
2706.40384,-0.39625
2704.97866,-0.39307
2703.55349,-0.38929
2702.12832,-0.38514
2700.70314,-0.38113
2699.27797,-0.37752
2697.85280,-0.37414
2696.42763,-0.37073
2695.00245,-0.36714
2693.57728,-0.36339
2692.15211,-0.35961
2690.72693,-0.35597
2689.30176,-0.35254
2687.87659,-0.34927
2686.45141,-0.34610
2685.02624,-0.34301
2683.60107,-0.33999
2682.17589,-0.33701
2680.75072,-0.33416
2679.32555,-0.33153
2677.90037,-0.32914
2676.47520,-0.32697
2675.05003,-0.32512
2673.62485,-0.32357
2672.19968,-0.32201
2670.77451,-0.32027
2669.34934,-0.31875
2667.92416,-0.31798
2666.49899,-0.31783
2665.07382,-0.31768
2663.64864,-0.31721
2662.22347,-0.31666
2660.79830,-0.31638
2659.37312,-0.31646
2657.94795,-0.31683
2656.52278,-0.31736
2655.09760,-0.31809
2653.67243,-0.31906
2652.24726,-0.32018
2650.82208,-0.32130
2649.39691,-0.32248
2647.97174,-0.32386
2646.54656,-0.32540
2645.12139,-0.32696
2643.69622,-0.32855
2642.27104,-0.33015
2640.84587,-0.33157
2639.42070,-0.33262
2637.99553,-0.33344
2636.57035,-0.33454
2635.14518,-0.33622
2633.72001,-0.33816
2632.29483,-0.33962
2630.86966,-0.34033
2629.44449,-0.34071
2628.01931,-0.34130
2626.59414,-0.34204
2625.16897,-0.34261
2623.74379,-0.34302
2622.31862,-0.34342
2620.89345,-0.34360
2619.46827,-0.34308
2618.04310,-0.34179
2616.61793,-0.34014
2615.19275,-0.33866
2613.76758,-0.33768
2612.34241,-0.33706
2610.91724,-0.33628
2609.49206,-0.33492
2608.06689,-0.33311
2606.64172,-0.33111
2605.21654,-0.32895
2603.79137,-0.32664
2602.36620,-0.32431
2600.94102,-0.32203
2599.51585,-0.31967
2598.09068,-0.31703
2596.66550,-0.31413
2595.24033,-0.31116
2593.81516,-0.30833
2592.38998,-0.30573
2590.96481,-0.30342
2589.53964,-0.30127
2588.11446,-0.29899
2586.68929,-0.29653
2585.26412,-0.29420
2583.83895,-0.29229
2582.41377,-0.29068
2580.98860,-0.28905
2579.56343,-0.28726
2578.13825,-0.28545
2576.71308,-0.28374
2575.28791,-0.28226
2573.86273,-0.28123
2572.43756,-0.28076
2571.01239,-0.28057
2569.58721,-0.28022
2568.16204,-0.27962
2566.73687,-0.27918
2565.31169,-0.27912
2563.88652,-0.27927
2562.46135,-0.27945
2561.03617,-0.27988
2559.61100,-0.28083
2558.18583,-0.28230
2556.76066,-0.28397
2555.33548,-0.28558
2553.91031,-0.28702
2552.48514,-0.28826
2551.05996,-0.28943
2549.63479,-0.29078
2548.20962,-0.29246
2546.78444,-0.29435
2545.35927,-0.29633
2543.93410,-0.29850
2542.50892,-0.30092
2541.08375,-0.30339
2539.65858,-0.30553
2538.23340,-0.30727
2536.80823,-0.30882
2535.38306,-0.31037
2533.95788,-0.31185
2532.53271,-0.31312
2531.10754,-0.31421
2529.68237,-0.31531
2528.25719,-0.31648
2526.83202,-0.31742
2525.40685,-0.31786
2523.98167,-0.31798
2522.55650,-0.31808
2521.13133,-0.31804
2519.70615,-0.31760
2518.28098,-0.31685
2516.85581,-0.31596
2515.43063,-0.31484
2514.00546,-0.31341
2512.58029,-0.31198
2511.15511,-0.31099
2509.72994,-0.31036
2508.30477,-0.30951
2506.87959,-0.30790
2505.45442,-0.30549
2504.02925,-0.30261
2502.60407,-0.29957
2501.17890,-0.29665
2499.75373,-0.29416
2498.32856,-0.29215
2496.90338,-0.29030
2495.47821,-0.28832
2494.05304,-0.28628
2492.62786,-0.28431
2491.20269,-0.28225
2489.77752,-0.27987
2488.35234,-0.27726
2486.92717,-0.27472
2485.50200,-0.27245
2484.07682,-0.27067
2482.65165,-0.26951
2481.22648,-0.26877
2479.80130,-0.26814
2478.37613,-0.26755
2476.95096,-0.26715
2475.52578,-0.26707
2474.10061,-0.26735
2472.67544,-0.26798
2471.25027,-0.26888
2469.82509,-0.27015
2468.39992,-0.27187
2466.97475,-0.27385
2465.54957,-0.27563
2464.12440,-0.27719
2462.69923,-0.27900
2461.27405,-0.28151
2459.84888,-0.28458
2458.42371,-0.28777
2456.99853,-0.29096
2455.57336,-0.29444
2454.14819,-0.29825
2452.72301,-0.30200
2451.29784,-0.30524
2449.87267,-0.30800
2448.44749,-0.31075
2447.02232,-0.31378
2445.59715,-0.31699
2444.17198,-0.32012
2442.74680,-0.32310
2441.32163,-0.32598
2439.89646,-0.32889
2438.47128,-0.33191
2437.04611,-0.33498
2435.62094,-0.33790
2434.19576,-0.34047
2432.77059,-0.34264
2431.34542,-0.34436
2429.92024,-0.34560
2428.49507,-0.34643
2427.06990,-0.34711
2425.64472,-0.34794
2424.21955,-0.34891
2422.79438,-0.34960
2421.36920,-0.34962
2419.94403,-0.34906
2418.51886,-0.34849
2417.09369,-0.34843
2415.66851,-0.34882
2414.24334,-0.34900
2412.81817,-0.34833
2411.39299,-0.34691
2409.96782,-0.34532
2408.54265,-0.34384
2407.11747,-0.34220
2405.69230,-0.34013
2404.26713,-0.33782
2402.84195,-0.33570
2401.41678,-0.33408
2399.99161,-0.33286
2398.56643,-0.33172
2397.14126,-0.33047
2395.71609,-0.32915
2394.29091,-0.32779
2392.86574,-0.32637
2391.44057,-0.32498
2390.01540,-0.32389
2388.59022,-0.32319
2387.16505,-0.32277
2385.73988,-0.32260
2384.31470,-0.32292
2382.88953,-0.32382
2381.46436,-0.32499
2380.03918,-0.32593
2378.61401,-0.32628
2377.18884,-0.32612
2375.76366,-0.32605
2374.33849,-0.32683
2372.91332,-0.32873
2371.48814,-0.33145
2370.06297,-0.33454
2368.63780,-0.33748
2367.21262,-0.33938
2365.78745,-0.33983
2364.36228,-0.34007
2362.93710,-0.34181
2361.51193,-0.34535
2360.08676,-0.35005
2358.66159,-0.35518
2357.23641,-0.35894
2355.81124,-0.35935
2354.38607,-0.35735
2352.96089,-0.35640
2351.53572,-0.35868
2350.11055,-0.36357
2348.68537,-0.36949
2347.26020,-0.37497
2345.83503,-0.37861
2344.40985,-0.37995
2342.98468,-0.38068
2341.55951,-0.38283
2340.13433,-0.38641
2338.70916,-0.39020
2337.28399,-0.39325
2335.85881,-0.39521
2334.43364,-0.39633
2333.00847,-0.39727
2331.58330,-0.39863
2330.15812,-0.40058
2328.73295,-0.40283
2327.30778,-0.40499
2325.88260,-0.40679
2324.45743,-0.40806
2323.03226,-0.40856
2321.60708,-0.40812
2320.18191,-0.40680
2318.75674,-0.40506
2317.33156,-0.40367
2315.90639,-0.40334
2314.48122,-0.40407
2313.05604,-0.40507
2311.63087,-0.40550
2310.20570,-0.40511
2308.78052,-0.40392
2307.35535,-0.40203
2305.93018,-0.39971
2304.50501,-0.39733
2303.07983,-0.39510
2301.65466,-0.39308
2300.22949,-0.39115
2298.80431,-0.38919
2297.37914,-0.38716
2295.95397,-0.38509
2294.52879,-0.38295
2293.10362,-0.38066
2291.67845,-0.37820
2290.25327,-0.37563
2288.82810,-0.37306
2287.40293,-0.37056
2285.97775,-0.36812
2284.55258,-0.36568
2283.12741,-0.36333
2281.70223,-0.36112
2280.27706,-0.35892
2278.85189,-0.35666
2277.42672,-0.35447
2276.00154,-0.35240
2274.57637,-0.35041
2273.15120,-0.34844
2271.72602,-0.34645
2270.30085,-0.34440
2268.87568,-0.34219
2267.45050,-0.33982
2266.02533,-0.33748
2264.60016,-0.33535
2263.17498,-0.33337
2261.74981,-0.33134
2260.32464,-0.32918
2258.89946,-0.32692
2257.47429,-0.32457
2256.04912,-0.32217
2254.62394,-0.31966
2253.19877,-0.31699
2251.77360,-0.31432
2250.34843,-0.31191
2248.92325,-0.30969
2247.49808,-0.30730
2246.07291,-0.30449
2244.64773,-0.30139
2243.22256,-0.29825
2241.79739,-0.29514
2240.37221,-0.29191
2238.94704,-0.28845
2237.52187,-0.28475
2236.09669,-0.28085
2234.67152,-0.27682
2233.24635,-0.27274
2231.82117,-0.26860
2230.39600,-0.26430
2228.97083,-0.25984
2227.54565,-0.25531
2226.12048,-0.25073
2224.69531,-0.24604
2223.27013,-0.24117
2221.84496,-0.23614
2220.41979,-0.23101
2218.99462,-0.22583
2217.56944,-0.22065
2216.14427,-0.21546
2214.71910,-0.21026
2213.29392,-0.20514
2211.86875,-0.20023
2210.44358,-0.19550
2209.01840,-0.19073
2207.59323,-0.18579
2206.16806,-0.18076
2204.74288,-0.17570
2203.31771,-0.17063
2201.89254,-0.16562
2200.46736,-0.16072
2199.04219,-0.15596
2197.61702,-0.15139
2196.19184,-0.14706
2194.76667,-0.14292
2193.34150,-0.13879
2191.91633,-0.13459
2190.49115,-0.13038
2189.06598,-0.12631
2187.64081,-0.12241
2186.21563,-0.11859
2184.79046,-0.11484
2183.36529,-0.11126
2181.94011,-0.10794
2180.51494,-0.10482
2179.08977,-0.10181
2177.66459,-0.09890
2176.23942,-0.09619
2174.81425,-0.09366
2173.38907,-0.09121
2171.96390,-0.08875
2170.53873,-0.08633
2169.11355,-0.08402
2167.68838,-0.08191
2166.26321,-0.07996
2164.83804,-0.07809
2163.41286,-0.07624
2161.98769,-0.07444
2160.56252,-0.07272
2159.13734,-0.07111
2157.71217,-0.06960
2156.28700,-0.06821
2154.86182,-0.06695
2153.43665,-0.06576
2152.01148,-0.06457
2150.58630,-0.06335
2149.16113,-0.06214
2147.73596,-0.06098
2146.31078,-0.05986
2144.88561,-0.05878
2143.46044,-0.05780
2142.03526,-0.05698
2140.61009,-0.05623
2139.18492,-0.05538
2137.75975,-0.05438
2136.33457,-0.05336
2134.90940,-0.05241
2133.48423,-0.05156
2132.05905,-0.05074
2130.63388,-0.04993
2129.20871,-0.04912
2127.78353,-0.04832
2126.35836,-0.04749
2124.93319,-0.04659
2123.50801,-0.04561
2122.08284,-0.04462
2120.65767,-0.04366
2119.23249,-0.04276
2117.80732,-0.04189
2116.38215,-0.04099
2114.95697,-0.04003
2113.53180,-0.03904
2112.10663,-0.03807
2110.68146,-0.03714
2109.25628,-0.03622
2107.83111,-0.03528
2106.40594,-0.03432
2104.98076,-0.03336
2103.55559,-0.03242
2102.13042,-0.03149
2100.70524,-0.03057
2099.28007,-0.02968
2097.85490,-0.02881
2096.42972,-0.02795
2095.00455,-0.02708
2093.57938,-0.02624
2092.15420,-0.02544
2090.72903,-0.02465
2089.30386,-0.02388
2087.87868,-0.02313
2086.45351,-0.02239
2085.02834,-0.02169
2083.60316,-0.02107
2082.17799,-0.02053
2080.75282,-0.02001
2079.32765,-0.01949
2077.90247,-0.01895
2076.47730,-0.01843
2075.05213,-0.01793
2073.62695,-0.01747
2072.20178,-0.01705
2070.77661,-0.01666
2069.35143,-0.01630
2067.92626,-0.01596
2066.50109,-0.01563
2065.07591,-0.01533
2063.65074,-0.01504
2062.22557,-0.01477
2060.80039,-0.01453
2059.37522,-0.01433
2057.95005,-0.01418
2056.52487,-0.01408
2055.09970,-0.01402
2053.67453,-0.01396
2052.24936,-0.01391
2050.82418,-0.01385
2049.39901,-0.01380
2047.97384,-0.01374
2046.54866,-0.01370
2045.12349,-0.01367
2043.69832,-0.01365
2042.27314,-0.01364
2040.84797,-0.01365
2039.42280,-0.01369
2037.99762,-0.01373
2036.57245,-0.01374
2035.14728,-0.01372
2033.72210,-0.01372
2032.29693,-0.01375
2030.87176,-0.01379
2029.44658,-0.01379
2028.02141,-0.01376
2026.59624,-0.01369
2025.17107,-0.01363
2023.74589,-0.01358
2022.32072,-0.01353
2020.89555,-0.01345
2019.47037,-0.01334
2018.04520,-0.01320
2016.62003,-0.01304
2015.19485,-0.01287
2013.76968,-0.01268
2012.34451,-0.01248
2010.91933,-0.01226
2009.49416,-0.01203
2008.06899,-0.01181
2006.64381,-0.01157
2005.21864,-0.01132
2003.79347,-0.01107
2002.36829,-0.01082
2000.94312,-0.01056
1999.51795,-0.01026
1998.09278,-0.00993
1996.66760,-0.00957
1995.24243,-0.00923
1993.81726,-0.00893
1992.39208,-0.00865
1990.96691,-0.00840
1989.54174,-0.00815
1988.11656,-0.00789
1986.69139,-0.00761
1985.26622,-0.00734
1983.84104,-0.00708
1982.41587,-0.00685
1980.99070,-0.00665
1979.56552,-0.00647
1978.14035,-0.00628
1976.71518,-0.00609
1975.29000,-0.00591
1973.86483,-0.00576
1972.43966,-0.00565
1971.01449,-0.00555
1969.58931,-0.00546
1968.16414,-0.00537
1966.73897,-0.00531
1965.31379,-0.00526
1963.88862,-0.00525
1962.46345,-0.00527
1961.03827,-0.00533
1959.61310,-0.00539
1958.18793,-0.00545
1956.76275,-0.00548
1955.33758,-0.00551
1953.91241,-0.00556
1952.48723,-0.00565
1951.06206,-0.00580
1949.63689,-0.00597
1948.21171,-0.00616
1946.78654,-0.00632
1945.36137,-0.00645
1943.93619,-0.00657
1942.51102,-0.00669
1941.08585,-0.00683
1939.66068,-0.00699
1938.23550,-0.00717
1936.81033,-0.00735
1935.38516,-0.00753
1933.95998,-0.00765
1932.53481,-0.00776
1931.10964,-0.00788
1929.68446,-0.00804
1928.25929,-0.00819
1926.83412,-0.00830
1925.40894,-0.00839
1923.98377,-0.00848
1922.55860,-0.00859
1921.13342,-0.00869
1919.70825,-0.00874
1918.28308,-0.00873
1916.85790,-0.00870
1915.43273,-0.00869
1914.00756,-0.00871
1912.58239,-0.00872
1911.15721,-0.00872
1909.73204,-0.00867
1908.30687,-0.00858
1906.88169,-0.00847
1905.45652,-0.00836
1904.03135,-0.00826
1902.60617,-0.00816
1901.18100,-0.00804
1899.75583,-0.00790
1898.33065,-0.00776
1896.90548,-0.00761
1895.48031,-0.00748
1894.05513,-0.00735
1892.62996,-0.00722
1891.20479,-0.00708
1889.77961,-0.00690
1888.35444,-0.00670
1886.92927,-0.00652
1885.50410,-0.00635
1884.07892,-0.00621
1882.65375,-0.00606
1881.22858,-0.00590
1879.80340,-0.00574
1878.37823,-0.00560
1876.95306,-0.00549
1875.52788,-0.00539
1874.10271,-0.00530
1872.67754,-0.00522
1871.25236,-0.00514
1869.82719,-0.00506
1868.40202,-0.00501
1866.97684,-0.00500
1865.55167,-0.00504
1864.12650,-0.00509
1862.70132,-0.00514
1861.27615,-0.00519
1859.85098,-0.00521
1858.42581,-0.00523
1857.00063,-0.00530
1855.57546,-0.00544
1854.15029,-0.00561
1852.72511,-0.00576
1851.29994,-0.00587
1849.87477,-0.00598
1848.44959,-0.00610
1847.02442,-0.00624
1845.59925,-0.00641
1844.17407,-0.00663
1842.74890,-0.00688
1841.32373,-0.00714
1839.89855,-0.00739
1838.47338,-0.00765
1837.04821,-0.00790
1835.62303,-0.00815
1834.19786,-0.00841
1832.77269,-0.00866
1831.34751,-0.00890
1829.92234,-0.00913
1828.49717,-0.00936
1827.07200,-0.00956
1825.64682,-0.00973
1824.22165,-0.00989
1822.79648,-0.01007
1821.37130,-0.01027
1819.94613,-0.01045
1818.52096,-0.01057
1817.09578,-0.01065
1815.67061,-0.01070
1814.24544,-0.01075
1812.82026,-0.01080
1811.39509,-0.01080
1809.96992,-0.01074
1808.54474,-0.01069
1807.11957,-0.01065
1805.69440,-0.01063
1804.26922,-0.01058
1802.84405,-0.01047
1801.41888,-0.01029
1799.99371,-0.01009
1798.56853,-0.00991
1797.14336,-0.00975
1795.71819,-0.00960
1794.29301,-0.00941
1792.86784,-0.00915
1791.44267,-0.00888
1790.01749,-0.00867
1788.59232,-0.00854
1787.16715,-0.00841
1785.74197,-0.00825
1784.31680,-0.00808
1782.89163,-0.00793
1781.46645,-0.00779
1780.04128,-0.00764
1778.61611,-0.00749
1777.19093,-0.00737
1775.76576,-0.00727
1774.34059,-0.00712
1772.91542,-0.00691
1771.49024,-0.00671
1770.06507,-0.00662
1768.63990,-0.00662
1767.21472,-0.00665
1765.78955,-0.00668
1764.36438,-0.00668
1762.93920,-0.00666
1761.51403,-0.00664
1760.08886,-0.00664
1758.66368,-0.00665
1757.23851,-0.00665
1755.81334,-0.00662
1754.38816,-0.00660
1752.96299,-0.00659
1751.53782,-0.00657
1750.11264,-0.00656
1748.68747,-0.00657
1747.26230,-0.00656
1745.83713,-0.00652
1744.41195,-0.00645
1742.98678,-0.00640
1741.56161,-0.00637
1740.13643,-0.00633
1738.71126,-0.00629
1737.28609,-0.00628
1735.86091,-0.00627
1734.43574,-0.00619
1733.01057,-0.00607
1731.58539,-0.00601
1730.16022,-0.00602
1728.73505,-0.00603
1727.30987,-0.00604
1725.88470,-0.00603
1724.45953,-0.00600
1723.03435,-0.00597
1721.60918,-0.00596
1720.18401,-0.00594
1718.75884,-0.00585
1717.33366,-0.00565
1715.90849,-0.00544
1714.48332,-0.00529
1713.05814,-0.00520
1711.63297,-0.00511
1710.20780,-0.00502
1708.78262,-0.00488
1707.35745,-0.00461
1705.93228,-0.00424
1704.50710,-0.00389
1703.08193,-0.00358
1701.65676,-0.00312
1700.23158,-0.00243
1698.80641,-0.00170
1697.38124,-0.00102
1695.95606,-0.00022
1694.53089,0.00068
1693.10572,0.00156
1691.68054,0.00257
1690.25537,0.00395
1688.83020,0.00558
1687.40503,0.00729
1685.97985,0.00940
1684.55468,0.01238
1683.12951,0.01555
1681.70433,0.01801
1680.27916,0.01999
1678.85399,0.02191
1677.42881,0.02405
1676.00364,0.02661
1674.57847,0.02939
1673.15329,0.03198
1671.72812,0.03449
1670.30295,0.03742
1668.87777,0.04068
1667.45260,0.04352
1666.02743,0.04581
1664.60225,0.04800
1663.17708,0.05039
1661.75191,0.05269
1660.32674,0.05452
1658.90156,0.05585
1657.47639,0.05684
1656.05122,0.05769
1654.62604,0.05878
1653.20087,0.06024
1651.77570,0.06125
1650.35052,0.06154
1648.92535,0.06166
1647.50018,0.06206
1646.07500,0.06274
1644.64983,0.06332
1643.22466,0.06368
1641.79948,0.06398
1640.37431,0.06427
1638.94914,0.06462
1637.52396,0.06523
1636.09879,0.06636
1634.67362,0.06781
1633.24845,0.06911
1631.82327,0.07024
1630.39810,0.07141
1628.97293,0.07268
1627.54775,0.07379
1626.12258,0.07428
1624.69741,0.07364
1623.27223,0.07140
1621.84706,0.06775
1620.42189,0.06329
1618.99671,0.05800
1617.57154,0.05125
1616.14637,0.04352
1614.72119,0.03650
1613.29602,0.03064
1611.87085,0.02528
1610.44567,0.02006
1609.02050,0.01510
1607.59533,0.01063
1606.17016,0.00675
1604.74498,0.00342
1603.31981,0.00052
1601.89464,-0.00199
1600.46946,-0.00413
1599.04429,-0.00591
1597.61912,-0.00738
1596.19394,-0.00861
1594.76877,-0.00967
1593.34360,-0.01055
1591.91842,-0.01124
1590.49325,-0.01178
1589.06808,-0.01222
1587.64290,-0.01263
1586.21773,-0.01305
1584.79256,-0.01351
1583.36738,-0.01399
1581.94221,-0.01453
1580.51704,-0.01512
1579.09187,-0.01572
1577.66669,-0.01624
1576.24152,-0.01666
1574.81635,-0.01705
1573.39117,-0.01752
1571.96600,-0.01806
1570.54083,-0.01862
1569.11565,-0.01910
1567.69048,-0.01949
1566.26531,-0.01988
1564.84013,-0.02033
1563.41496,-0.02085
1561.98979,-0.02137
1560.56461,-0.02183
1559.13944,-0.02220
1557.71427,-0.02260
1556.28909,-0.02309
1554.86392,-0.02363
1553.43875,-0.02418
1552.01357,-0.02475
1550.58840,-0.02534
1549.16323,-0.02593
1547.73806,-0.02652
1546.31288,-0.02709
1544.88771,-0.02765
1543.46254,-0.02820
1542.03736,-0.02876
1540.61219,-0.02939
1539.18702,-0.03016
1537.76184,-0.03100
1536.33667,-0.03182
1534.91150,-0.03258
1533.48632,-0.03328
1532.06115,-0.03396
1530.63598,-0.03465
1529.21080,-0.03532
1527.78563,-0.03595
1526.36046,-0.03649
1524.93528,-0.03692
1523.51011,-0.03714
1522.08494,-0.03695
1520.65977,-0.03628
1519.23459,-0.03537
1517.80942,-0.03449
1516.38425,-0.03407
1514.95907,-0.03456
1513.53390,-0.03594
1512.10873,-0.03780
1510.68355,-0.03972
1509.25838,-0.04147
1507.83321,-0.04293
1506.40803,-0.04407
1504.98286,-0.04496
1503.55769,-0.04577
1502.13251,-0.04654
1500.70734,-0.04729
1499.28217,-0.04794
1497.85699,-0.04848
1496.43182,-0.04902
1495.00665,-0.04968
1493.58148,-0.05041
1492.15630,-0.05108
1490.73113,-0.05158
1489.30596,-0.05191
1487.88078,-0.05221
1486.45561,-0.05254
1485.03044,-0.05283
1483.60526,-0.05298
1482.18009,-0.05295
1480.75492,-0.05281
1479.32974,-0.05263
1477.90457,-0.05241
1476.47940,-0.05206
1475.05422,-0.05144
1473.62905,-0.05051
1472.20388,-0.04953
1470.77870,-0.04895
1469.35353,-0.04885
1467.92836,-0.04894
1466.50319,-0.04896
1465.07801,-0.04881
1463.65284,-0.04861
1462.22767,-0.04855
1460.80249,-0.04861
1459.37732,-0.04847
1457.95215,-0.04764
1456.52697,-0.04622
1455.10180,-0.04502
1453.67663,-0.04427
1452.25145,-0.04366
1450.82628,-0.04290
1449.40111,-0.04188
1447.97593,-0.04062
1446.55076,-0.03931
1445.12559,-0.03809
1443.70041,-0.03696
1442.27524,-0.03590
1440.85007,-0.03497
1439.42490,-0.03408
1437.99972,-0.03302
1436.57455,-0.03186
1435.14938,-0.03108
1433.72420,-0.03084
1432.29903,-0.03087
1430.87386,-0.03087
1429.44868,-0.03080
1428.02351,-0.03075
1426.59834,-0.03074
1425.17316,-0.03077
1423.74799,-0.03083
1422.32282,-0.03086
1420.89764,-0.03069
1419.47247,-0.03024
1418.04730,-0.02973
1416.62212,-0.02941
1415.19695,-0.02919
1413.77178,-0.02890
1412.34660,-0.02847
1410.92143,-0.02795
1409.49626,-0.02741
1408.07109,-0.02690
1406.64591,-0.02640
1405.22074,-0.02589
1403.79557,-0.02542
1402.37039,-0.02504
1400.94522,-0.02466
1399.52005,-0.02418
1398.09487,-0.02358
1396.66970,-0.02286
1395.24453,-0.02202
1393.81935,-0.02118
1392.39418,-0.02046
1390.96901,-0.01984
1389.54383,-0.01918
1388.11866,-0.01845
1386.69349,-0.01774
1385.26831,-0.01717
1383.84314,-0.01673
1382.41797,-0.01629
1380.99280,-0.01579
1379.56762,-0.01520
1378.14245,-0.01453
1376.71728,-0.01379
1375.29210,-0.01303
1373.86693,-0.01237
1372.44176,-0.01186
1371.01658,-0.01148
1369.59141,-0.01117
1368.16624,-0.01093
1366.74106,-0.01077
1365.31589,-0.01070
1363.89072,-0.01064
1362.46554,-0.01056
1361.04037,-0.01049
1359.61520,-0.01045
1358.19002,-0.01047
1356.76485,-0.01052
1355.33968,-0.01063
1353.91451,-0.01076
1352.48933,-0.01086
1351.06416,-0.01091
1349.63899,-0.01100
1348.21381,-0.01120
1346.78864,-0.01152
1345.36347,-0.01191
1343.93829,-0.01231
1342.51312,-0.01273
1341.08795,-0.01321
1339.66277,-0.01379
1338.23760,-0.01443
1336.81243,-0.01509
1335.38725,-0.01571
1333.96208,-0.01629
1332.53691,-0.01688
1331.11173,-0.01748
1329.68656,-0.01815
1328.26139,-0.01892
1326.83622,-0.01975
1325.41104,-0.02056
1323.98587,-0.02130
1322.56070,-0.02200
1321.13552,-0.02272
1319.71035,-0.02342
1318.28518,-0.02408
1316.86000,-0.02472
1315.43483,-0.02535
1314.00966,-0.02594
1312.58448,-0.02648
1311.15931,-0.02705
1309.73414,-0.02771
1308.30896,-0.02845
1306.88379,-0.02921
1305.45862,-0.02996
1304.03344,-0.03074
1302.60827,-0.03157
1301.18310,-0.03245
1299.75793,-0.03336
1298.33275,-0.03430
1296.90758,-0.03529
1295.48241,-0.03641
1294.05723,-0.03762
1292.63206,-0.03886
1291.20689,-0.04014
1289.78171,-0.04152
1288.35654,-0.04306
1286.93137,-0.04471
1285.50619,-0.04635
1284.08102,-0.04803
1282.65585,-0.04987
1281.23067,-0.05195
1279.80550,-0.05426
1278.38033,-0.05677
1276.95515,-0.05952
1275.52998,-0.06256
1274.10481,-0.06589
1272.67963,-0.06947
1271.25446,-0.07333
1269.82929,-0.07761
1268.40412,-0.08248
1266.97894,-0.08800
1265.55377,-0.09414
1264.12860,-0.10087
1262.70342,-0.10825
1261.27825,-0.11642
1259.85308,-0.12557
1258.42790,-0.13591
1257.00273,-0.14765
1255.57756,-0.16085
1254.15238,-0.17537
1252.72721,-0.19106
1251.30204,-0.20775
1249.87686,-0.22532
1248.45169,-0.24360
1247.02652,-0.26244
1245.60134,-0.28158
1244.17617,-0.30073
1242.75100,-0.31931
1241.32583,-0.33664
1239.90065,-0.35244
1238.47548,-0.36690
1237.05031,-0.38004
1235.62513,-0.39155
1234.19996,-0.40128
1232.77479,-0.40922
1231.34961,-0.41533
1229.92444,-0.41994
1228.49927,-0.42383
1227.07409,-0.42754
1225.64892,-0.43087
1224.22375,-0.43335
1222.79857,-0.43502
1221.37340,-0.43642
1219.94823,-0.43790
1218.52305,-0.43928
1217.09788,-0.44014
1215.67271,-0.44027
1214.24754,-0.44015
1212.82236,-0.44054
1211.39719,-0.44137
1209.97202,-0.44196
1208.54684,-0.44224
1207.12167,-0.44275
1205.69650,-0.44359
1204.27132,-0.44450
1202.84615,-0.44545
1201.42098,-0.44666
1199.99580,-0.44819
1198.57063,-0.44971
1197.14546,-0.45061
1195.72028,-0.45070
1194.29511,-0.45036
1192.86994,-0.44989
1191.44476,-0.44925
1190.01959,-0.44828
1188.59442,-0.44636
1187.16925,-0.44257
1185.74407,-0.43670
1184.31890,-0.42941
1182.89373,-0.42134
1181.46855,-0.41262
1180.04338,-0.40308
1178.61821,-0.39228
1177.19303,-0.37976
1175.76786,-0.36542
1174.34269,-0.34989
1172.91751,-0.33429
1171.49234,-0.31937
1170.06717,-0.30500
1168.64199,-0.29075
1167.21682,-0.27656
1165.79165,-0.26264
1164.36647,-0.24921
1162.94130,-0.23660
1161.51613,-0.22526
1160.09096,-0.21524
1158.66578,-0.20601
1157.24061,-0.19703
1155.81544,-0.18849
1154.39026,-0.18083
1152.96509,-0.17399
1151.53992,-0.16754
1150.11474,-0.16131
1148.68957,-0.15554
1147.26440,-0.15043
1145.83922,-0.14601
1144.41405,-0.14212
1142.98888,-0.13841
1141.56370,-0.13466
1140.13853,-0.13101
1138.71336,-0.12778
1137.28818,-0.12514
1135.86301,-0.12298
1134.43784,-0.12088
1133.01266,-0.11856
1131.58749,-0.11611
1130.16232,-0.11389
1128.73715,-0.11217
1127.31197,-0.11090
1125.88680,-0.10975
1124.46163,-0.10826
1123.03645,-0.10637
1121.61128,-0.10445
1120.18611,-0.10284
1118.76093,-0.10154
1117.33576,-0.10045
1115.91059,-0.09946
1114.48541,-0.09844
1113.06024,-0.09729
1111.63507,-0.09602
1110.20989,-0.09475
1108.78472,-0.09368
1107.35955,-0.09281
1105.93437,-0.09194
1104.50920,-0.09094
1103.08403,-0.09011
1101.65886,-0.08976
1100.23368,-0.08963
1098.80851,-0.08913
1097.38334,-0.08794
1095.95816,-0.08620
1094.53299,-0.08446
1093.10782,-0.08323
1091.68264,-0.08250
1090.25747,-0.08173
1088.83230,-0.08064
1087.40712,-0.07957
1085.98195,-0.07879
1084.55678,-0.07804
1083.13160,-0.07699
1081.70643,-0.07577
1080.28126,-0.07471
1078.85608,-0.07401
1077.43091,-0.07376
1076.00574,-0.07379
1074.58057,-0.07360
1073.15539,-0.07266
1071.73022,-0.07100
1070.30505,-0.06920
1068.87987,-0.06806
1067.45470,-0.06802
1066.02953,-0.06880
1064.60435,-0.06957
1063.17918,-0.06963
1061.75401,-0.06892
1060.32883,-0.06801
1058.90366,-0.06761
1057.47849,-0.06798
1056.05331,-0.06876
1054.62814,-0.06935
1053.20297,-0.06957
1051.77779,-0.06960
1050.35262,-0.06961
1048.92745,-0.06961
1047.50228,-0.06962
1046.07710,-0.06957
1044.65193,-0.06935
1043.22676,-0.06917
1041.80158,-0.06941
1040.37641,-0.06997
1038.95124,-0.07043
1037.52606,-0.07083
1036.10089,-0.07144
1034.67572,-0.07207
1033.25054,-0.07238
1031.82537,-0.07254
1030.40020,-0.07292
1028.97502,-0.07336
1027.54985,-0.07313
1026.12468,-0.07197
1024.69950,-0.07072
1023.27433,-0.07061
1021.84916,-0.07192
1020.42399,-0.07391
1018.99881,-0.07574
1017.57364,-0.07681
1016.14847,-0.07685
1014.72329,-0.07633
1013.29812,-0.07609
1011.87295,-0.07628
1010.44777,-0.07637
1009.02260,-0.07595
1007.59743,-0.07517
1006.17225,-0.07453
1004.74708,-0.07469
1003.32191,-0.07576
1001.89673,-0.07689
1000.47156,-0.07709
999.04639,-0.07612
997.62121,-0.07439
996.19604,-0.07271
994.77087,-0.07200
993.34569,-0.07238
991.92052,-0.07281
990.49535,-0.07248
989.07018,-0.07234
987.64500,-0.07380
986.21983,-0.07636
984.79466,-0.07810
983.36948,-0.07786
981.94431,-0.07503
980.51914,-0.06922
979.09396,-0.06225
977.66879,-0.05800
976.24362,-0.05790
974.81844,-0.05938
973.39327,-0.06094
971.96810,-0.06497
970.54292,-0.07326
969.11775,-0.08297
967.69258,-0.08901
966.26740,-0.08908
964.84223,-0.08445
963.41706,-0.07670
961.99189,-0.06753
960.56671,-0.06195
959.14154,-0.06556
957.71637,-0.07675
956.29119,-0.08633
954.86602,-0.08790
953.44085,-0.08474
952.01567,-0.08306
950.59050,-0.08156
949.16533,-0.07254
947.74015,-0.05625
946.31498,-0.04493
944.88981,-0.04676
943.46463,-0.05749
942.03946,-0.06859
940.61429,-0.07438
939.18911,-0.06977
937.76394,-0.05282
936.33877,-0.03439
934.91360,-0.03046
933.48842,-0.03793
932.06325,-0.03863
930.63808,-0.02943
929.21290,-0.02871
927.78773,-0.06037
926.36256,-0.12013
924.93738,-0.17831
923.51221,-0.22385
922.08704,-0.24375
920.66186,-0.21500
919.23669,-0.20287
917.81152,-0.21481
916.38634,-0.16654
914.96117,-0.09602
913.53600,-0.04950
912.11082,-0.01287
910.68565,0.00268
909.26048,-0.02309
907.83531,-0.09733
906.41013,-0.23851
904.98496,-0.20232
903.55979,-0.12227
902.13461,-0.16312
900.70944,-0.25781
899.28427,-0.12930
897.85909,0.00562
896.43392,0.12193
895.00875,0.11015
893.58357,0.13613
892.15840,0.21469
890.73323,0.47656
889.30805,0.73384
887.88288,0.69982
886.45771,0.56912
885.03253,0.46398
883.60736,0.38450
882.18219,0.16106
880.75701,-0.08855
879.33184,-0.28107
877.90667,-0.31338
876.48150,-0.18083
875.05632,-0.02300
873.63115,-0.07984
872.20598,-0.19833
870.78080,-0.12086
869.35563,-0.07448
867.93046,-0.06002
866.50528,0.06421
865.08011,0.25494
863.65494,0.37121
862.22976,0.30606
860.80459,0.15673
859.37942,0.07933
857.95424,0.10314
856.52907,0.19837
855.10390,0.13426
853.67872,0.08976
852.25355,0.13076
850.82838,0.33675
849.40321,0.32153
847.97803,0.15600
846.55286,0.08058
845.12769,0.01750
843.70251,-0.04216
842.27734,-0.03387
840.85217,0.08433
839.42699,0.26314
838.00182,0.25111
836.57665,0.09333
835.15147,-0.13268
833.72630,-0.41758
832.30113,-0.28847
830.87595,-0.01013
829.45078,0.05909
828.02561,0.01751
826.60043,0.06592
825.17526,0.21491
823.75009,0.10124
822.32492,-0.03877
820.89974,-0.05105
819.47457,0.04978
818.04940,0.07732
816.62422,0.17434
815.19905,0.20953
813.77388,0.07559
812.34870,-0.01617
810.92353,0.45411
809.49836,0.63852
808.07318,0.47090
806.64801,0.21985
805.22284,0.02568
803.79766,-0.07822
802.37249,0.03191
800.94732,0.15454
799.52214,0.11480
798.09697,0.04916
796.67180,0.15555
795.24663,0.40732
793.82145,0.44951
792.39628,0.26724
790.97111,0.19146
789.54593,0.43920
788.12076,0.59863
786.69559,0.18455
785.27041,0.10835
783.84524,0.12786
782.42007,0.12665
780.99489,0.28393
779.56972,0.32980
778.14455,0.20644
776.71937,0.01319
775.29420,-0.22891
773.86903,-0.12788
772.44385,-0.02651
771.01868,-0.02729
769.59351,0.02257
768.16834,0.15724
766.74316,0.31437
765.31799,0.41722
763.89282,0.49006
762.46764,0.31457
761.04247,0.21380
759.61730,0.17400
758.19212,0.04739
756.76695,-0.15317
755.34178,-0.34171
753.91660,-0.38323
752.49143,-0.07377
751.06626,0.53504
749.64108,0.47011
748.21591,0.13328
746.79074,-0.05865
745.36556,-0.37396
743.94039,-0.60827
742.51522,-0.23272
741.09004,-0.11737
739.66487,0.02108
738.23970,0.07298
736.81453,-0.05994
735.38935,-0.31730
733.96418,-0.29983
732.53901,-0.03126
731.11383,0.19129
729.68866,0.38069
728.26349,0.24324
726.83831,0.05963
725.41314,-0.10795
723.98797,-0.17816
722.56279,-0.10628
721.13762,-0.00893
719.71245,0.04635
718.28727,-0.05057
716.86210,-0.25444
715.43693,-0.20728
714.01175,-0.12976
712.58658,-0.12494
711.16141,-0.23533
709.73624,-0.19107
708.31106,-0.08170
706.88589,-0.16778
705.46072,-0.14249
704.03554,-0.14524
702.61037,-0.12199
701.18520,-0.05038
699.76002,-0.11057
698.33485,-0.26441
696.90968,-0.19016
695.48450,-0.03783
694.05933,0.02817
692.63416,0.13166
691.20898,0.23273
689.78381,0.18797
688.35864,0.04675
686.93346,0.06198
685.50829,0.03802
684.08312,0.05343
682.65795,0.07754
681.23277,0.04330
679.80760,0.02735
678.38243,0.03298
676.95725,-0.05568
675.53208,-0.14200
674.10691,-0.00847
672.68173,0.30781
671.25656,0.21794
669.83139,-0.04391
668.40621,-0.05419
666.98104,0.10589
665.55587,0.14545
664.13069,-0.10881
662.70552,0.03087
661.28035,0.12538
659.85517,0.05664
658.43000,-0.37362
657.00483,0.20165
655.57966,0.26230
654.15448,0.01532
652.72931,-0.08933
651.30414,-0.04333
649.87896,-0.41299
648.45379,-0.45278
647.02862,-0.18910
645.60344,0.01071
644.17827,0.01653
642.75310,-0.16196
641.32792,-0.04889
639.90275,0.31063
638.47758,0.35694
637.05240,0.01204
635.62723,-0.26020
634.20206,-0.24126
632.77688,-0.18395
631.35171,-0.06810
629.92654,0.04808
628.50137,-0.00363
627.07619,-0.31955
625.65102,-0.52483
624.22585,-0.40095
622.80067,-0.08842
621.37550,-0.07754
619.95033,-0.18701
618.52515,0.10851
617.09998,0.40246
615.67481,0.52725
614.24963,0.61631
612.82446,0.46830
611.39929,0.41308
609.97411,0.29807
608.54894,0.21463
607.12377,0.11623
605.69859,-0.21836
604.27342,-0.38166
602.84825,-0.39538
601.42307,-0.44276
599.99790,-0.46513
598.57273,-0.74735
597.14756,-0.15642
595.72238,0.05399
594.29721,-0.03763
592.87204,-0.26659
591.44686,-0.01438
590.02169,0.00075
588.59652,-0.15785
587.17134,-0.27983
585.74617,-0.30532
584.32100,-0.17562
582.89582,-0.04031
581.47065,0.02042
580.04548,0.01689
578.62030,0.03906
577.19513,-0.03626
575.76996,-0.26777
574.34478,-0.71344
572.91961,-0.47354
571.49444,-0.14512
570.06927,0.00212
568.64409,0.15695
567.21892,0.21244
565.79375,0.24100
564.36857,0.10686
562.94340,0.11633
561.51823,0.22628
560.09305,0.27398
558.66788,0.23069
557.24271,0.12010
555.81753,-0.03500
554.39236,-0.05979
552.96719,-0.05507
551.54201,-0.14937
550.11684,-0.07536
548.69167,0.05472
547.26649,0.22163
545.84132,0.18323
544.41615,0.01405
542.99098,-0.13342
541.56580,-0.03184
540.14063,0.12451
538.71546,0.22170
537.29028,0.08265
535.86511,0.07565
534.43994,0.10161
533.01476,0.17677
531.58959,0.64998
530.16442,0.43660
528.73924,0.22279
527.31407,0.12413
525.88890,0.09242
524.46372,-0.09840
523.03855,-0.12740
521.61338,0.07397
520.18820,0.39466
518.76303,0.25162
517.33786,-0.05834
515.91269,-0.03152
514.48751,0.17227
513.06234,0.24260
511.63717,0.33865
510.21199,0.44522
508.78682,0.40367
507.36165,0.14964
505.93647,0.08674
504.51130,0.22756
503.08613,0.35315
501.66095,0.15920
500.23578,0.05366
498.81061,-0.02914
497.38543,0.00667
495.96026,-0.14571
494.53509,-0.19181
493.10991,-0.10951
491.68474,-0.04055
490.25957,0.00417
488.83440,0.02154
487.40922,0.10805
485.98405,0.22924
484.55888,0.27637
483.13370,0.33165
481.70853,0.37949
480.28336,0.26191
478.85818,0.28815
477.43301,0.40671
476.00784,0.06418
474.58266,-0.02846
473.15749,0.04902
471.73232,0.21901
470.30714,0.30437
468.88197,0.47519
467.45680,0.32373
466.03162,0.20527
464.60645,0.07752
463.18128,-0.05416
461.75610,-0.23235
460.33093,-0.21319
458.90576,0.12605
457.48059,0.24320
456.05541,0.04847
454.63024,-0.11375
453.20507,-0.17739
451.77989,-0.19466
450.35472,-0.26941
448.92955,-0.24339
447.50437,0.16986
446.07920,0.29315
444.65403,0.30021
443.22885,0.30218
441.80368,0.34809
440.37851,0.21863
438.95333,-0.04009
437.52816,-0.02601
436.10299,0.13641
434.67781,0.22932
433.25264,0.14706
431.82747,0.03000
430.40230,0.03810
428.97712,0.18965
427.55195,0.31133
426.12678,0.35946
424.70160,0.16535
423.27643,-0.07127
421.85126,-0.10431
420.42608,0.12979
419.00091,0.16087
417.57574,0.22517
416.15056,0.18615
414.72539,0.21045
413.30022,0.14030
411.87504,0.00947
410.44987,0.01251
409.02470,0.06902
407.59952,0.15652
406.17435,0.16800
404.74918,0.09172
403.32401,0.07051
401.89883,0.13312
400.47366,0.31376
399.04849,0.77412
