3997.61072,0.00216
3996.18555,0.00220
3994.76038,0.00221
3993.33520,0.00221
3991.91003,0.00224
3990.48486,0.00229
3989.05968,0.00235
3987.63451,0.00239
3986.20934,0.00243
3984.78416,0.00248
3983.35899,0.00252
3981.93382,0.00256
3980.50865,0.00256
3979.08347,0.00253
3977.65830,0.00248
3976.23313,0.00245
3974.80795,0.00247
3973.38278,0.00249
3971.95761,0.00251
3970.53243,0.00252
3969.10726,0.00250
3967.68209,0.00244
3966.25691,0.00235
3964.83174,0.00227
3963.40657,0.00225
3961.98139,0.00225
3960.55622,0.00225
3959.13105,0.00221
3957.70587,0.00214
3956.28070,0.00205
3954.85553,0.00198
3953.43036,0.00195
3952.00518,0.00196
3950.58001,0.00196
3949.15484,0.00193
3947.72966,0.00185
3946.30449,0.00178
3944.87932,0.00172
3943.45414,0.00166
3942.02897,0.00157
3940.60380,0.00146
3939.17862,0.00136
3937.75345,0.00124
3936.32828,0.00111
3934.90310,0.00096
3933.47793,0.00080
3932.05276,0.00064
3930.62758,0.00046
3929.20241,0.00031
3927.77724,0.00020
3926.35207,0.00009
3924.92689,-0.00003
3923.50172,-0.00017
3922.07655,-0.00032
3920.65137,-0.00047
3919.22620,-0.00063
3917.80103,-0.00083
3916.37585,-0.00109
3914.95068,-0.00135
3913.52551,-0.00157
3912.10033,-0.00173
3910.67516,-0.00188
3909.24999,-0.00200
3907.82481,-0.00209
3906.39964,-0.00211
3904.97447,-0.00210
3903.54929,-0.00216
3902.12412,-0.00234
3900.69895,-0.00255
3899.27378,-0.00273
3897.84860,-0.00289
3896.42343,-0.00307
3894.99826,-0.00326
3893.57308,-0.00343
3892.14791,-0.00360
3890.72274,-0.00380
3889.29756,-0.00400
3887.87239,-0.00414
3886.44722,-0.00423
3885.02204,-0.00435
3883.59687,-0.00449
3882.17170,-0.00452
3880.74652,-0.00438
3879.32135,-0.00425
3877.89618,-0.00429
3876.47100,-0.00445
3875.04583,-0.00463
3873.62066,-0.00477
3872.19548,-0.00483
3870.77031,-0.00475
3869.34514,-0.00463
3867.91997,-0.00463
3866.49479,-0.00473
3865.06962,-0.00482
3863.64445,-0.00486
3862.21927,-0.00488
3860.79410,-0.00492
3859.36893,-0.00497
3857.94375,-0.00501
3856.51858,-0.00500
3855.09341,-0.00487
3853.66823,-0.00457
3852.24306,-0.00430
3850.81789,-0.00426
3849.39271,-0.00440
3847.96754,-0.00460
3846.54237,-0.00479
3845.11719,-0.00492
3843.69202,-0.00498
3842.26685,-0.00498
3840.84168,-0.00493
3839.41650,-0.00485
3837.99133,-0.00476
3836.56616,-0.00473
3835.14098,-0.00472
3833.71581,-0.00469
3832.29064,-0.00460
3830.86546,-0.00452
3829.44029,-0.00447
3828.01512,-0.00444
3826.58994,-0.00440
3825.16477,-0.00439
3823.73960,-0.00439
3822.31442,-0.00437
3820.88925,-0.00436
3819.46408,-0.00440
3818.03890,-0.00439
3816.61373,-0.00423
3815.18856,-0.00397
3813.76339,-0.00381
3812.33821,-0.00376
3810.91304,-0.00372
3809.48787,-0.00363
3808.06269,-0.00343
3806.63752,-0.00318
3805.21235,-0.00299
3803.78717,-0.00284
3802.36200,-0.00265
3800.93683,-0.00245
3799.51165,-0.00233
3798.08648,-0.00224
3796.66131,-0.00212
3795.23613,-0.00201
3793.81096,-0.00194
3792.38579,-0.00186
3790.96061,-0.00174
3789.53544,-0.00163
3788.11027,-0.00156
3786.68510,-0.00149
3785.25992,-0.00140
3783.83475,-0.00131
3782.40958,-0.00124
3780.98440,-0.00115
3779.55923,-0.00101
3778.13406,-0.00087
3776.70888,-0.00079
3775.28371,-0.00077
3773.85854,-0.00075
3772.43336,-0.00067
3771.00819,-0.00055
3769.58302,-0.00045
3768.15784,-0.00041
3766.73267,-0.00040
3765.30750,-0.00040
3763.88232,-0.00041
3762.45715,-0.00040
3761.03198,-0.00035
3759.60681,-0.00030
3758.18163,-0.00029
3756.75646,-0.00034
3755.33129,-0.00040
3753.90611,-0.00041
3752.48094,-0.00035
3751.05577,-0.00026
3749.63059,-0.00025
3748.20542,-0.00031
3746.78025,-0.00038
3745.35507,-0.00041
3743.92990,-0.00046
3742.50473,-0.00059
3741.07955,-0.00076
3739.65438,-0.00089
3738.22921,-0.00091
3736.80403,-0.00085
3735.37886,-0.00081
3733.95369,-0.00088
3732.52851,-0.00099
3731.10334,-0.00106
3729.67817,-0.00109
3728.25300,-0.00109
3726.82782,-0.00108
3725.40265,-0.00106
3723.97748,-0.00103
3722.55230,-0.00100
3721.12713,-0.00098
3719.70196,-0.00099
3718.27678,-0.00104
3716.85161,-0.00112
3715.42644,-0.00121
3714.00126,-0.00126
3712.57609,-0.00122
3711.15092,-0.00108
3709.72574,-0.00097
3708.30057,-0.00096
3706.87540,-0.00102
3705.45022,-0.00109
3704.02505,-0.00110
3702.59988,-0.00107
3701.17471,-0.00102
3699.74953,-0.00099
3698.32436,-0.00098
3696.89919,-0.00097
3695.47401,-0.00098
3694.04884,-0.00099
3692.62367,-0.00102
3691.19849,-0.00108
3689.77332,-0.00118
3688.34815,-0.00130
3686.92297,-0.00138
3685.49780,-0.00143
3684.07263,-0.00149
3682.64745,-0.00162
3681.22228,-0.00179
3679.79711,-0.00196
3678.37193,-0.00208
3676.94676,-0.00210
3675.52159,-0.00212
3674.09642,-0.00228
3672.67124,-0.00253
3671.24607,-0.00276
3669.82090,-0.00298
3668.39572,-0.00323
3666.97055,-0.00352
3665.54538,-0.00384
3664.12020,-0.00415
3662.69503,-0.00445
3661.26986,-0.00478
3659.84468,-0.00512
3658.41951,-0.00548
3656.99434,-0.00581
3655.56916,-0.00614
3654.14399,-0.00648
3652.71882,-0.00684
3651.29364,-0.00722
3649.86847,-0.00765
3648.44330,-0.00815
3647.01813,-0.00874
3645.59295,-0.00936
3644.16778,-0.00996
3642.74261,-0.01048
3641.31743,-0.01095
3639.89226,-0.01145
3638.46709,-0.01201
3637.04191,-0.01260
3635.61674,-0.01316
3634.19157,-0.01369
3632.76639,-0.01422
3631.34122,-0.01475
3629.91605,-0.01528
3628.49087,-0.01583
3627.06570,-0.01642
3625.64053,-0.01704
3624.21535,-0.01767
3622.79018,-0.01829
3621.36501,-0.01886
3619.93984,-0.01938
3618.51466,-0.01989
3617.08949,-0.02050
3615.66432,-0.02121
3614.23914,-0.02193
3612.81397,-0.02260
3611.38880,-0.02321
3609.96362,-0.02372
3608.53845,-0.02415
3607.11328,-0.02457
3605.68810,-0.02507
3604.26293,-0.02566
3602.83776,-0.02630
3601.41258,-0.02696
3599.98741,-0.02761
3598.56224,-0.02824
3597.13706,-0.02878
3595.71189,-0.02926
3594.28672,-0.02977
3592.86154,-0.03037
3591.43637,-0.03102
3590.01120,-0.03162
3588.58603,-0.03210
3587.16085,-0.03254
3585.73568,-0.03310
3584.31051,-0.03382
3582.88533,-0.03456
3581.46016,-0.03522
3580.03499,-0.03581
3578.60981,-0.03637
3577.18464,-0.03696
3575.75947,-0.03767
3574.33429,-0.03849
3572.90912,-0.03943
3571.48395,-0.04041
3570.05877,-0.04134
3568.63360,-0.04212
3567.20843,-0.04278
3565.78325,-0.04344
3564.35808,-0.04421
3562.93291,-0.04512
3561.50774,-0.04611
3560.08256,-0.04714
3558.65739,-0.04818
3557.23222,-0.04924
3555.80704,-0.05032
3554.38187,-0.05139
3552.95670,-0.05240
3551.53152,-0.05333
3550.10635,-0.05428
3548.68118,-0.05531
3547.25600,-0.05641
3545.83083,-0.05755
3544.40566,-0.05875
3542.98048,-0.06001
3541.55531,-0.06129
3540.13014,-0.06255
3538.70496,-0.06376
3537.27979,-0.06494
3535.85462,-0.06612
3534.42945,-0.06734
3533.00427,-0.06860
3531.57910,-0.06989
3530.15393,-0.07110
3528.72875,-0.07217
3527.30358,-0.07318
3525.87841,-0.07423
3524.45323,-0.07536
3523.02806,-0.07657
3521.60289,-0.07790
3520.17771,-0.07927
3518.75254,-0.08061
3517.32737,-0.08183
3515.90219,-0.08288
3514.47702,-0.08377
3513.05185,-0.08454
3511.62667,-0.08529
3510.20150,-0.08617
3508.77633,-0.08720
3507.35116,-0.08824
3505.92598,-0.08912
3504.50081,-0.08984
3503.07564,-0.09062
3501.65046,-0.09164
3500.22529,-0.09281
3498.80012,-0.09381
3497.37494,-0.09451
3495.94977,-0.09511
3494.52460,-0.09582
3493.09942,-0.09662
3491.67425,-0.09741
3490.24908,-0.09816
3488.82390,-0.09892
3487.39873,-0.09966
3485.97356,-0.10037
3484.54838,-0.10105
3483.12321,-0.10170
3481.69804,-0.10237
3480.27287,-0.10311
3478.84769,-0.10397
3477.42252,-0.10486
3475.99735,-0.10564
3474.57217,-0.10629
3473.14700,-0.10681
3471.72183,-0.10719
3470.29665,-0.10751
3468.87148,-0.10801
3467.44631,-0.10887
3466.02113,-0.11001
3464.59596,-0.11112
3463.17079,-0.11201
3461.74561,-0.11273
3460.32044,-0.11349
3458.89527,-0.11438
3457.47009,-0.11517
3456.04492,-0.11565
3454.61975,-0.11589
3453.19457,-0.11620
3451.76940,-0.11680
3450.34423,-0.11762
3448.91906,-0.11832
3447.49388,-0.11866
3446.06871,-0.11875
3444.64354,-0.11888
3443.21836,-0.11919
3441.79319,-0.11963
3440.36802,-0.12004
3438.94284,-0.12029
3437.51767,-0.12032
3436.09250,-0.12022
3434.66732,-0.12018
3433.24215,-0.12029
3431.81698,-0.12045
3430.39180,-0.12051
3428.96663,-0.12040
3427.54146,-0.12021
3426.11628,-0.12010
3424.69111,-0.12009
3423.26594,-0.11996
3421.84077,-0.11951
3420.41559,-0.11889
3418.99042,-0.11837
3417.56525,-0.11798
3416.14007,-0.11751
3414.71490,-0.11683
3413.28973,-0.11605
3411.86455,-0.11530
3410.43938,-0.11465
3409.01421,-0.11403
3407.58903,-0.11335
3406.16386,-0.11252
3404.73869,-0.11152
3403.31351,-0.11036
3401.88834,-0.10913
3400.46317,-0.10793
3399.03799,-0.10683
3397.61282,-0.10579
3396.18765,-0.10473
3394.76248,-0.10360
3393.33730,-0.10241
3391.91213,-0.10129
3390.48696,-0.10028
3389.06178,-0.09934
3387.63661,-0.09832
3386.21144,-0.09709
3384.78626,-0.09568
3383.36109,-0.09432
3381.93592,-0.09322
3380.51074,-0.09235
3379.08557,-0.09146
3377.66040,-0.09042
3376.23522,-0.08923
3374.81005,-0.08793
3373.38488,-0.08653
3371.95970,-0.08514
3370.53453,-0.08394
3369.10936,-0.08299
3367.68419,-0.08219
3366.25901,-0.08143
3364.83384,-0.08070
3363.40867,-0.08001
3361.98349,-0.07927
3360.55832,-0.07841
3359.13315,-0.07745
3357.70797,-0.07650
3356.28280,-0.07562
3354.85763,-0.07476
3353.43245,-0.07384
3352.00728,-0.07287
3350.58211,-0.07198
3349.15693,-0.07122
3347.73176,-0.07054
3346.30659,-0.06983
3344.88141,-0.06903
3343.45624,-0.06819
3342.03107,-0.06734
3340.60590,-0.06651
3339.18072,-0.06567
3337.75555,-0.06486
3336.33038,-0.06406
3334.90520,-0.06327
3333.48003,-0.06244
3332.05486,-0.06152
3330.62968,-0.06051
3329.20451,-0.05949
3327.77934,-0.05856
3326.35416,-0.05778
3324.92899,-0.05709
3323.50382,-0.05637
3322.07864,-0.05555
3320.65347,-0.05467
3319.22830,-0.05383
3317.80312,-0.05306
3316.37795,-0.05231
3314.95278,-0.05145
3313.52760,-0.05046
3312.10243,-0.04938
3310.67726,-0.04833
3309.25209,-0.04736
3307.82691,-0.04642
3306.40174,-0.04550
3304.97657,-0.04467
3303.55139,-0.04394
3302.12622,-0.04321
3300.70105,-0.04240
3299.27587,-0.04155
3297.85070,-0.04072
3296.42553,-0.03986
3295.00035,-0.03893
3293.57518,-0.03801
3292.15001,-0.03720
3290.72483,-0.03652
3289.29966,-0.03589
3287.87449,-0.03524
3286.44931,-0.03459
3285.02414,-0.03391
3283.59897,-0.03318
3282.17380,-0.03247
3280.74862,-0.03183
3279.32345,-0.03126
3277.89828,-0.03066
3276.47310,-0.03000
3275.04793,-0.02934
3273.62276,-0.02874
3272.19758,-0.02825
3270.77241,-0.02786
3269.34724,-0.02755
3267.92206,-0.02723
3266.49689,-0.02688
3265.07172,-0.02651
3263.64654,-0.02615
3262.22137,-0.02578
3260.79620,-0.02540
3259.37102,-0.02505
3257.94585,-0.02474
3256.52068,-0.02450
3255.09551,-0.02429
3253.67033,-0.02411
3252.24516,-0.02392
3250.81999,-0.02368
3249.39481,-0.02344
3247.96964,-0.02321
3246.54447,-0.02300
3245.11929,-0.02275
3243.69412,-0.02246
3242.26895,-0.02216
3240.84377,-0.02187
3239.41860,-0.02163
3237.99343,-0.02139
3236.56825,-0.02116
3235.14308,-0.02096
3233.71791,-0.02080
3232.29273,-0.02067
3230.86756,-0.02050
3229.44239,-0.02029
3228.01722,-0.02009
3226.59204,-0.01992
3225.16687,-0.01976
3223.74170,-0.01957
3222.31652,-0.01934
3220.89135,-0.01905
3219.46618,-0.01877
3218.04100,-0.01850
3216.61583,-0.01826
3215.19066,-0.01803
3213.76548,-0.01781
3212.34031,-0.01760
3210.91514,-0.01737
3209.48996,-0.01708
3208.06479,-0.01676
3206.63962,-0.01643
3205.21444,-0.01612
3203.78927,-0.01583
3202.36410,-0.01553
3200.93893,-0.01520
3199.51375,-0.01485
3198.08858,-0.01451
3196.66341,-0.01417
3195.23823,-0.01384
3193.81306,-0.01351
3192.38789,-0.01321
3190.96271,-0.01293
3189.53754,-0.01262
3188.11237,-0.01228
3186.68719,-0.01194
3185.26202,-0.01159
3183.83685,-0.01125
3182.41167,-0.01091
3180.98650,-0.01058
3179.56133,-0.01028
3178.13615,-0.01000
3176.71098,-0.00974
3175.28581,-0.00950
3173.86063,-0.00928
3172.43546,-0.00905
3171.01029,-0.00885
3169.58512,-0.00870
3168.15994,-0.00857
3166.73477,-0.00842
3165.30960,-0.00825
3163.88442,-0.00809
3162.45925,-0.00797
3161.03408,-0.00794
3159.60890,-0.00794
3158.18373,-0.00794
3156.75856,-0.00790
3155.33338,-0.00785
3153.90821,-0.00784
3152.48304,-0.00788
3151.05786,-0.00794
3149.63269,-0.00794
3148.20752,-0.00788
3146.78234,-0.00782
3145.35717,-0.00780
3143.93200,-0.00783
3142.50683,-0.00789
3141.08165,-0.00797
3139.65648,-0.00804
3138.23131,-0.00809
3136.80613,-0.00812
3135.38096,-0.00817
3133.95579,-0.00823
3132.53061,-0.00829
3131.10544,-0.00831
3129.68027,-0.00827
3128.25509,-0.00822
3126.82992,-0.00817
3125.40475,-0.00812
3123.97957,-0.00808
3122.55440,-0.00804
3121.12923,-0.00800
3119.70405,-0.00792
3118.27888,-0.00781
3116.85371,-0.00768
3115.42854,-0.00755
3114.00336,-0.00742
3112.57819,-0.00728
3111.15302,-0.00715
3109.72784,-0.00702
3108.30267,-0.00686
3106.87750,-0.00667
3105.45232,-0.00646
3104.02715,-0.00627
3102.60198,-0.00613
3101.17680,-0.00602
3099.75163,-0.00592
3098.32646,-0.00582
3096.90128,-0.00570
3095.47611,-0.00557
3094.05094,-0.00543
3092.62576,-0.00528
3091.20059,-0.00514
3089.77542,-0.00501
3088.35025,-0.00491
3086.92507,-0.00482
3085.49990,-0.00475
3084.07473,-0.00469
3082.64955,-0.00464
3081.22438,-0.00461
3079.79921,-0.00457
3078.37403,-0.00453
3076.94886,-0.00446
3075.52369,-0.00438
3074.09851,-0.00429
3072.67334,-0.00423
3071.24817,-0.00421
3069.82299,-0.00420
3068.39782,-0.00419
3066.97265,-0.00418
3065.54747,-0.00418
3064.12230,-0.00421
3062.69713,-0.00422
3061.27196,-0.00419
3059.84678,-0.00414
3058.42161,-0.00410
3056.99644,-0.00410
3055.57126,-0.00412
3054.14609,-0.00418
3052.72092,-0.00425
3051.29574,-0.00432
3049.87057,-0.00437
3048.44540,-0.00441
3047.02022,-0.00444
3045.59505,-0.00447
3044.16988,-0.00449
3042.74470,-0.00453
3041.31953,-0.00461
3039.89436,-0.00473
3038.46918,-0.00485
3037.04401,-0.00495
3035.61884,-0.00503
3034.19366,-0.00511
3032.76849,-0.00520
3031.34332,-0.00534
3029.91815,-0.00552
3028.49297,-0.00570
3027.06780,-0.00586
3025.64263,-0.00601
3024.21745,-0.00617
3022.79228,-0.00633
3021.36711,-0.00646
3019.94193,-0.00653
3018.51676,-0.00657
3017.09159,-0.00660
3015.66641,-0.00662
3014.24124,-0.00665
3012.81607,-0.00667
3011.39089,-0.00668
3009.96572,-0.00665
3008.54055,-0.00660
3007.11537,-0.00657
3005.69020,-0.00652
3004.26503,-0.00642
3002.83986,-0.00628
3001.41468,-0.00614
2999.98951,-0.00599
2998.56434,-0.00581
2997.13916,-0.00561
2995.71399,-0.00537
2994.28882,-0.00513
2992.86364,-0.00486
2991.43847,-0.00456
2990.01330,-0.00421
2988.58812,-0.00384
2987.16295,-0.00346
2985.73778,-0.00311
2984.31260,-0.00274
2982.88743,-0.00233
2981.46226,-0.00187
2980.03708,-0.00138
2978.61191,-0.00089
2977.18674,-0.00043
2975.76157,-0.00000
2974.33639,0.00037
2972.91122,0.00067
2971.48605,0.00094
2970.06087,0.00119
2968.63570,0.00143
2967.21053,0.00160
2965.78535,0.00168
2964.36018,0.00166
2962.93501,0.00153
2961.50983,0.00130
2960.08466,0.00099
2958.65949,0.00061
2957.23431,0.00016
2955.80914,-0.00037
2954.38397,-0.00092
2952.95879,-0.00144
2951.53362,-0.00193
2950.10845,-0.00240
2948.68328,-0.00285
2947.25810,-0.00324
2945.83293,-0.00352
2944.40776,-0.00369
2942.98258,-0.00381
2941.55741,-0.00392
2940.13224,-0.00404
2938.70706,-0.00418
2937.28189,-0.00437
2935.85672,-0.00462
2934.43154,-0.00490
2933.00637,-0.00519
2931.58120,-0.00546
2930.15602,-0.00570
2928.73085,-0.00592
2927.30568,-0.00614
2925.88050,-0.00637
2924.45533,-0.00660
2923.03016,-0.00684
2921.60498,-0.00707
2920.17981,-0.00730
2918.75464,-0.00757
2917.32947,-0.00784
2915.90429,-0.00808
2914.47912,-0.00826
2913.05395,-0.00837
2911.62877,-0.00845
2910.20360,-0.00851
2908.77843,-0.00861
2907.35325,-0.00877
2905.92808,-0.00895
2904.50291,-0.00911
2903.07773,-0.00923
2901.65256,-0.00928
2900.22739,-0.00931
2898.80221,-0.00933
2897.37704,-0.00933
2895.95187,-0.00932
2894.52669,-0.00930
2893.10152,-0.00925
2891.67635,-0.00915
2890.25118,-0.00898
2888.82600,-0.00874
2887.40083,-0.00848
2885.97566,-0.00826
2884.55048,-0.00806
2883.12531,-0.00783
2881.70014,-0.00758
2880.27496,-0.00735
2878.84979,-0.00715
2877.42462,-0.00698
2875.99944,-0.00681
2874.57427,-0.00666
2873.14910,-0.00660
2871.72392,-0.00663
2870.29875,-0.00675
2868.87358,-0.00690
2867.44840,-0.00712
2866.02323,-0.00739
2864.59806,-0.00771
2863.17289,-0.00804
2861.74771,-0.00833
2860.32254,-0.00859
2858.89737,-0.00882
2857.47219,-0.00908
2856.04702,-0.00939
2854.62185,-0.00977
2853.19667,-0.01016
2851.77150,-0.01051
2850.34633,-0.01083
2848.92115,-0.01116
2847.49598,-0.01154
2846.07081,-0.01196
2844.64563,-0.01238
2843.22046,-0.01278
2841.79529,-0.01315
2840.37011,-0.01350
2838.94494,-0.01385
2837.51977,-0.01422
2836.09460,-0.01459
2834.66942,-0.01494
2833.24425,-0.01525
2831.81908,-0.01557
2830.39390,-0.01588
2828.96873,-0.01615
2827.54356,-0.01636
2826.11838,-0.01654
2824.69321,-0.01678
2823.26804,-0.01708
2821.84286,-0.01740
2820.41769,-0.01770
2818.99252,-0.01800
2817.56734,-0.01832
2816.14217,-0.01868
2814.71700,-0.01907
2813.29182,-0.01948
2811.86665,-0.01988
2810.44148,-0.02027
2809.01631,-0.02067
2807.59113,-0.02113
2806.16596,-0.02162
2804.74079,-0.02212
2803.31561,-0.02259
2801.89044,-0.02305
2800.46527,-0.02354
2799.04009,-0.02404
2797.61492,-0.02454
2796.18975,-0.02499
2794.76457,-0.02543
2793.33940,-0.02589
2791.91423,-0.02642
2790.48905,-0.02701
2789.06388,-0.02761
2787.63871,-0.02820
2786.21353,-0.02887
2784.78836,-0.02969
2783.36319,-0.03070
2781.93801,-0.03181
2780.51284,-0.03298
2779.08767,-0.03424
2777.66250,-0.03569
2776.23732,-0.03739
2774.81215,-0.03936
2773.38698,-0.04160
2771.96180,-0.04407
2770.53663,-0.04673
2769.11146,-0.04960
2767.68628,-0.05281
2766.26111,-0.05644
2764.83594,-0.06054
2763.41076,-0.06515
2761.98559,-0.07031
2760.56042,-0.07615
2759.13524,-0.08272
2757.71007,-0.09004
2756.28490,-0.09812
2754.85972,-0.10708
2753.43455,-0.11711
2752.00938,-0.12834
2750.58421,-0.14090
2749.15903,-0.15498
2747.73386,-0.17057
2746.30869,-0.18744
2744.88351,-0.20533
2743.45834,-0.22420
2742.03317,-0.24400
2740.60799,-0.26437
2739.18282,-0.28467
2737.75765,-0.30426
2736.33247,-0.32268
2734.90730,-0.33955
2733.48213,-0.35456
2732.05695,-0.36759
2730.63178,-0.37870
2729.20661,-0.38801
2727.78143,-0.39567
2726.35626,-0.40180
2724.93109,-0.40650
2723.50592,-0.40985
2722.08074,-0.41193
2720.65557,-0.41280
2719.23040,-0.41269
2717.80522,-0.41211
2716.38005,-0.41145
2714.95488,-0.41077
2713.52970,-0.41010
2712.10453,-0.40940
2710.67936,-0.40840
2709.25418,-0.40696
2707.82901,-0.40522
2706.40384,-0.40320
2704.97866,-0.40081
2703.55349,-0.39811
2702.12832,-0.39538
2700.70314,-0.39281
2699.27797,-0.39046
2697.85280,-0.38817
2696.42763,-0.38558
2695.00245,-0.38246
2693.57728,-0.37901
2692.15211,-0.37563
2690.72693,-0.37270
2689.30176,-0.37031
2687.87659,-0.36822
2686.45141,-0.36605
2685.02624,-0.36354
2683.60107,-0.36060
2682.17589,-0.35724
2680.75072,-0.35378
2679.32555,-0.35053
2677.90037,-0.34772
2676.47520,-0.34557
2675.05003,-0.34413
2673.62485,-0.34300
2672.19968,-0.34154
2670.77451,-0.33965
2669.34934,-0.33775
2667.92416,-0.33616
2666.49899,-0.33482
2665.07382,-0.33360
2663.64864,-0.33256
2662.22347,-0.33185
2660.79830,-0.33159
2659.37312,-0.33183
2657.94795,-0.33258
2656.52278,-0.33382
2655.09760,-0.33534
2653.67243,-0.33666
2652.24726,-0.33747
2650.82208,-0.33807
2649.39691,-0.33912
2647.97174,-0.34080
2646.54656,-0.34263
2645.12139,-0.34420
2643.69622,-0.34559
2642.27104,-0.34702
2640.84587,-0.34860
2639.42070,-0.35030
2637.99553,-0.35200
2636.57035,-0.35348
2635.14518,-0.35474
2633.72001,-0.35608
2632.29483,-0.35774
2630.86966,-0.35955
2629.44449,-0.36120
2628.01931,-0.36259
2626.59414,-0.36391
2625.16897,-0.36535
2623.74379,-0.36678
2622.31862,-0.36780
2620.89345,-0.36812
2619.46827,-0.36788
2618.04310,-0.36757
2616.61793,-0.36765
2615.19275,-0.36820
2613.76758,-0.36879
2612.34241,-0.36875
2610.91724,-0.36784
2609.49206,-0.36657
2608.06689,-0.36544
2606.64172,-0.36422
2605.21654,-0.36239
2603.79137,-0.35999
2602.36620,-0.35748
2600.94102,-0.35510
2599.51585,-0.35271
2598.09068,-0.35018
2596.66550,-0.34763
2595.24033,-0.34523
2593.81516,-0.34297
2592.38998,-0.34056
2590.96481,-0.33783
2589.53964,-0.33504
2588.11446,-0.33252
2586.68929,-0.33025
2585.26412,-0.32796
2583.83895,-0.32553
2582.41377,-0.32320
2580.98860,-0.32120
2579.56343,-0.31925
2578.13825,-0.31688
2576.71308,-0.31422
2575.28791,-0.31199
2573.86273,-0.31052
2572.43756,-0.30943
2571.01239,-0.30821
2569.58721,-0.30693
2568.16204,-0.30601
2566.73687,-0.30559
2565.31169,-0.30536
2563.88652,-0.30512
2562.46135,-0.30500
2561.03617,-0.30511
2559.61100,-0.30541
2558.18583,-0.30603
2556.76066,-0.30724
2555.33548,-0.30899
2553.91031,-0.31082
2552.48514,-0.31230
2551.05996,-0.31352
2549.63479,-0.31495
2548.20962,-0.31692
2546.78444,-0.31924
2545.35927,-0.32154
2543.93410,-0.32371
2542.50892,-0.32592
2541.08375,-0.32846
2539.65858,-0.33135
2538.23340,-0.33415
2536.80823,-0.33611
2535.38306,-0.33705
2533.95788,-0.33773
2532.53271,-0.33915
2531.10754,-0.34156
2529.68237,-0.34435
2528.25719,-0.34689
2526.83202,-0.34896
2525.40685,-0.35065
2523.98167,-0.35187
2522.55650,-0.35232
2521.13133,-0.35197
2519.70615,-0.35138
2518.28098,-0.35119
2516.85581,-0.35140
2515.43063,-0.35167
2514.00546,-0.35178
2512.58029,-0.35159
2511.15511,-0.35078
2509.72994,-0.34930
2508.30477,-0.34754
2506.87959,-0.34591
2505.45442,-0.34424
2504.02925,-0.34206
2502.60407,-0.33924
2501.17890,-0.33617
2499.75373,-0.33337
2498.32856,-0.33109
2496.90338,-0.32923
2495.47821,-0.32751
2494.05304,-0.32560
2492.62786,-0.32333
2491.20269,-0.32073
2489.77752,-0.31783
2488.35234,-0.31464
2486.92717,-0.31139
2485.50200,-0.30843
2484.07682,-0.30592
2482.65165,-0.30368
2481.22648,-0.30171
2479.80130,-0.30030
2478.37613,-0.29969
2476.95096,-0.29956
2475.52578,-0.29930
2474.10061,-0.29878
2472.67544,-0.29839
2471.25027,-0.29842
2469.82509,-0.29875
2468.39992,-0.29917
2466.97475,-0.29971
2465.54957,-0.30042
2464.12440,-0.30122
2462.69923,-0.30222
2461.27405,-0.30367
2459.84888,-0.30566
2458.42371,-0.30791
2456.99853,-0.31019
2455.57336,-0.31246
2454.14819,-0.31469
2452.72301,-0.31697
2451.29784,-0.31963
2449.87267,-0.32303
2448.44749,-0.32712
2447.02232,-0.33148
2445.59715,-0.33554
2444.17198,-0.33897
2442.74680,-0.34184
2441.32163,-0.34459
2439.89646,-0.34767
2438.47128,-0.35117
2437.04611,-0.35489
2435.62094,-0.35836
2434.19576,-0.36109
2432.77059,-0.36290
2431.34542,-0.36409
2429.92024,-0.36523
2428.49507,-0.36663
2427.06990,-0.36827
2425.64472,-0.37008
2424.21955,-0.37217
2422.79438,-0.37447
2421.36920,-0.37651
2419.94403,-0.37771
2418.51886,-0.37784
2417.09369,-0.37719
2415.66851,-0.37641
2414.24334,-0.37589
2412.81817,-0.37544
2411.39299,-0.37459
2409.96782,-0.37323
2408.54265,-0.37165
2407.11747,-0.37005
2405.69230,-0.36845
2404.26713,-0.36680
2402.84195,-0.36509
2401.41678,-0.36332
2399.99161,-0.36161
2398.56643,-0.36000
2397.14126,-0.35829
2395.71609,-0.35620
2394.29091,-0.35373
2392.86574,-0.35119
2391.44057,-0.34893
2390.01540,-0.34709
2388.59022,-0.34562
2387.16505,-0.34430
2385.73988,-0.34282
2384.31470,-0.34119
2382.88953,-0.33991
2381.46436,-0.33943
2380.03918,-0.33939
2378.61401,-0.33897
2377.18884,-0.33802
2375.76366,-0.33734
2374.33849,-0.33763
2372.91332,-0.33857
2371.48814,-0.33908
2370.06297,-0.33872
2368.63780,-0.33816
2367.21262,-0.33773
2365.78745,-0.33679
2364.36228,-0.33569
2362.93710,-0.33640
2361.51193,-0.33978
2360.08676,-0.34432
2358.66159,-0.34799
2357.23641,-0.34996
2355.81124,-0.35087
2354.38607,-0.35222
2352.96089,-0.35504
2351.53572,-0.35925
2350.11055,-0.36434
2348.68537,-0.36982
2347.26020,-0.37505
2345.83503,-0.37924
2344.40985,-0.38226
2342.98468,-0.38516
2341.55951,-0.38848
2340.13433,-0.39143
2338.70916,-0.39352
2337.28399,-0.39536
2335.85881,-0.39754
2334.43364,-0.40024
2333.00847,-0.40369
2331.58330,-0.40787
2330.15812,-0.41156
2328.73295,-0.41330
2327.30778,-0.41353
2325.88260,-0.41409
2324.45743,-0.41554
2323.03226,-0.41642
2321.60708,-0.41561
2320.18191,-0.41414
2318.75674,-0.41354
2317.33156,-0.41361
2315.90639,-0.41314
2314.48122,-0.41197
2313.05604,-0.41105
2311.63087,-0.41104
2310.20570,-0.41139
2308.78052,-0.41099
2307.35535,-0.40939
2305.93018,-0.40688
2304.50501,-0.40393
2303.07983,-0.40090
2301.65466,-0.39816
2300.22949,-0.39606
2298.80431,-0.39444
2297.37914,-0.39266
2295.95397,-0.38998
2294.52879,-0.38617
2293.10362,-0.38183
2291.67845,-0.37784
2290.25327,-0.37445
2288.82810,-0.37121
2287.40293,-0.36770
2285.97775,-0.36386
2284.55258,-0.36005
2283.12741,-0.35668
2281.70223,-0.35382
2280.27706,-0.35114
2278.85189,-0.34828
2277.42672,-0.34521
2276.00154,-0.34206
2274.57637,-0.33897
2273.15120,-0.33594
2271.72602,-0.33289
2270.30085,-0.32985
2268.87568,-0.32695
2267.45050,-0.32425
2266.02533,-0.32171
2264.60016,-0.31921
2263.17498,-0.31658
2261.74981,-0.31365
2260.32464,-0.31039
2258.89946,-0.30699
2257.47429,-0.30370
2256.04912,-0.30071
2254.62394,-0.29788
2253.19877,-0.29496
2251.77360,-0.29201
2250.34843,-0.28927
2248.92325,-0.28674
2247.49808,-0.28410
2246.07291,-0.28113
2244.64773,-0.27798
2243.22256,-0.27501
2241.79739,-0.27231
2240.37221,-0.26960
2238.94704,-0.26667
2237.52187,-0.26345
2236.09669,-0.25989
2234.67152,-0.25599
2233.24635,-0.25188
2231.82117,-0.24774
2230.39600,-0.24360
2228.97083,-0.23941
2227.54565,-0.23511
2226.12048,-0.23070
2224.69531,-0.22630
2223.27013,-0.22190
2221.84496,-0.21743
2220.41979,-0.21289
2218.99462,-0.20836
2217.56944,-0.20381
2216.14427,-0.19902
2214.71910,-0.19394
2213.29392,-0.18877
2211.86875,-0.18373
2210.44358,-0.17888
2209.01840,-0.17415
2207.59323,-0.16947
2206.16806,-0.16478
2204.74288,-0.15998
2203.31771,-0.15505
2201.89254,-0.15010
2200.46736,-0.14522
2199.04219,-0.14040
2197.61702,-0.13558
2196.19184,-0.13084
2194.76667,-0.12634
2193.34150,-0.12214
2191.91633,-0.11817
2190.49115,-0.11432
2189.06598,-0.11052
2187.64081,-0.10676
2186.21563,-0.10307
2184.79046,-0.09947
2183.36529,-0.09598
2181.94011,-0.09266
2180.51494,-0.08952
2179.08977,-0.08651
2177.66459,-0.08359
2176.23942,-0.08079
2174.81425,-0.07817
2173.38907,-0.07572
2171.96390,-0.07339
2170.53873,-0.07112
2169.11355,-0.06892
2167.68838,-0.06679
2166.26321,-0.06479
2164.83804,-0.06300
2163.41286,-0.06141
2161.98769,-0.05994
2160.56252,-0.05851
2159.13734,-0.05709
2157.71217,-0.05571
2156.28700,-0.05445
2154.86182,-0.05333
2153.43665,-0.05232
2152.01148,-0.05136
2150.58630,-0.05042
2149.16113,-0.04951
2147.73596,-0.04862
2146.31078,-0.04776
2144.88561,-0.04698
2143.46044,-0.04627
2142.03526,-0.04562
2140.61009,-0.04499
2139.18492,-0.04436
2137.75975,-0.04377
2136.33457,-0.04324
2134.90940,-0.04274
2133.48423,-0.04219
2132.05905,-0.04158
2130.63388,-0.04092
2129.20871,-0.04023
2127.78353,-0.03956
2126.35836,-0.03895
2124.93319,-0.03837
2123.50801,-0.03772
2122.08284,-0.03702
2120.65767,-0.03634
2119.23249,-0.03574
2117.80732,-0.03517
2116.38215,-0.03454
2114.95697,-0.03382
2113.53180,-0.03305
2112.10663,-0.03225
2110.68146,-0.03143
2109.25628,-0.03061
2107.83111,-0.02979
2106.40594,-0.02899
2104.98076,-0.02820
2103.55559,-0.02740
2102.13042,-0.02661
2100.70524,-0.02581
2099.28007,-0.02500
2097.85490,-0.02416
2096.42972,-0.02332
2095.00455,-0.02247
2093.57938,-0.02166
2092.15420,-0.02090
2090.72903,-0.02018
2089.30386,-0.01946
2087.87868,-0.01873
2086.45351,-0.01802
2085.02834,-0.01734
2083.60316,-0.01672
2082.17799,-0.01616
2080.75282,-0.01560
2079.32765,-0.01504
2077.90247,-0.01448
2076.47730,-0.01396
2075.05213,-0.01349
2073.62695,-0.01306
2072.20178,-0.01265
2070.77661,-0.01224
2069.35143,-0.01182
2067.92626,-0.01142
2066.50109,-0.01107
2065.07591,-0.01081
2063.65074,-0.01059
2062.22557,-0.01038
2060.80039,-0.01018
2059.37522,-0.01003
2057.95005,-0.00991
2056.52487,-0.00979
2055.09970,-0.00966
2053.67453,-0.00955
2052.24936,-0.00949
2050.82418,-0.00947
2049.39901,-0.00948
2047.97384,-0.00950
2046.54866,-0.00951
2045.12349,-0.00954
2043.69832,-0.00960
2042.27314,-0.00972
2040.84797,-0.00987
2039.42280,-0.00999
2037.99762,-0.01007
2036.57245,-0.01017
2035.14728,-0.01028
2033.72210,-0.01040
2032.29693,-0.01048
2030.87176,-0.01055
2029.44658,-0.01061
2028.02141,-0.01068
2026.59624,-0.01074
2025.17107,-0.01080
2023.74589,-0.01084
2022.32072,-0.01085
2020.89555,-0.01082
2019.47037,-0.01077
2018.04520,-0.01072
2016.62003,-0.01067
2015.19485,-0.01063
2013.76968,-0.01057
2012.34451,-0.01046
2010.91933,-0.01031
2009.49416,-0.01011
2008.06899,-0.00991
2006.64381,-0.00971
2005.21864,-0.00951
2003.79347,-0.00930
2002.36829,-0.00907
2000.94312,-0.00882
1999.51795,-0.00856
1998.09278,-0.00830
1996.66760,-0.00802
1995.24243,-0.00773
1993.81726,-0.00742
1992.39208,-0.00710
1990.96691,-0.00679
1989.54174,-0.00650
1988.11656,-0.00620
1986.69139,-0.00591
1985.26622,-0.00563
1983.84104,-0.00536
1982.41587,-0.00510
1980.99070,-0.00485
1979.56552,-0.00462
1978.14035,-0.00441
1976.71518,-0.00423
1975.29000,-0.00407
1973.86483,-0.00393
1972.43966,-0.00379
1971.01449,-0.00365
1969.58931,-0.00350
1968.16414,-0.00333
1966.73897,-0.00320
1965.31379,-0.00314
1963.88862,-0.00315
1962.46345,-0.00317
1961.03827,-0.00318
1959.61310,-0.00319
1958.18793,-0.00321
1956.76275,-0.00322
1955.33758,-0.00324
1953.91241,-0.00330
1952.48723,-0.00341
1951.06206,-0.00357
1949.63689,-0.00374
1948.21171,-0.00390
1946.78654,-0.00404
1945.36137,-0.00418
1943.93619,-0.00433
1942.51102,-0.00449
1941.08585,-0.00466
1939.66068,-0.00486
1938.23550,-0.00507
1936.81033,-0.00528
1935.38516,-0.00549
1933.95998,-0.00570
1932.53481,-0.00591
1931.10964,-0.00611
1929.68446,-0.00628
1928.25929,-0.00644
1926.83412,-0.00659
1925.40894,-0.00675
1923.98377,-0.00688
1922.55860,-0.00698
1921.13342,-0.00708
1919.70825,-0.00719
1918.28308,-0.00729
1916.85790,-0.00739
1915.43273,-0.00747
1914.00756,-0.00754
1912.58239,-0.00756
1911.15721,-0.00754
1909.73204,-0.00751
1908.30687,-0.00749
1906.88169,-0.00747
1905.45652,-0.00742
1904.03135,-0.00731
1902.60617,-0.00716
1901.18100,-0.00699
1899.75583,-0.00683
1898.33065,-0.00670
1896.90548,-0.00656
1895.48031,-0.00640
1894.05513,-0.00625
1892.62996,-0.00610
1891.20479,-0.00594
1889.77961,-0.00575
1888.35444,-0.00555
1886.92927,-0.00537
1885.50410,-0.00519
1884.07892,-0.00501
1882.65375,-0.00484
1881.22858,-0.00467
1879.80340,-0.00450
1878.37823,-0.00434
1876.95306,-0.00421
1875.52788,-0.00410
1874.10271,-0.00399
1872.67754,-0.00385
1871.25236,-0.00369
1869.82719,-0.00352
1868.40202,-0.00338
1866.97684,-0.00333
1865.55167,-0.00331
1864.12650,-0.00329
1862.70132,-0.00326
1861.27615,-0.00323
1859.85098,-0.00324
1858.42581,-0.00329
1857.00063,-0.00335
1855.57546,-0.00342
1854.15029,-0.00348
1852.72511,-0.00356
1851.29994,-0.00366
1849.87477,-0.00378
1848.44959,-0.00391
1847.02442,-0.00406
1845.59925,-0.00422
1844.17407,-0.00441
1842.74890,-0.00462
1841.32373,-0.00485
1839.89855,-0.00509
1838.47338,-0.00535
1837.04821,-0.00563
1835.62303,-0.00592
1834.19786,-0.00621
1832.77269,-0.00650
1831.34751,-0.00675
1829.92234,-0.00700
1828.49717,-0.00726
1827.07200,-0.00751
1825.64682,-0.00775
1824.22165,-0.00798
1822.79648,-0.00819
1821.37130,-0.00838
1819.94613,-0.00855
1818.52096,-0.00869
1817.09578,-0.00883
1815.67061,-0.00896
1814.24544,-0.00905
1812.82026,-0.00911
1811.39509,-0.00914
1809.96992,-0.00915
1808.54474,-0.00918
1807.11957,-0.00919
1805.69440,-0.00916
1804.26922,-0.00907
1802.84405,-0.00895
1801.41888,-0.00880
1799.99371,-0.00865
1798.56853,-0.00853
1797.14336,-0.00840
1795.71819,-0.00825
1794.29301,-0.00801
1792.86784,-0.00766
1791.44267,-0.00733
1790.01749,-0.00712
1788.59232,-0.00699
1787.16715,-0.00686
1785.74197,-0.00668
1784.31680,-0.00646
1782.89163,-0.00622
1781.46645,-0.00596
1780.04128,-0.00569
1778.61611,-0.00544
1777.19093,-0.00525
1775.76576,-0.00511
1774.34059,-0.00495
1772.91542,-0.00474
1771.49024,-0.00451
1770.06507,-0.00436
1768.63990,-0.00428
1767.21472,-0.00423
1765.78955,-0.00419
1764.36438,-0.00415
1762.93920,-0.00409
1761.51403,-0.00402
1760.08886,-0.00397
1758.66368,-0.00394
1757.23851,-0.00387
1755.81334,-0.00376
1754.38816,-0.00368
1752.96299,-0.00363
1751.53782,-0.00357
1750.11264,-0.00350
1748.68747,-0.00345
1747.26230,-0.00341
1745.83713,-0.00336
1744.41195,-0.00330
1742.98678,-0.00324
1741.56161,-0.00316
1740.13643,-0.00309
1738.71126,-0.00305
1737.28609,-0.00304
1735.86091,-0.00299
1734.43574,-0.00287
1733.01057,-0.00275
1731.58539,-0.00273
1730.16022,-0.00275
1728.73505,-0.00276
1727.30987,-0.00276
1725.88470,-0.00277
1724.45953,-0.00274
1723.03435,-0.00270
1721.60918,-0.00265
1720.18401,-0.00258
1718.75884,-0.00244
1717.33366,-0.00224
1715.90849,-0.00204
1714.48332,-0.00190
1713.05814,-0.00182
1711.63297,-0.00172
1710.20780,-0.00158
1708.78262,-0.00140
1707.35745,-0.00112
1705.93228,-0.00072
1704.50710,-0.00032
1703.08193,0.00008
1701.65676,0.00068
1700.23158,0.00156
1698.80641,0.00244
1697.38124,0.00317
1695.95606,0.00396
1694.53089,0.00487
1693.10572,0.00579
1691.68054,0.00686
1690.25537,0.00828
1688.83020,0.00995
1687.40503,0.01175
1685.97985,0.01409
1684.55468,0.01748
1683.12951,0.02112
1681.70433,0.02390
1680.27916,0.02607
1678.85399,0.02817
1677.42881,0.03055
1676.00364,0.03342
1674.57847,0.03651
1673.15329,0.03934
1671.72812,0.04201
1670.30295,0.04507
1668.87777,0.04843
1667.45260,0.05138
1666.02743,0.05383
1664.60225,0.05627
1663.17708,0.05897
1661.75191,0.06161
1660.32674,0.06379
1658.90156,0.06547
1657.47639,0.06676
1656.05122,0.06785
1654.62604,0.06912
1653.20087,0.07074
1651.77570,0.07190
1650.35052,0.07225
1648.92535,0.07229
1647.50018,0.07236
1646.07500,0.07241
1644.64983,0.07226
1643.22466,0.07189
1641.79948,0.07139
1640.37431,0.07081
1638.94914,0.07021
1637.52396,0.06963
1636.09879,0.06909
1634.67362,0.06859
1633.24845,0.06811
1631.82327,0.06766
1630.39810,0.06722
1628.97293,0.06672
1627.54775,0.06600
1626.12258,0.06482
1624.69741,0.06279
1623.27223,0.05961
1621.84706,0.05558
1620.42189,0.05128
1618.99671,0.04659
1617.57154,0.04097
1616.14637,0.03482
1614.72119,0.02942
1613.29602,0.02497
1611.87085,0.02086
1610.44567,0.01681
1609.02050,0.01294
1607.59533,0.00946
1606.17016,0.00645
1604.74498,0.00387
1603.31981,0.00165
1601.89464,-0.00029
1600.46946,-0.00196
1599.04429,-0.00335
1597.61912,-0.00448
1596.19394,-0.00542
1594.76877,-0.00625
1593.34360,-0.00701
1591.91842,-0.00764
1590.49325,-0.00811
1589.06808,-0.00844
1587.64290,-0.00871
1586.21773,-0.00897
1584.79256,-0.00927
1583.36738,-0.00959
1581.94221,-0.00994
1580.51704,-0.01031
1579.09187,-0.01065
1577.66669,-0.01097
1576.24152,-0.01128
1574.81635,-0.01166
1573.39117,-0.01209
1571.96600,-0.01252
1570.54083,-0.01287
1569.11565,-0.01315
1567.69048,-0.01343
1566.26531,-0.01372
1564.84013,-0.01406
1563.41496,-0.01446
1561.98979,-0.01488
1560.56461,-0.01519
1559.13944,-0.01530
1557.71427,-0.01542
1556.28909,-0.01576
1554.86392,-0.01625
1553.43875,-0.01680
1552.01357,-0.01736
1550.58840,-0.01790
1549.16323,-0.01836
1547.73806,-0.01879
1546.31288,-0.01925
1544.88771,-0.01979
1543.46254,-0.02033
1542.03736,-0.02081
1540.61219,-0.02131
1539.18702,-0.02198
1537.76184,-0.02279
1536.33667,-0.02357
1534.91150,-0.02427
1533.48632,-0.02492
1532.06115,-0.02558
1530.63598,-0.02625
1529.21080,-0.02689
1527.78563,-0.02749
1526.36046,-0.02806
1524.93528,-0.02855
1523.51011,-0.02880
1522.08494,-0.02860
1520.65977,-0.02797
1519.23459,-0.02715
1517.80942,-0.02635
1516.38425,-0.02596
1514.95907,-0.02642
1513.53390,-0.02777
1512.10873,-0.02957
1510.68355,-0.03139
1509.25838,-0.03304
1507.83321,-0.03455
1506.40803,-0.03593
1504.98286,-0.03704
1503.55769,-0.03788
1502.13251,-0.03857
1500.70734,-0.03915
1499.28217,-0.03962
1497.85699,-0.04006
1496.43182,-0.04060
1495.00665,-0.04127
1493.58148,-0.04199
1492.15630,-0.04263
1490.73113,-0.04307
1489.30596,-0.04328
1487.88078,-0.04341
1486.45561,-0.04356
1485.03044,-0.04371
1483.60526,-0.04376
1482.18009,-0.04363
1480.75492,-0.04331
1479.32974,-0.04283
1477.90457,-0.04222
1476.47940,-0.04148
1475.05422,-0.04063
1473.62905,-0.03961
1472.20388,-0.03847
1470.77870,-0.03758
1469.35353,-0.03708
1467.92836,-0.03676
1466.50319,-0.03636
1465.07801,-0.03583
1463.65284,-0.03536
1462.22767,-0.03509
1460.80249,-0.03493
1459.37732,-0.03453
1457.95215,-0.03344
1456.52697,-0.03188
1455.10180,-0.03070
1453.67663,-0.03002
1452.25145,-0.02945
1450.82628,-0.02871
1449.40111,-0.02774
1447.97593,-0.02659
1446.55076,-0.02543
1445.12559,-0.02439
1443.70041,-0.02340
1442.27524,-0.02237
1440.85007,-0.02140
1439.42490,-0.02054
1437.99972,-0.01967
1436.57455,-0.01879
1435.14938,-0.01824
1433.72420,-0.01813
1432.29903,-0.01825
1430.87386,-0.01843
1429.44868,-0.01870
1428.02351,-0.01908
1426.59834,-0.01948
1425.17316,-0.01983
1423.74799,-0.02018
1422.32282,-0.02056
1420.89764,-0.02086
1419.47247,-0.02097
1418.04730,-0.02093
1416.62212,-0.02089
1415.19695,-0.02088
1413.77178,-0.02078
1412.34660,-0.02056
1410.92143,-0.02030
1409.49626,-0.02007
1408.07109,-0.01988
1406.64591,-0.01965
1405.22074,-0.01936
1403.79557,-0.01907
1402.37039,-0.01881
1400.94522,-0.01851
1399.52005,-0.01812
1398.09487,-0.01767
1396.66970,-0.01720
1395.24453,-0.01666
1393.81935,-0.01604
1392.39418,-0.01539
1390.96901,-0.01477
1389.54383,-0.01415
1388.11866,-0.01353
1386.69349,-0.01298
1385.26831,-0.01253
1383.84314,-0.01213
1382.41797,-0.01171
1380.99280,-0.01123
1379.56762,-0.01070
1378.14245,-0.01011
1376.71728,-0.00945
1375.29210,-0.00870
1373.86693,-0.00787
1372.44176,-0.00704
1371.01658,-0.00636
1369.59141,-0.00587
1368.16624,-0.00558
1366.74106,-0.00543
1365.31589,-0.00533
1363.89072,-0.00520
1362.46554,-0.00505
1361.04037,-0.00490
1359.61520,-0.00479
1358.19002,-0.00473
1356.76485,-0.00471
1355.33968,-0.00470
1353.91451,-0.00473
1352.48933,-0.00481
1351.06416,-0.00495
1349.63899,-0.00511
1348.21381,-0.00526
1346.78864,-0.00543
1345.36347,-0.00567
1343.93829,-0.00602
1342.51312,-0.00648
1341.08795,-0.00700
1339.66277,-0.00753
1338.23760,-0.00808
1336.81243,-0.00865
1335.38725,-0.00923
1333.96208,-0.00981
1332.53691,-0.01042
1331.11173,-0.01111
1329.68656,-0.01188
1328.26139,-0.01270
1326.83622,-0.01351
1325.41104,-0.01426
1323.98587,-0.01497
1322.56070,-0.01567
1321.13552,-0.01638
1319.71035,-0.01708
1318.28518,-0.01777
1316.86000,-0.01845
1315.43483,-0.01911
1314.00966,-0.01974
1312.58448,-0.02034
1311.15931,-0.02096
1309.73414,-0.02163
1308.30896,-0.02234
1306.88379,-0.02306
1305.45862,-0.02377
1304.03344,-0.02447
1302.60827,-0.02517
1301.18310,-0.02586
1299.75793,-0.02656
1298.33275,-0.02732
1296.90758,-0.02822
1295.48241,-0.02927
1294.05723,-0.03043
1292.63206,-0.03160
1291.20689,-0.03274
1289.78171,-0.03383
1288.35654,-0.03493
1286.93137,-0.03618
1285.50619,-0.03760
1284.08102,-0.03912
1282.65585,-0.04068
1281.23067,-0.04232
1279.80550,-0.04413
1278.38033,-0.04615
1276.95515,-0.04840
1275.52998,-0.05090
1274.10481,-0.05363
1272.67963,-0.05655
1271.25446,-0.05968
1269.82929,-0.06318
1268.40412,-0.06720
1266.97894,-0.07184
1265.55377,-0.07711
1264.12860,-0.08305
1262.70342,-0.08976
1261.27825,-0.09734
1259.85308,-0.10592
1258.42790,-0.11562
1257.00273,-0.12646
1255.57756,-0.13835
1254.15238,-0.15130
1252.72721,-0.16559
1251.30204,-0.18149
1249.87686,-0.19890
1248.45169,-0.21743
1247.02652,-0.23688
1245.60134,-0.25717
1244.17617,-0.27784
1242.75100,-0.29788
1241.32583,-0.31649
1239.90065,-0.33383
1238.47548,-0.35026
1237.05031,-0.36534
1235.62513,-0.37842
1234.19996,-0.38956
1232.77479,-0.39910
1231.34961,-0.40706
1229.92444,-0.41351
1228.49927,-0.41903
1227.07409,-0.42410
1225.64892,-0.42842
1224.22375,-0.43154
1222.79857,-0.43384
1221.37340,-0.43614
1219.94823,-0.43845
1218.52305,-0.44033
1217.09788,-0.44187
1215.67271,-0.44350
1214.24754,-0.44556
1212.82236,-0.44826
1211.39719,-0.45149
1209.97202,-0.45449
1208.54684,-0.45641
1207.12167,-0.45687
1205.69650,-0.45621
1204.27132,-0.45557
1202.84615,-0.45611
1201.42098,-0.45786
1199.99580,-0.45989
1198.57063,-0.46151
1197.14546,-0.46274
1195.72028,-0.46374
1194.29511,-0.46409
1192.86994,-0.46299
1191.44476,-0.46043
1190.01959,-0.45727
1188.59442,-0.45365
1187.16925,-0.44846
1185.74407,-0.44100
1184.31890,-0.43199
1182.89373,-0.42246
1181.46855,-0.41234
1180.04338,-0.40046
1178.61821,-0.38591
1177.19303,-0.36931
1175.76786,-0.35219
1174.34269,-0.33538
1172.91751,-0.31865
1171.49234,-0.30182
1170.06717,-0.28539
1168.64199,-0.26990
1167.21682,-0.25532
1165.79165,-0.24134
1164.36647,-0.22795
1162.94130,-0.21545
1161.51613,-0.20399
1160.09096,-0.19350
1158.66578,-0.18369
1157.24061,-0.17426
1155.81544,-0.16513
1154.39026,-0.15663
1152.96509,-0.14918
1151.53992,-0.14293
1150.11474,-0.13761
1148.68957,-0.13286
1147.26440,-0.12842
1145.83922,-0.12411
1144.41405,-0.11985
1142.98888,-0.11589
1141.56370,-0.11258
1140.13853,-0.10988
1138.71336,-0.10746
1137.28818,-0.10520
1135.86301,-0.10311
1134.43784,-0.10112
1133.01266,-0.09913
1131.58749,-0.09721
1130.16232,-0.09548
1128.73715,-0.09393
1127.31197,-0.09248
1125.88680,-0.09111
1124.46163,-0.08992
1123.03645,-0.08906
1121.61128,-0.08839
1120.18611,-0.08754
1118.76093,-0.08642
1117.33576,-0.08541
1115.91059,-0.08479
1114.48541,-0.08422
1113.06024,-0.08334
1111.63507,-0.08231
1110.20989,-0.08153
1108.78472,-0.08081
1107.35955,-0.07967
1105.93437,-0.07806
1104.50920,-0.07659
1103.08403,-0.07576
1101.65886,-0.07546
1100.23368,-0.07516
1098.80851,-0.07450
1097.38334,-0.07359
1095.95816,-0.07268
1094.53299,-0.07176
1093.10782,-0.07066
1091.68264,-0.06928
1090.25747,-0.06769
1088.83230,-0.06619
1087.40712,-0.06512
1085.98195,-0.06458
1084.55678,-0.06416
1083.13160,-0.06350
1081.70643,-0.06262
1080.28126,-0.06183
1078.85608,-0.06129
1077.43091,-0.06082
1076.00574,-0.06013
1074.58057,-0.05924
1073.15539,-0.05857
1071.73022,-0.05846
1070.30505,-0.05879
1068.87987,-0.05915
1067.45470,-0.05914
1066.02953,-0.05843
1064.60435,-0.05710
1063.17918,-0.05592
1061.75401,-0.05584
1060.32883,-0.05677
1058.90366,-0.05746
1057.47849,-0.05686
1056.05331,-0.05523
1054.62814,-0.05358
1053.20297,-0.05270
1051.77779,-0.05270
1050.35262,-0.05326
1048.92745,-0.05403
1047.50228,-0.05481
1046.07710,-0.05553
1044.65193,-0.05615
1043.22676,-0.05667
1041.80158,-0.05697
1040.37641,-0.05684
1038.95124,-0.05636
1037.52606,-0.05617
1036.10089,-0.05655
1034.67572,-0.05698
1033.25054,-0.05686
1031.82537,-0.05654
1030.40020,-0.05691
1028.97502,-0.05834
1027.54985,-0.06024
1026.12468,-0.06149
1024.69950,-0.06145
1023.27433,-0.06065
1021.84916,-0.06031
1020.42399,-0.06100
1018.99881,-0.06194
1017.57364,-0.06193
1016.14847,-0.06092
1014.72329,-0.06003
1013.29812,-0.05999
1011.87295,-0.06038
1010.44777,-0.06063
1009.02260,-0.06103
1007.59743,-0.06220
1006.17225,-0.06370
1004.74708,-0.06379
1003.32191,-0.06116
1001.89673,-0.05705
1000.47156,-0.05456
999.04639,-0.05542
997.62121,-0.05863
996.19604,-0.06221
994.77087,-0.06508
993.34569,-0.06715
991.92052,-0.06839
990.49535,-0.06837
989.07018,-0.06702
987.64500,-0.06555
986.21983,-0.06550
984.79466,-0.06673
983.36948,-0.06772
981.94431,-0.06765
980.51914,-0.06677
979.09396,-0.06496
977.66879,-0.06187
976.24362,-0.05830
974.81844,-0.05651
973.39327,-0.05830
971.96810,-0.06309
970.54292,-0.06853
969.11775,-0.07178
967.69258,-0.07016
966.26740,-0.06337
964.84223,-0.05573
963.41706,-0.05329
961.99189,-0.05709
960.56671,-0.06230
959.14154,-0.06536
957.71637,-0.06663
956.29119,-0.06640
954.86602,-0.06398
953.44085,-0.06025
952.01567,-0.05778
950.59050,-0.05814
949.16533,-0.06114
947.74015,-0.06469
946.31498,-0.06612
944.88981,-0.06841
943.46463,-0.08233
942.03946,-0.11662
940.61429,-0.16054
939.18911,-0.18863
937.76394,-0.18915
936.33877,-0.17204
934.91360,-0.14861
933.48842,-0.12007
932.06325,-0.09535
930.63808,-0.09925
929.21290,-0.14759
927.78773,-0.20599
926.36256,-0.21695
924.93738,-0.19124
923.51221,-0.18218
922.08704,-0.19440
920.66186,-0.17298
919.23669,-0.09872
917.81152,-0.01243
916.38634,0.05189
914.96117,0.09232
913.53600,0.11754
912.11082,0.15137
910.68565,0.20574
909.26048,0.24471
907.83531,0.24174
906.41013,0.16286
904.98496,-0.31448
903.55979,-0.22048
902.13461,-0.09154
900.70944,0.02279
899.28427,-0.03976
897.85909,-0.10649
896.43392,-0.17370
895.00875,-0.15438
893.58357,-0.03199
892.15840,0.03365
890.73323,0.14118
889.30805,0.06147
887.88288,0.20512
886.45771,0.48711
885.03253,0.57473
883.60736,0.14126
882.18219,0.05049
880.75701,0.16391
879.33184,0.36475
877.90667,0.06398
876.48150,-0.26688
875.05632,-0.60669
873.63115,-0.40042
872.20598,-0.03487
870.78080,0.54588
869.35563,0.13018
867.93046,0.00083
866.50528,0.02653
865.08011,0.08734
863.65494,0.09367
862.22976,-0.32628
860.80459,-0.49813
859.37942,-0.47124
857.95424,-0.39907
856.52907,-0.33414
855.10390,-0.17741
853.67872,0.05300
852.25355,0.08363
850.82838,-0.07205
849.40321,0.05359
847.97803,0.06728
846.55286,-0.00621
845.12769,0.01879
843.70251,0.05582
842.27734,0.23841
840.85217,0.15636
839.42699,-0.05083
838.00182,-0.22993
836.57665,-0.36305
835.15147,-0.21645
833.72630,-0.11973
832.30113,-0.16508
830.87595,-0.04879
829.45078,-0.01055
828.02561,0.11221
826.60043,0.22408
825.17526,0.13404
823.75009,0.22344
822.32492,0.41588
820.89974,0.47647
819.47457,0.42783
818.04940,0.31668
816.62422,0.27088
815.19905,0.17341
813.77388,0.19473
812.34870,0.21820
810.92353,0.16471
809.49836,-0.13534
808.07318,-0.27117
806.64801,-0.29537
805.22284,-0.08478
803.79766,0.01575
802.37249,-0.06146
800.94732,-0.31255
799.52214,-0.56592
798.09697,-0.41139
796.67180,-0.08372
795.24663,0.07170
793.82145,0.14700
792.39628,0.21044
790.97111,0.31709
789.54593,0.19232
788.12076,0.20706
786.69559,0.22657
785.27041,0.19394
783.84524,0.22753
782.42007,0.12650
780.99489,0.12054
779.56972,0.04003
778.14455,0.07520
776.71937,0.28523
775.29420,0.22765
773.86903,0.03047
772.44385,0.00095
771.01868,0.06888
769.59351,-0.00290
768.16834,0.08729
766.74316,0.28882
765.31799,0.37355
763.89282,0.18187
762.46764,-0.17514
761.04247,-0.61211
759.61730,-0.53202
758.19212,-0.23789
756.76695,0.05355
755.34178,0.24034
753.91660,0.29393
752.49143,-0.05616
751.06626,0.07039
749.64108,0.21234
748.21591,0.15417
746.79074,0.16051
745.36556,0.23784
743.94039,0.28364
742.51522,0.31251
741.09004,0.29855
739.66487,0.21030
738.23970,0.07877
736.81453,-0.08890
735.38935,-0.25952
733.96418,-0.36882
732.53901,-0.24941
731.11383,0.03160
729.68866,0.19221
728.26349,0.16739
726.83831,-0.05253
725.41314,-0.02467
723.98797,0.29935
722.56279,0.29588
721.13762,0.33895
719.71245,0.29975
718.28727,0.06829
716.86210,-0.09111
715.43693,-0.21248
714.01175,-0.48926
712.58658,-0.47430
711.16141,-0.44469
709.73624,-0.51562
708.31106,-0.70067
706.88589,-0.88177
705.46072,-0.42237
704.03554,0.05227
702.61037,0.30295
701.18520,0.32698
699.76002,0.26123
698.33485,0.12846
696.90968,0.14729
695.48450,0.12299
694.05933,0.07066
692.63416,0.20481
691.20898,0.35743
689.78381,0.19975
688.35864,-0.18345
686.93346,-0.44407
685.50829,-0.24740
684.08312,-0.07189
682.65795,0.00538
681.23277,0.08281
679.80760,0.13716
678.38243,-0.01042
676.95725,0.08595
675.53208,0.24376
674.10691,0.47532
672.68173,0.20594
671.25656,0.02731
669.83139,-0.08696
668.40621,-0.18954
666.98104,-0.15509
665.55587,-0.09220
664.13069,-0.23949
662.70552,-0.32237
661.28035,-0.50799
659.85517,-0.46607
658.43000,-0.26619
657.00483,-0.21121
655.57966,-0.11825
654.15448,-0.07388
652.72931,-0.22178
651.30414,-0.20249
649.87896,-0.16390
648.45379,-0.20951
647.02862,0.12899
645.60344,0.11876
644.17827,0.12704
642.75310,-0.06830
641.32792,-0.19221
639.90275,-0.13408
638.47758,0.00499
637.05240,0.02820
635.62723,0.02533
634.20206,0.07843
632.77688,0.23879
631.35171,0.37521
629.92654,0.54446
628.50137,0.56002
627.07619,0.18794
625.65102,0.05517
624.22585,0.10265
622.80067,0.39800
621.37550,0.13433
619.95033,-0.18034
618.52515,-0.07382
617.09998,-0.08337
615.67481,-0.24687
614.24963,0.05222
612.82446,0.08723
611.39929,0.06708
609.97411,0.07961
608.54894,0.06261
607.12377,0.07125
605.69859,0.14960
604.27342,0.31728
602.84825,0.46456
601.42307,0.51161
599.99790,0.39268
598.57273,0.22801
597.14756,0.02376
595.72238,-0.36451
594.29721,0.05097
592.87204,0.31807
591.44686,0.53519
590.02169,0.19399
588.59652,-0.14580
587.17134,-0.29181
585.74617,-0.24624
584.32100,-0.25839
582.89582,-0.08168
581.47065,0.31777
580.04548,0.34234
578.62030,0.19818
577.19513,0.05336
575.76996,0.00400
574.34478,-0.01384
572.91961,-0.09279
571.49444,-0.24970
570.06927,-0.21547
568.64409,0.00520
567.21892,0.08058
565.79375,-0.01741
564.36857,0.03087
562.94340,0.16940
561.51823,0.24470
560.09305,0.20812
558.66788,0.06826
557.24271,-0.04814
555.81753,0.05267
554.39236,0.25599
552.96719,-0.00800
551.54201,-0.38674
550.11684,-0.33391
548.69167,-0.13587
547.26649,-0.12681
545.84132,-0.03466
544.41615,-0.09843
542.99098,-0.20660
541.56580,-0.22203
540.14063,-0.07116
538.71546,-0.03242
537.29028,-0.38314
535.86511,-0.37896
534.43994,-0.31318
533.01476,-0.29528
531.58959,-0.19728
530.16442,-0.08496
528.73924,0.03202
527.31407,0.19642
525.88890,0.42808
524.46372,0.50653
523.03855,0.37068
521.61338,0.20164
520.18820,0.02007
518.76303,-0.06269
517.33786,0.02097
515.91269,0.18325
514.48751,0.14531
513.06234,0.03829
511.63717,-0.11706
510.21199,-0.38719
508.78682,-0.81345
507.36165,-0.58164
505.93647,-0.36493
504.51130,-0.19515
503.08613,-0.28701
501.66095,-0.34144
500.23578,-0.18371
498.81061,-0.03796
497.38543,0.02670
495.96026,0.21675
494.53509,0.23424
493.10991,-0.08125
491.68474,-0.44735
490.25957,-0.32976
488.83440,-0.05334
487.40922,0.11537
485.98405,0.15244
484.55888,0.09766
483.13370,0.00975
481.70853,-0.09879
480.28336,-0.30758
478.85818,-0.07944
477.43301,0.00588
476.00784,0.03025
474.58266,-0.10402
473.15749,-0.18957
471.73232,-0.13467
470.30714,-0.08168
468.88197,-0.00800
467.45680,0.07761
466.03162,0.16652
464.60645,0.19330
463.18128,-0.00469
461.75610,-0.16558
460.33093,-0.30214
458.90576,-0.05690
457.48059,0.11036
456.05541,0.21554
454.63024,0.24439
453.20507,0.19196
451.77989,0.04796
450.35472,-0.24318
448.92955,-0.22831
447.50437,-0.04886
446.07920,-0.04424
444.65403,-0.10206
443.22885,-0.12195
441.80368,-0.06340
440.37851,-0.01089
438.95333,0.05452
437.52816,0.06725
436.10299,0.03985
434.67781,0.02350
433.25264,0.01766
431.82747,0.06100
430.40230,0.08844
428.97712,0.05030
427.55195,0.01943
426.12678,0.07859
424.70160,0.17258
423.27643,0.25732
421.85126,0.33659
420.42608,0.36373
419.00091,0.30766
417.57574,0.11754
416.15056,-0.06363
414.72539,0.04460
413.30022,0.18430
411.87504,0.16823
410.44987,0.09194
409.02470,0.02193
407.59952,0.08434
406.17435,-0.12608
404.74918,-0.24952
403.32401,-0.49661
401.89883,-0.39632
400.47366,-0.17225
399.04849,-0.09310
