3997.61072,0.00154
3996.18555,0.00143
3994.76038,0.00139
3993.33520,0.00140
3991.91003,0.00146
3990.48486,0.00157
3989.05968,0.00175
3987.63451,0.00197
3986.20934,0.00220
3984.78416,0.00243
3983.35899,0.00266
3981.93382,0.00292
3980.50865,0.00321
3979.08347,0.00353
3977.65830,0.00383
3976.23313,0.00408
3974.80795,0.00433
3973.38278,0.00466
3971.95761,0.00511
3970.53243,0.00561
3969.10726,0.00611
3967.68209,0.00659
3966.25691,0.00708
3964.83174,0.00758
3963.40657,0.00809
3961.98139,0.00859
3960.55622,0.00907
3959.13105,0.00954
3957.70587,0.01005
3956.28070,0.01065
3954.85553,0.01130
3953.43036,0.01195
3952.00518,0.01256
3950.58001,0.01316
3949.15484,0.01378
3947.72966,0.01437
3946.30449,0.01490
3944.87932,0.01542
3943.45414,0.01599
3942.02897,0.01661
3940.60380,0.01718
3939.17862,0.01769
3937.75345,0.01815
3936.32828,0.01859
3934.90310,0.01905
3933.47793,0.01956
3932.05276,0.02012
3930.62758,0.02064
3929.20241,0.02109
3927.77724,0.02151
3926.35207,0.02198
3924.92689,0.02250
3923.50172,0.02298
3922.07655,0.02338
3920.65137,0.02374
3919.22620,0.02412
3917.80103,0.02458
3916.37585,0.02511
3914.95068,0.02564
3913.52551,0.02612
3912.10033,0.02658
3910.67516,0.02703
3909.24999,0.02743
3907.82481,0.02776
3906.39964,0.02809
3904.97447,0.02854
3903.54929,0.02912
3902.12412,0.02980
3900.69895,0.03056
3899.27378,0.03137
3897.84860,0.03206
3896.42343,0.03252
3894.99826,0.03286
3893.57308,0.03340
3892.14791,0.03434
3890.72274,0.03537
3889.29756,0.03612
3887.87239,0.03670
3886.44722,0.03748
3885.02204,0.03843
3883.59687,0.03919
3882.17170,0.03988
3880.74652,0.04079
3879.32135,0.04170
3877.89618,0.04226
3876.47100,0.04265
3875.04583,0.04317
3873.62066,0.04381
3872.19548,0.04450
3870.77031,0.04536
3869.34514,0.04625
3867.91997,0.04681
3866.49479,0.04717
3865.06962,0.04771
3863.64445,0.04851
3862.21927,0.04924
3860.79410,0.04970
3859.36893,0.04984
3857.94375,0.04970
3856.51858,0.04946
3855.09341,0.04977
3853.66823,0.05119
3852.24306,0.05277
3850.81789,0.05349
3849.39271,0.05359
3847.96754,0.05351
3846.54237,0.05343
3845.11719,0.05340
3843.69202,0.05337
3842.26685,0.05325
3840.84168,0.05312
3839.41650,0.05328
3837.99133,0.05374
3836.56616,0.05406
3835.14098,0.05391
3833.71581,0.05348
3832.29064,0.05308
3830.86546,0.05271
3829.44029,0.05227
3828.01512,0.05178
3826.58994,0.05124
3825.16477,0.05053
3823.73960,0.04966
3822.31442,0.04890
3820.88925,0.04839
3819.46408,0.04784
3818.03890,0.04713
3816.61373,0.04645
3815.18856,0.04582
3813.76339,0.04504
3812.33821,0.04405
3810.91304,0.04295
3809.48787,0.04188
3808.06269,0.04092
3806.63752,0.04006
3805.21235,0.03911
3803.78717,0.03808
3802.36200,0.03712
3800.93683,0.03632
3799.51165,0.03554
3798.08648,0.03470
3796.66131,0.03392
3795.23613,0.03326
3793.81096,0.03264
3792.38579,0.03205
3790.96061,0.03147
3789.53544,0.03093
3788.11027,0.03040
3786.68510,0.02994
3785.25992,0.02954
3783.83475,0.02919
3782.40958,0.02893
3780.98440,0.02881
3779.55923,0.02879
3778.13406,0.02871
3776.70888,0.02847
3775.28371,0.02815
3773.85854,0.02784
3772.43336,0.02764
3771.00819,0.02764
3769.58302,0.02780
3768.15784,0.02794
3766.73267,0.02800
3765.30750,0.02806
3763.88232,0.02811
3762.45715,0.02814
3761.03198,0.02821
3759.60681,0.02840
3758.18163,0.02857
3756.75646,0.02857
3755.33129,0.02846
3753.90611,0.02841
3752.48094,0.02862
3751.05577,0.02910
3749.63059,0.02946
3748.20542,0.02948
3746.78025,0.02941
3745.35507,0.02967
3743.92990,0.03021
3742.50473,0.03052
3741.07955,0.03047
3739.65438,0.03029
3738.22921,0.03021
3736.80403,0.03032
3735.37886,0.03060
3733.95369,0.03084
3732.52851,0.03088
3731.10334,0.03076
3729.67817,0.03055
3728.25300,0.03032
3726.82782,0.03011
3725.40265,0.02987
3723.97748,0.02960
3722.55230,0.02933
3721.12713,0.02906
3719.70196,0.02880
3718.27678,0.02848
3716.85161,0.02808
3715.42644,0.02758
3714.00126,0.02702
3712.57609,0.02652
3711.15092,0.02612
3709.72574,0.02571
3708.30057,0.02523
3706.87540,0.02469
3705.45022,0.02408
3704.02505,0.02344
3702.59988,0.02284
3701.17471,0.02235
3699.74953,0.02192
3698.32436,0.02145
3696.89919,0.02094
3695.47401,0.02041
3694.04884,0.01989
3692.62367,0.01945
3691.19849,0.01916
3689.77332,0.01908
3688.34815,0.01911
3686.92297,0.01906
3685.49780,0.01893
3684.07263,0.01883
3682.64745,0.01883
3681.22228,0.01895
3679.79711,0.01908
3678.37193,0.01922
3676.94676,0.01954
3675.52159,0.02017
3674.09642,0.02080
3672.67124,0.02128
3671.24607,0.02195
3669.82090,0.02305
3668.39572,0.02422
3666.97055,0.02513
3665.54538,0.02591
3664.12020,0.02680
3662.69503,0.02790
3661.26986,0.02907
3659.84468,0.03012
3658.41951,0.03110
3656.99434,0.03223
3655.56916,0.03343
3654.14399,0.03442
3652.71882,0.03528
3651.29364,0.03646
3649.86847,0.03834
3648.44330,0.04064
3647.01813,0.04264
3645.59295,0.04413
3644.16778,0.04541
3642.74261,0.04675
3641.31743,0.04823
3639.89226,0.04975
3638.46709,0.05115
3637.04191,0.05248
3635.61674,0.05385
3634.19157,0.05515
3632.76639,0.05620
3631.34122,0.05723
3629.91605,0.05899
3628.49087,0.06151
3627.06570,0.06359
3625.64053,0.06480
3624.21535,0.06560
3622.79018,0.06638
3621.36501,0.06741
3619.93984,0.06887
3618.51466,0.07048
3617.08949,0.07168
3615.66432,0.07251
3614.23914,0.07333
3612.81397,0.07423
3611.38880,0.07509
3609.96362,0.07604
3608.53845,0.07733
3607.11328,0.07873
3605.68810,0.07974
3604.26293,0.08037
3602.83776,0.08096
3601.41258,0.08174
3599.98741,0.08254
3598.56224,0.08319
3597.13706,0.08386
3595.71189,0.08480
3594.28672,0.08594
3592.86154,0.08685
3591.43637,0.08738
3590.01120,0.08808
3588.58603,0.08964
3587.16085,0.09183
3585.73568,0.09363
3584.31051,0.09470
3582.88533,0.09559
3581.46016,0.09674
3580.03499,0.09822
3578.60981,0.09987
3577.18464,0.10160
3575.75947,0.10342
3574.33429,0.10525
3572.90912,0.10692
3571.48395,0.10834
3570.05877,0.10990
3568.63360,0.11235
3567.20843,0.11584
3565.78325,0.11928
3564.35808,0.12180
3562.93291,0.12377
3561.50774,0.12584
3560.08256,0.12821
3558.65739,0.13070
3557.23222,0.13312
3555.80704,0.13548
3554.38187,0.13802
3552.95670,0.14087
3551.53152,0.14369
3550.10635,0.14619
3548.68118,0.14862
3547.25600,0.15151
3545.83083,0.15489
3544.40566,0.15827
3542.98048,0.16127
3541.55531,0.16396
3540.13014,0.16657
3538.70496,0.16927
3537.27979,0.17215
3535.85462,0.17517
3534.42945,0.17809
3533.00427,0.18080
3531.57910,0.18340
3530.15393,0.18608
3528.72875,0.18886
3527.30358,0.19162
3525.87841,0.19431
3524.45323,0.19697
3523.02806,0.19961
3521.60289,0.20208
3520.17771,0.20430
3518.75254,0.20631
3517.32737,0.20817
3515.90219,0.20985
3514.47702,0.21144
3513.05185,0.21309
3511.62667,0.21491
3510.20150,0.21686
3508.77633,0.21868
3507.35116,0.22007
3505.92598,0.22117
3504.50081,0.22240
3503.07564,0.22385
3501.65046,0.22517
3500.22529,0.22614
3498.80012,0.22690
3497.37494,0.22772
3495.94977,0.22867
3494.52460,0.22965
3493.09942,0.23056
3491.67425,0.23141
3490.24908,0.23227
3488.82390,0.23310
3487.39873,0.23387
3485.97356,0.23460
3484.54838,0.23537
3483.12321,0.23635
3481.69804,0.23761
3480.27287,0.23895
3478.84769,0.24020
3477.42252,0.24143
3475.99735,0.24266
3474.57217,0.24386
3473.14700,0.24512
3471.72183,0.24659
3470.29665,0.24829
3468.87148,0.25009
3467.44631,0.25181
3466.02113,0.25342
3464.59596,0.25506
3463.17079,0.25682
3461.74561,0.25862
3460.32044,0.26031
3458.89527,0.26194
3457.47009,0.26367
3456.04492,0.26553
3454.61975,0.26739
3453.19457,0.26907
3451.76940,0.27055
3450.34423,0.27199
3448.91906,0.27364
3447.49388,0.27556
3446.06871,0.27750
3444.64354,0.27920
3443.21836,0.28078
3441.79319,0.28245
3440.36802,0.28416
3438.94284,0.28577
3437.51767,0.28723
3436.09250,0.28850
3434.66732,0.28962
3433.24215,0.29070
3431.81698,0.29182
3430.39180,0.29296
3428.96663,0.29405
3427.54146,0.29498
3426.11628,0.29559
3424.69111,0.29596
3423.26594,0.29634
3421.84077,0.29685
3420.41559,0.29726
3418.99042,0.29733
3417.56525,0.29704
3416.14007,0.29661
3414.71490,0.29617
3413.28973,0.29565
3411.86455,0.29497
3410.43938,0.29412
3409.01421,0.29316
3407.58903,0.29205
3406.16386,0.29081
3404.73869,0.28950
3403.31351,0.28814
3401.88834,0.28668
3400.46317,0.28501
3399.03799,0.28310
3397.61282,0.28106
3396.18765,0.27900
3394.76248,0.27699
3393.33730,0.27501
3391.91213,0.27290
3390.48696,0.27055
3389.06178,0.26808
3387.63661,0.26570
3386.21144,0.26348
3384.78626,0.26139
3383.36109,0.25939
3381.93592,0.25743
3380.51074,0.25545
3379.08557,0.25346
3377.66040,0.25152
3376.23522,0.24965
3374.81005,0.24786
3373.38488,0.24617
3371.95970,0.24462
3370.53453,0.24320
3369.10936,0.24182
3367.68419,0.24043
3366.25901,0.23907
3364.83384,0.23777
3363.40867,0.23655
3361.98349,0.23539
3360.55832,0.23425
3359.13315,0.23312
3357.70797,0.23202
3356.28280,0.23097
3354.85763,0.22994
3353.43245,0.22889
3352.00728,0.22782
3350.58211,0.22676
3349.15693,0.22571
3347.73176,0.22472
3346.30659,0.22382
3344.88141,0.22299
3343.45624,0.22210
3342.03107,0.22102
3340.60590,0.21976
3339.18072,0.21845
3337.75555,0.21723
3336.33038,0.21615
3334.90520,0.21513
3333.48003,0.21411
3332.05486,0.21302
3330.62968,0.21182
3329.20451,0.21050
3327.77934,0.20908
3326.35416,0.20763
3324.92899,0.20615
3323.50382,0.20461
3322.07864,0.20296
3320.65347,0.20118
3319.22830,0.19929
3317.80312,0.19738
3316.37795,0.19547
3314.95278,0.19350
3313.52760,0.19142
3312.10243,0.18925
3310.67726,0.18705
3309.25209,0.18482
3307.82691,0.18250
3306.40174,0.18002
3304.97657,0.17737
3303.55139,0.17456
3302.12622,0.17165
3300.70105,0.16876
3299.27587,0.16599
3297.85070,0.16333
3296.42553,0.16069
3295.00035,0.15798
3293.57518,0.15519
3292.15001,0.15232
3290.72483,0.14940
3289.29966,0.14645
3287.87449,0.14352
3286.44931,0.14066
3285.02414,0.13786
3283.59897,0.13514
3282.17380,0.13252
3280.74862,0.12997
3279.32345,0.12752
3277.89828,0.12518
3276.47310,0.12295
3275.04793,0.12083
3273.62276,0.11883
3272.19758,0.11692
3270.77241,0.11501
3269.34724,0.11307
3267.92206,0.11118
3266.49689,0.10946
3265.07172,0.10794
3263.64654,0.10658
3262.22137,0.10528
3260.79620,0.10403
3259.37102,0.10289
3257.94585,0.10192
3256.52068,0.10105
3255.09551,0.10016
3253.67033,0.09922
3252.24516,0.09828
3250.81999,0.09745
3249.39481,0.09675
3247.96964,0.09610
3246.54447,0.09540
3245.11929,0.09464
3243.69412,0.09387
3242.26895,0.09315
3240.84377,0.09250
3239.41860,0.09197
3237.99343,0.09156
3236.56825,0.09130
3235.14308,0.09108
3233.71791,0.09076
3232.29273,0.09022
3230.86756,0.08956
3229.44239,0.08890
3228.01722,0.08830
3226.59204,0.08776
3225.16687,0.08723
3223.74170,0.08673
3222.31652,0.08625
3220.89135,0.08577
3219.46618,0.08526
3218.04100,0.08467
3216.61583,0.08399
3215.19066,0.08324
3213.76548,0.08242
3212.34031,0.08156
3210.91514,0.08068
3209.48996,0.07979
3208.06479,0.07888
3206.63962,0.07793
3205.21444,0.07692
3203.78927,0.07585
3202.36410,0.07470
3200.93893,0.07347
3199.51375,0.07223
3198.08858,0.07102
3196.66341,0.06984
3195.23823,0.06868
3193.81306,0.06750
3192.38789,0.06628
3190.96271,0.06497
3189.53754,0.06358
3188.11237,0.06216
3186.68719,0.06078
3185.26202,0.05947
3183.83685,0.05822
3182.41167,0.05698
3180.98650,0.05574
3179.56133,0.05450
3178.13615,0.05331
3176.71098,0.05218
3175.28581,0.05111
3173.86063,0.05010
3172.43546,0.04917
3171.01029,0.04836
3169.58512,0.04765
3168.15994,0.04703
3166.73477,0.04647
3165.30960,0.04593
3163.88442,0.04544
3162.45925,0.04503
3161.03408,0.04472
3159.60890,0.04451
3158.18373,0.04438
3156.75856,0.04434
3155.33338,0.04439
3153.90821,0.04447
3152.48304,0.04454
3151.05786,0.04456
3149.63269,0.04456
3148.20752,0.04459
3146.78234,0.04468
3145.35717,0.04483
3143.93200,0.04506
3142.50683,0.04534
3141.08165,0.04563
3139.65648,0.04590
3138.23131,0.04612
3136.80613,0.04634
3135.38096,0.04660
3133.95579,0.04693
3132.53061,0.04732
3131.10544,0.04774
3129.68027,0.04810
3128.25509,0.04840
3126.82992,0.04867
3125.40475,0.04898
3123.97957,0.04936
3122.55440,0.04976
3121.12923,0.05013
3119.70405,0.05041
3118.27888,0.05060
3116.85371,0.05070
3115.42854,0.05075
3114.00336,0.05076
3112.57819,0.05074
3111.15302,0.05067
3109.72784,0.05054
3108.30267,0.05034
3106.87750,0.05008
3105.45232,0.04975
3104.02715,0.04938
3102.60198,0.04898
3101.17680,0.04855
3099.75163,0.04806
3098.32646,0.04750
3096.90128,0.04691
3095.47611,0.04631
3094.05094,0.04568
3092.62576,0.04502
3091.20059,0.04434
3089.77542,0.04364
3088.35025,0.04293
3086.92507,0.04222
3085.49990,0.04150
3084.07473,0.04078
3082.64955,0.04007
3081.22438,0.03938
3079.79921,0.03869
3078.37403,0.03795
3076.94886,0.03716
3075.52369,0.03638
3074.09851,0.03570
3072.67334,0.03513
3071.24817,0.03469
3069.82299,0.03436
3068.39782,0.03409
3066.97265,0.03383
3065.54747,0.03356
3064.12230,0.03330
3062.69713,0.03312
3061.27196,0.03305
3059.84678,0.03309
3058.42161,0.03321
3056.99644,0.03336
3055.57126,0.03355
3054.14609,0.03383
3052.72092,0.03418
3051.29574,0.03457
3049.87057,0.03493
3048.44540,0.03533
3047.02022,0.03583
3045.59505,0.03641
3044.16988,0.03700
3042.74470,0.03752
3041.31953,0.03796
3039.89436,0.03838
3038.46918,0.03888
3037.04401,0.03953
3035.61884,0.04026
3034.19366,0.04094
3032.76849,0.04154
3031.34332,0.04210
3029.91815,0.04273
3028.49297,0.04345
3027.06780,0.04424
3025.64263,0.04504
3024.21745,0.04580
3022.79228,0.04655
3021.36711,0.04736
3019.94193,0.04823
3018.51676,0.04914
3017.09159,0.05007
3015.66641,0.05096
3014.24124,0.05174
3012.81607,0.05237
3011.39089,0.05284
3009.96572,0.05322
3008.54055,0.05359
3007.11537,0.05401
3005.69020,0.05446
3004.26503,0.05490
3002.83986,0.05529
3001.41468,0.05563
2999.98951,0.05596
2998.56434,0.05624
2997.13916,0.05644
2995.71399,0.05657
2994.28882,0.05667
2992.86364,0.05671
2991.43847,0.05666
2990.01330,0.05655
2988.58812,0.05646
2987.16295,0.05643
2985.73778,0.05642
2984.31260,0.05643
2982.88743,0.05645
2981.46226,0.05644
2980.03708,0.05633
2978.61191,0.05617
2977.18674,0.05602
2975.76157,0.05592
2974.33639,0.05581
2972.91122,0.05564
2971.48605,0.05547
2970.06087,0.05538
2968.63570,0.05540
2967.21053,0.05546
2965.78535,0.05552
2964.36018,0.05560
2962.93501,0.05568
2961.50983,0.05572
2960.08466,0.05573
2958.65949,0.05574
2957.23431,0.05580
2955.80914,0.05595
2954.38397,0.05618
2952.95879,0.05641
2951.53362,0.05664
2950.10845,0.05691
2948.68328,0.05730
2947.25810,0.05779
2945.83293,0.05833
2944.40776,0.05888
2942.98258,0.05945
2941.55741,0.06008
2940.13224,0.06078
2938.70706,0.06153
2937.28189,0.06229
2935.85672,0.06303
2934.43154,0.06378
2933.00637,0.06454
2931.58120,0.06529
2930.15602,0.06596
2928.73085,0.06653
2927.30568,0.06705
2925.88050,0.06755
2924.45533,0.06808
2923.03016,0.06865
2921.60498,0.06926
2920.17981,0.06993
2918.75464,0.07062
2917.32947,0.07128
2915.90429,0.07187
2914.47912,0.07236
2913.05395,0.07273
2911.62877,0.07299
2910.20360,0.07321
2908.77843,0.07340
2907.35325,0.07358
2905.92808,0.07372
2904.50291,0.07382
2903.07773,0.07387
2901.65256,0.07387
2900.22739,0.07383
2898.80221,0.07374
2897.37704,0.07358
2895.95187,0.07332
2894.52669,0.07299
2893.10152,0.07262
2891.67635,0.07224
2890.25118,0.07185
2888.82600,0.07143
2887.40083,0.07097
2885.97566,0.07049
2884.55048,0.07001
2883.12531,0.06954
2881.70014,0.06906
2880.27496,0.06855
2878.84979,0.06798
2877.42462,0.06740
2875.99944,0.06681
2874.57427,0.06616
2873.14910,0.06540
2871.72392,0.06455
2870.29875,0.06368
2868.87358,0.06285
2867.44840,0.06203
2866.02323,0.06122
2864.59806,0.06047
2863.17289,0.05986
2861.74771,0.05937
2860.32254,0.05895
2858.89737,0.05857
2857.47219,0.05829
2856.04702,0.05817
2854.62185,0.05822
2853.19667,0.05838
2851.77150,0.05865
2850.34633,0.05903
2848.92115,0.05952
2847.49598,0.06006
2846.07081,0.06066
2844.64563,0.06134
2843.22046,0.06211
2841.79529,0.06300
2840.37011,0.06397
2838.94494,0.06496
2837.51977,0.06591
2836.09460,0.06683
2834.66942,0.06780
2833.24425,0.06884
2831.81908,0.06993
2830.39390,0.07103
2828.96873,0.07216
2827.54356,0.07335
2826.11838,0.07461
2824.69321,0.07587
2823.26804,0.07713
2821.84286,0.07841
2820.41769,0.07978
2818.99252,0.08125
2817.56734,0.08277
2816.14217,0.08429
2814.71700,0.08581
2813.29182,0.08736
2811.86665,0.08896
2810.44148,0.09055
2809.01631,0.09210
2807.59113,0.09361
2806.16596,0.09514
2804.74079,0.09671
2803.31561,0.09834
2801.89044,0.10001
2800.46527,0.10170
2799.04009,0.10337
2797.61492,0.10499
2796.18975,0.10657
2794.76457,0.10813
2793.33940,0.10973
2791.91423,0.11139
2790.48905,0.11311
2789.06388,0.11481
2787.63871,0.11649
2786.21353,0.11822
2784.78836,0.12010
2783.36319,0.12216
2781.93801,0.12434
2780.51284,0.12665
2779.08767,0.12910
2777.66250,0.13173
2776.23732,0.13454
2774.81215,0.13753
2773.38698,0.14074
2771.96180,0.14422
2770.53663,0.14803
2769.11146,0.15218
2767.68628,0.15666
2766.26111,0.16148
2764.83594,0.16671
2763.41076,0.17242
2761.98559,0.17862
2760.56042,0.18530
2759.13524,0.19248
2757.71007,0.20019
2756.28490,0.20850
2754.85972,0.21745
2753.43455,0.22701
2752.00938,0.23710
2750.58421,0.24766
2749.15903,0.25865
2747.73386,0.27006
2746.30869,0.28184
2744.88351,0.29390
2743.45834,0.30612
2742.03317,0.31833
2740.60799,0.33039
2739.18282,0.34221
2737.75765,0.35362
2736.33247,0.36449
2734.90730,0.37477
2733.48213,0.38448
2732.05695,0.39368
2730.63178,0.40232
2729.20661,0.41031
2727.78143,0.41762
2726.35626,0.42441
2724.93109,0.43092
2723.50592,0.43732
2722.08074,0.44370
2720.65557,0.45005
2719.23040,0.45633
2717.80522,0.46255
2716.38005,0.46880
2714.95488,0.47515
2713.52970,0.48156
2712.10453,0.48797
2710.67936,0.49430
2709.25418,0.50059
2707.82901,0.50687
2706.40384,0.51302
2704.97866,0.51888
2703.55349,0.52444
2702.12832,0.52986
2700.70314,0.53521
2699.27797,0.54038
2697.85280,0.54532
2696.42763,0.55003
2695.00245,0.55449
2693.57728,0.55854
2692.15211,0.56214
2690.72693,0.56540
2689.30176,0.56843
2687.87659,0.57121
2686.45141,0.57365
2685.02624,0.57566
2683.60107,0.57725
2682.17589,0.57853
2680.75072,0.57965
2679.32555,0.58061
2677.90037,0.58133
2676.47520,0.58171
2675.05003,0.58178
2673.62485,0.58166
2672.19968,0.58142
2670.77451,0.58100
2669.34934,0.58034
2667.92416,0.57959
2666.49899,0.57895
2665.07382,0.57842
2663.64864,0.57784
2662.22347,0.57716
2660.79830,0.57647
2659.37312,0.57589
2657.94795,0.57542
2656.52278,0.57503
2655.09760,0.57469
2653.67243,0.57442
2652.24726,0.57425
2650.82208,0.57435
2649.39691,0.57493
2647.97174,0.57600
2646.54656,0.57726
2645.12139,0.57853
2643.69622,0.57989
2642.27104,0.58148
2640.84587,0.58335
2639.42070,0.58549
2637.99553,0.58795
2636.57035,0.59070
2635.14518,0.59365
2633.72001,0.59665
2632.29483,0.59956
2630.86966,0.60245
2629.44449,0.60551
2628.01931,0.60882
2626.59414,0.61236
2625.16897,0.61601
2623.74379,0.61964
2622.31862,0.62320
2620.89345,0.62681
2619.46827,0.63064
2618.04310,0.63474
2616.61793,0.63899
2615.19275,0.64310
2613.76758,0.64692
2612.34241,0.65055
2610.91724,0.65422
2609.49206,0.65794
2608.06689,0.66151
2606.64172,0.66477
2605.21654,0.66785
2603.79137,0.67093
2602.36620,0.67398
2600.94102,0.67672
2599.51585,0.67892
2598.09068,0.68062
2596.66550,0.68199
2595.24033,0.68310
2593.81516,0.68393
2592.38998,0.68443
2590.96481,0.68463
2589.53964,0.68464
2588.11446,0.68456
2586.68929,0.68429
2585.26412,0.68370
2583.83895,0.68272
2582.41377,0.68132
2580.98860,0.67962
2579.56343,0.67777
2578.13825,0.67588
2576.71308,0.67390
2575.28791,0.67177
2573.86273,0.66947
2572.43756,0.66702
2571.01239,0.66440
2569.58721,0.66162
2568.16204,0.65879
2566.73687,0.65601
2565.31169,0.65329
2563.88652,0.65060
2562.46135,0.64791
2561.03617,0.64523
2559.61100,0.64266
2558.18583,0.64039
2556.76066,0.63847
2555.33548,0.63680
2553.91031,0.63531
2552.48514,0.63396
2551.05996,0.63273
2549.63479,0.63169
2548.20962,0.63105
2546.78444,0.63090
2545.35927,0.63119
2543.93410,0.63184
2542.50892,0.63277
2541.08375,0.63392
2539.65858,0.63529
2538.23340,0.63693
2536.80823,0.63888
2535.38306,0.64101
2533.95788,0.64316
2532.53271,0.64534
2531.10754,0.64770
2529.68237,0.65043
2528.25719,0.65361
2526.83202,0.65713
2525.40685,0.66072
2523.98167,0.66427
2522.55650,0.66784
2521.13133,0.67152
2519.70615,0.67530
2518.28098,0.67922
2516.85581,0.68328
2515.43063,0.68725
2514.00546,0.69090
2512.58029,0.69412
2511.15511,0.69701
2509.72994,0.69986
2508.30477,0.70293
2506.87959,0.70614
2505.45442,0.70922
2504.02925,0.71197
2502.60407,0.71437
2501.17890,0.71635
2499.75373,0.71780
2498.32856,0.71880
2496.90338,0.71958
2495.47821,0.72022
2494.05304,0.72049
2492.62786,0.72016
2491.20269,0.71932
2489.77752,0.71810
2488.35234,0.71650
2486.92717,0.71456
2485.50200,0.71253
2484.07682,0.71056
2482.65165,0.70843
2481.22648,0.70588
2479.80130,0.70285
2478.37613,0.69946
2476.95096,0.69582
2475.52578,0.69195
2474.10061,0.68790
2472.67544,0.68368
2471.25027,0.67925
2469.82509,0.67469
2468.39992,0.67022
2466.97475,0.66603
2465.54957,0.66206
2464.12440,0.65803
2462.69923,0.65370
2461.27405,0.64912
2459.84888,0.64467
2458.42371,0.64070
2456.99853,0.63731
2455.57336,0.63433
2454.14819,0.63150
2452.72301,0.62863
2451.29784,0.62580
2449.87267,0.62318
2448.44749,0.62087
2447.02232,0.61891
2445.59715,0.61737
2444.17198,0.61627
2442.74680,0.61555
2441.32163,0.61524
2439.89646,0.61539
2438.47128,0.61591
2437.04611,0.61659
2435.62094,0.61727
2434.19576,0.61803
2432.77059,0.61902
2431.34542,0.62027
2429.92024,0.62172
2428.49507,0.62339
2427.06990,0.62538
2425.64472,0.62770
2424.21955,0.63020
2422.79438,0.63266
2421.36920,0.63496
2419.94403,0.63709
2418.51886,0.63914
2417.09369,0.64122
2415.66851,0.64341
2414.24334,0.64565
2412.81817,0.64781
2411.39299,0.64973
2409.96782,0.65139
2408.54265,0.65296
2407.11747,0.65446
2405.69230,0.65570
2404.26713,0.65641
2402.84195,0.65658
2401.41678,0.65640
2399.99161,0.65605
2398.56643,0.65560
2397.14126,0.65493
2395.71609,0.65388
2394.29091,0.65239
2392.86574,0.65062
2391.44057,0.64865
2390.01540,0.64632
2388.59022,0.64345
2387.16505,0.64009
2385.73988,0.63648
2384.31470,0.63272
2382.88953,0.62880
2381.46436,0.62468
2380.03918,0.62041
2378.61401,0.61604
2377.18884,0.61154
2375.76366,0.60694
2374.33849,0.60235
2372.91332,0.59799
2371.48814,0.59397
2370.06297,0.59022
2368.63780,0.58644
2367.21262,0.58234
2365.78745,0.57786
2364.36228,0.57337
2362.93710,0.56933
2361.51193,0.56593
2360.08676,0.56316
2358.66159,0.56084
2357.23641,0.55831
2355.81124,0.55525
2354.38607,0.55226
2352.96089,0.54949
2351.53572,0.54578
2350.11055,0.54046
2348.68537,0.53441
2347.26020,0.52947
2345.83503,0.52718
2344.40985,0.52708
2342.98468,0.52690
2341.55951,0.52575
2340.13433,0.52446
2338.70916,0.52339
2337.28399,0.52228
2335.85881,0.52104
2334.43364,0.51996
2333.00847,0.51937
2331.58330,0.51936
2330.15812,0.51966
2328.73295,0.52000
2327.30778,0.52041
2325.88260,0.52099
2324.45743,0.52181
2323.03226,0.52276
2321.60708,0.52353
2320.18191,0.52376
2318.75674,0.52346
2317.33156,0.52297
2315.90639,0.52267
2314.48122,0.52279
2313.05604,0.52329
2311.63087,0.52391
2310.20570,0.52444
2308.78052,0.52485
2307.35535,0.52515
2305.93018,0.52533
2304.50501,0.52543
2303.07983,0.52546
2301.65466,0.52538
2300.22949,0.52509
2298.80431,0.52459
2297.37914,0.52399
2295.95397,0.52340
2294.52879,0.52274
2293.10362,0.52191
2291.67845,0.52088
2290.25327,0.51972
2288.82810,0.51843
2287.40293,0.51698
2285.97775,0.51528
2284.55258,0.51331
2283.12741,0.51117
2281.70223,0.50898
2280.27706,0.50673
2278.85189,0.50434
2277.42672,0.50181
2276.00154,0.49917
2274.57637,0.49644
2273.15120,0.49361
2271.72602,0.49066
2270.30085,0.48757
2268.87568,0.48441
2267.45050,0.48124
2266.02533,0.47808
2264.60016,0.47490
2263.17498,0.47158
2261.74981,0.46808
2260.32464,0.46444
2258.89946,0.46075
2257.47429,0.45713
2256.04912,0.45363
2254.62394,0.45025
2253.19877,0.44693
2251.77360,0.44364
2250.34843,0.44040
2248.92325,0.43723
2247.49808,0.43423
2246.07291,0.43144
2244.64773,0.42875
2243.22256,0.42606
2241.79739,0.42336
2240.37221,0.42073
2238.94704,0.41823
2237.52187,0.41589
2236.09669,0.41379
2234.67152,0.41194
2233.24635,0.41024
2231.82117,0.40849
2230.39600,0.40662
2228.97083,0.40470
2227.54565,0.40287
2226.12048,0.40120
2224.69531,0.39963
2223.27013,0.39802
2221.84496,0.39625
2220.41979,0.39435
2218.99462,0.39236
2217.56944,0.39032
2216.14427,0.38835
2214.71910,0.38650
2213.29392,0.38472
2211.86875,0.38291
2210.44358,0.38102
2209.01840,0.37900
2207.59323,0.37686
2206.16806,0.37469
2204.74288,0.37254
2203.31771,0.37038
2201.89254,0.36813
2200.46736,0.36577
2199.04219,0.36330
2197.61702,0.36069
2196.19184,0.35784
2194.76667,0.35480
2193.34150,0.35170
2191.91633,0.34859
2190.49115,0.34542
2189.06598,0.34212
2187.64081,0.33864
2186.21563,0.33498
2184.79046,0.33116
2183.36529,0.32722
2181.94011,0.32318
2180.51494,0.31906
2179.08977,0.31489
2177.66459,0.31063
2176.23942,0.30625
2174.81425,0.30175
2173.38907,0.29714
2171.96390,0.29243
2170.53873,0.28767
2169.11355,0.28290
2167.68838,0.27810
2166.26321,0.27325
2164.83804,0.26834
2163.41286,0.26339
2161.98769,0.25844
2160.56252,0.25348
2159.13734,0.24850
2157.71217,0.24354
2156.28700,0.23867
2154.86182,0.23392
2153.43665,0.22927
2152.01148,0.22469
2150.58630,0.22016
2149.16113,0.21569
2147.73596,0.21133
2146.31078,0.20709
2144.88561,0.20300
2143.46044,0.19903
2142.03526,0.19519
2140.61009,0.19151
2139.18492,0.18801
2137.75975,0.18470
2136.33457,0.18155
2134.90940,0.17853
2133.48423,0.17564
2132.05905,0.17289
2130.63388,0.17028
2129.20871,0.16781
2127.78353,0.16544
2126.35836,0.16314
2124.93319,0.16090
2123.50801,0.15872
2122.08284,0.15663
2120.65767,0.15466
2119.23249,0.15285
2117.80732,0.15119
2116.38215,0.14963
2114.95697,0.14811
2113.53180,0.14659
2112.10663,0.14507
2110.68146,0.14358
2109.25628,0.14215
2107.83111,0.14081
2106.40594,0.13956
2104.98076,0.13835
2103.55559,0.13716
2102.13042,0.13598
2100.70524,0.13486
2099.28007,0.13384
2097.85490,0.13289
2096.42972,0.13195
2095.00455,0.13094
2093.57938,0.12989
2092.15420,0.12885
2090.72903,0.12782
2089.30386,0.12675
2087.87868,0.12561
2086.45351,0.12443
2085.02834,0.12324
2083.60316,0.12201
2082.17799,0.12070
2080.75282,0.11933
2079.32765,0.11790
2077.90247,0.11643
2076.47730,0.11492
2075.05213,0.11335
2073.62695,0.11173
2072.20178,0.11006
2070.77661,0.10835
2069.35143,0.10660
2067.92626,0.10481
2066.50109,0.10300
2065.07591,0.10117
2063.65074,0.09933
2062.22557,0.09745
2060.80039,0.09551
2059.37522,0.09354
2057.95005,0.09157
2056.52487,0.08959
2055.09970,0.08761
2053.67453,0.08560
2052.24936,0.08360
2050.82418,0.08166
2049.39901,0.07980
2047.97384,0.07798
2046.54866,0.07618
2045.12349,0.07441
2043.69832,0.07271
2042.27314,0.07112
2040.84797,0.06962
2039.42280,0.06821
2037.99762,0.06688
2036.57245,0.06565
2035.14728,0.06452
2033.72210,0.06348
2032.29693,0.06254
2030.87176,0.06165
2029.44658,0.06082
2028.02141,0.06007
2026.59624,0.05941
2025.17107,0.05881
2023.74589,0.05827
2022.32072,0.05779
2020.89555,0.05739
2019.47037,0.05707
2018.04520,0.05684
2016.62003,0.05665
2015.19485,0.05642
2013.76968,0.05618
2012.34451,0.05600
2010.91933,0.05590
2009.49416,0.05587
2008.06899,0.05587
2006.64381,0.05590
2005.21864,0.05598
2003.79347,0.05610
2002.36829,0.05626
2000.94312,0.05647
1999.51795,0.05672
1998.09278,0.05699
1996.66760,0.05724
1995.24243,0.05746
1993.81726,0.05769
1992.39208,0.05798
1990.96691,0.05829
1989.54174,0.05860
1988.11656,0.05886
1986.69139,0.05905
1985.26622,0.05915
1983.84104,0.05919
1982.41587,0.05920
1980.99070,0.05918
1979.56552,0.05914
1978.14035,0.05905
1976.71518,0.05888
1975.29000,0.05863
1973.86483,0.05831
1972.43966,0.05792
1971.01449,0.05748
1969.58931,0.05703
1968.16414,0.05657
1966.73897,0.05606
1965.31379,0.05545
1963.88862,0.05473
1962.46345,0.05394
1961.03827,0.05313
1959.61310,0.05234
1958.18793,0.05152
1956.76275,0.05066
1955.33758,0.04977
1953.91241,0.04886
1952.48723,0.04793
1951.06206,0.04697
1949.63689,0.04601
1948.21171,0.04504
1946.78654,0.04410
1945.36137,0.04319
1943.93619,0.04233
1942.51102,0.04149
1941.08585,0.04065
1939.66068,0.03983
1938.23550,0.03907
1936.81033,0.03840
1935.38516,0.03782
1933.95998,0.03732
1932.53481,0.03690
1931.10964,0.03654
1929.68446,0.03625
1928.25929,0.03600
1926.83412,0.03579
1925.40894,0.03562
1923.98377,0.03553
1922.55860,0.03550
1921.13342,0.03551
1919.70825,0.03559
1918.28308,0.03578
1916.85790,0.03602
1915.43273,0.03622
1914.00756,0.03639
1912.58239,0.03659
1911.15721,0.03688
1909.73204,0.03727
1908.30687,0.03770
1906.88169,0.03815
1905.45652,0.03862
1904.03135,0.03911
1902.60617,0.03965
1901.18100,0.04025
1899.75583,0.04088
1898.33065,0.04153
1896.90548,0.04222
1895.48031,0.04293
1894.05513,0.04367
1892.62996,0.04441
1891.20479,0.04516
1889.77961,0.04596
1888.35444,0.04676
1886.92927,0.04752
1885.50410,0.04825
1884.07892,0.04896
1882.65375,0.04962
1881.22858,0.05020
1879.80340,0.05071
1878.37823,0.05119
1876.95306,0.05166
1875.52788,0.05209
1874.10271,0.05241
1872.67754,0.05261
1871.25236,0.05275
1869.82719,0.05293
1868.40202,0.05313
1866.97684,0.05324
1865.55167,0.05317
1864.12650,0.05299
1862.70132,0.05278
1861.27615,0.05255
1859.85098,0.05231
1858.42581,0.05202
1857.00063,0.05165
1855.57546,0.05120
1854.15029,0.05070
1852.72511,0.05017
1851.29994,0.04962
1849.87477,0.04904
1848.44959,0.04842
1847.02442,0.04777
1845.59925,0.04713
1844.17407,0.04655
1842.74890,0.04597
1841.32373,0.04536
1839.89855,0.04474
1838.47338,0.04417
1837.04821,0.04369
1835.62303,0.04325
1834.19786,0.04284
1832.77269,0.04248
1831.34751,0.04224
1829.92234,0.04211
1828.49717,0.04201
1827.07200,0.04190
1825.64682,0.04186
1824.22165,0.04194
1822.79648,0.04207
1821.37130,0.04221
1819.94613,0.04239
1818.52096,0.04265
1817.09578,0.04295
1815.67061,0.04325
1814.24544,0.04353
1812.82026,0.04384
1811.39509,0.04428
1809.96992,0.04482
1808.54474,0.04541
1807.11957,0.04598
1805.69440,0.04654
1804.26922,0.04716
1802.84405,0.04790
1801.41888,0.04876
1799.99371,0.04968
1798.56853,0.05052
1797.14336,0.05126
1795.71819,0.05197
1794.29301,0.05284
1792.86784,0.05403
1791.44267,0.05537
1790.01749,0.05649
1788.59232,0.05734
1787.16715,0.05815
1785.74197,0.05907
1784.31680,0.06005
1782.89163,0.06099
1781.46645,0.06191
1780.04128,0.06282
1778.61611,0.06365
1777.19093,0.06432
1775.76576,0.06489
1774.34059,0.06554
1772.91542,0.06638
1771.49024,0.06724
1770.06507,0.06787
1768.63990,0.06828
1767.21472,0.06855
1765.78955,0.06869
1764.36438,0.06877
1762.93920,0.06894
1761.51403,0.06919
1760.08886,0.06933
1758.66368,0.06934
1757.23851,0.06932
1755.81334,0.06925
1754.38816,0.06904
1752.96299,0.06879
1751.53782,0.06869
1750.11264,0.06876
1748.68747,0.06881
1747.26230,0.06872
1745.83713,0.06855
1744.41195,0.06837
1742.98678,0.06821
1741.56161,0.06811
1740.13643,0.06802
1738.71126,0.06781
1737.28609,0.06743
1735.86091,0.06711
1734.43574,0.06714
1733.01057,0.06737
1731.58539,0.06741
1730.16022,0.06729
1728.73505,0.06722
1727.30987,0.06722
1725.88470,0.06728
1724.45953,0.06742
1723.03435,0.06754
1721.60918,0.06759
1720.18401,0.06771
1718.75884,0.06825
1717.33366,0.06939
1715.90849,0.07070
1714.48332,0.07174
1713.05814,0.07254
1711.63297,0.07329
1710.20780,0.07410
1708.78262,0.07508
1707.35745,0.07642
1705.93228,0.07806
1704.50710,0.07955
1703.08193,0.08080
1701.65676,0.08248
1700.23158,0.08494
1698.80641,0.08731
1697.38124,0.08900
1695.95606,0.09045
1694.53089,0.09172
1693.10572,0.09258
1691.68054,0.09332
1690.25537,0.09435
1688.83020,0.09559
1687.40503,0.09686
1685.97985,0.09880
1684.55468,0.10220
1683.12951,0.10609
1681.70433,0.10902
1680.27916,0.11123
1678.85399,0.11340
1677.42881,0.11599
1676.00364,0.11929
1674.57847,0.12294
1673.15329,0.12622
1671.72812,0.12940
1670.30295,0.13344
1668.87777,0.13817
1667.45260,0.14221
1666.02743,0.14523
1664.60225,0.14800
1663.17708,0.15095
1661.75191,0.15357
1660.32674,0.15518
1658.90156,0.15583
1657.47639,0.15589
1656.05122,0.15585
1654.62604,0.15659
1653.20087,0.15876
1651.77570,0.16075
1650.35052,0.16155
1648.92535,0.16243
1647.50018,0.16478
1646.07500,0.16856
1644.64983,0.17226
1643.22466,0.17549
1641.79948,0.17886
1640.37431,0.18257
1638.94914,0.18667
1637.52396,0.19203
1636.09879,0.19986
1634.67362,0.20881
1633.24845,0.21627
1631.82327,0.22256
1630.39810,0.22938
1628.97293,0.23745
1627.54775,0.24577
1626.12258,0.25255
1624.69741,0.25654
1623.27223,0.25688
1621.84706,0.25348
1620.42189,0.24744
1618.99671,0.23935
1617.57154,0.22883
1616.14637,0.21670
1614.72119,0.20533
1613.29602,0.19539
1611.87085,0.18608
1610.44567,0.17713
1609.02050,0.16895
1607.59533,0.16191
1606.17016,0.15599
1604.74498,0.15106
1603.31981,0.14703
1601.89464,0.14386
1600.46946,0.14147
1599.04429,0.13975
1597.61912,0.13858
1596.19394,0.13788
1594.76877,0.13760
1593.34360,0.13764
1591.91842,0.13791
1590.49325,0.13842
1589.06808,0.13916
1587.64290,0.14001
1586.21773,0.14084
1584.79256,0.14165
1583.36738,0.14248
1581.94221,0.14329
1580.51704,0.14392
1579.09187,0.14446
1577.66669,0.14536
1576.24152,0.14686
1574.81635,0.14818
1573.39117,0.14871
1571.96600,0.14898
1570.54083,0.14971
1569.11565,0.15084
1567.69048,0.15171
1566.26531,0.15214
1564.84013,0.15231
1563.41496,0.15219
1561.98979,0.15187
1560.56461,0.15217
1559.13944,0.15396
1557.71427,0.15578
1556.28909,0.15609
1554.86392,0.15572
1553.43875,0.15539
1552.01357,0.15516
1550.58840,0.15494
1549.16323,0.15464
1547.73806,0.15414
1546.31288,0.15346
1544.88771,0.15275
1543.46254,0.15217
1542.03736,0.15193
1540.61219,0.15224
1539.18702,0.15246
1537.76184,0.15176
1536.33667,0.15056
1534.91150,0.14960
1533.48632,0.14916
1532.06115,0.14886
1530.63598,0.14823
1529.21080,0.14742
1527.78563,0.14683
1526.36046,0.14657
1524.93528,0.14649
1523.51011,0.14681
1522.08494,0.14802
1520.65977,0.14985
1519.23459,0.15157
1517.80942,0.15305
1516.38425,0.15423
1514.95907,0.15457
1513.53390,0.15394
1512.10873,0.15277
1510.68355,0.15156
1509.25838,0.15086
1507.83321,0.15164
1506.40803,0.15406
1504.98286,0.15607
1503.55769,0.15681
1502.13251,0.15718
1500.70734,0.15800
1499.28217,0.15967
1497.85699,0.16232
1496.43182,0.16546
1495.00665,0.16808
1493.58148,0.16996
1492.15630,0.17196
1490.73113,0.17508
1489.30596,0.17940
1487.88078,0.18391
1486.45561,0.18797
1485.03044,0.19173
1483.60526,0.19564
1482.18009,0.19997
1480.75492,0.20448
1479.32974,0.20880
1477.90457,0.21292
1476.47940,0.21719
1475.05422,0.22197
1473.62905,0.22752
1472.20388,0.23312
1470.77870,0.23720
1469.35353,0.23944
1467.92836,0.24094
1466.50319,0.24284
1465.07801,0.24537
1463.65284,0.24760
1462.22767,0.24868
1460.80249,0.24891
1459.37732,0.24944
1457.95215,0.25154
1456.52697,0.25454
1455.10180,0.25610
1453.67663,0.25595
1452.25145,0.25511
1450.82628,0.25419
1449.40111,0.25330
1447.97593,0.25226
1446.55076,0.25081
1445.12559,0.24879
1443.70041,0.24622
1442.27524,0.24318
1440.85007,0.23969
1439.42490,0.23580
1437.99972,0.23142
1436.57455,0.22645
1435.14938,0.22108
1433.72420,0.21559
1432.29903,0.20995
1430.87386,0.20403
1429.44868,0.19790
1428.02351,0.19185
1426.59834,0.18597
1425.17316,0.18018
1423.74799,0.17453
1422.32282,0.16925
1420.89764,0.16428
1419.47247,0.15933
1418.04730,0.15444
1416.62212,0.14990
1415.19695,0.14570
1413.77178,0.14175
1412.34660,0.13805
1410.92143,0.13462
1409.49626,0.13144
1408.07109,0.12852
1406.64591,0.12584
1405.22074,0.12338
1403.79557,0.12110
1402.37039,0.11897
1400.94522,0.11703
1399.52005,0.11535
1398.09487,0.11395
1396.66970,0.11282
1395.24453,0.11196
1393.81935,0.11132
1392.39418,0.11074
1390.96901,0.11019
1389.54383,0.10971
1388.11866,0.10942
1386.69349,0.10929
1385.26831,0.10923
1383.84314,0.10919
1382.41797,0.10921
1380.99280,0.10938
1379.56762,0.10972
1378.14245,0.11016
1376.71728,0.11069
1375.29210,0.11131
1373.86693,0.11199
1372.44176,0.11260
1371.01658,0.11307
1369.59141,0.11345
1368.16624,0.11373
1366.74106,0.11384
1365.31589,0.11383
1363.89072,0.11387
1362.46554,0.11403
1361.04037,0.11418
1359.61520,0.11419
1358.19002,0.11409
1356.76485,0.11399
1355.33968,0.11397
1353.91451,0.11400
1352.48933,0.11404
1351.06416,0.11409
1349.63899,0.11415
1348.21381,0.11421
1346.78864,0.11422
1345.36347,0.11418
1343.93829,0.11408
1342.51312,0.11394
1341.08795,0.11383
1339.66277,0.11374
1338.23760,0.11359
1336.81243,0.11335
1335.38725,0.11305
1333.96208,0.11277
1332.53691,0.11254
1331.11173,0.11237
1329.68656,0.11223
1328.26139,0.11210
1326.83622,0.11205
1325.41104,0.11213
1323.98587,0.11234
1322.56070,0.11263
1321.13552,0.11302
1319.71035,0.11357
1318.28518,0.11423
1316.86000,0.11497
1315.43483,0.11578
1314.00966,0.11671
1312.58448,0.11776
1311.15931,0.11889
1309.73414,0.12011
1308.30896,0.12145
1306.88379,0.12290
1305.45862,0.12444
1304.03344,0.12610
1302.60827,0.12795
1301.18310,0.13000
1299.75793,0.13223
1298.33275,0.13460
1296.90758,0.13711
1295.48241,0.13983
1294.05723,0.14276
1292.63206,0.14593
1291.20689,0.14939
1289.78171,0.15320
1288.35654,0.15737
1286.93137,0.16186
1285.50619,0.16663
1284.08102,0.17174
1282.65585,0.17728
1281.23067,0.18324
1279.80550,0.18954
1278.38033,0.19610
1276.95515,0.20299
1275.52998,0.21028
1274.10481,0.21801
1272.67963,0.22615
1271.25446,0.23468
1269.82929,0.24358
1268.40412,0.25284
1266.97894,0.26246
1265.55377,0.27246
1264.12860,0.28295
1262.70342,0.29399
1261.27825,0.30554
1259.85308,0.31735
1258.42790,0.32912
1257.00273,0.34070
1255.57756,0.35214
1254.15238,0.36347
1252.72721,0.37466
1251.30204,0.38560
1249.87686,0.39622
1248.45169,0.40639
1247.02652,0.41585
1245.60134,0.42444
1244.17617,0.43221
1242.75100,0.43928
1241.32583,0.44563
1239.90065,0.45123
1238.47548,0.45615
1237.05031,0.46053
1235.62513,0.46442
1234.19996,0.46782
1232.77479,0.47080
1231.34961,0.47358
1229.92444,0.47633
1228.49927,0.47900
1227.07409,0.48151
1225.64892,0.48389
1224.22375,0.48622
1222.79857,0.48857
1221.37340,0.49099
1219.94823,0.49345
1218.52305,0.49581
1217.09788,0.49804
1215.67271,0.50017
1214.24754,0.50224
1212.82236,0.50427
1211.39719,0.50629
1209.97202,0.50819
1208.54684,0.50984
1207.12167,0.51108
1205.69650,0.51171
1204.27132,0.51165
1202.84615,0.51099
1201.42098,0.50986
1199.99580,0.50828
1198.57063,0.50629
1197.14546,0.50403
1195.72028,0.50162
1194.29511,0.49908
1192.86994,0.49631
1191.44476,0.49321
1190.01959,0.48976
1188.59442,0.48603
1187.16925,0.48217
1185.74407,0.47836
1184.31890,0.47461
1182.89373,0.47076
1181.46855,0.46670
1180.04338,0.46255
1178.61821,0.45829
1177.19303,0.45374
1175.76786,0.44872
1174.34269,0.44321
1172.91751,0.43739
1171.49234,0.43152
1170.06717,0.42574
1168.64199,0.41996
1167.21682,0.41411
1165.79165,0.40821
1164.36647,0.40234
1162.94130,0.39657
1161.51613,0.39084
1160.09096,0.38498
1158.66578,0.37907
1157.24061,0.37339
1155.81544,0.36803
1154.39026,0.36284
1152.96509,0.35774
1151.53992,0.35282
1150.11474,0.34807
1148.68957,0.34339
1147.26440,0.33869
1145.83922,0.33406
1144.41405,0.32952
1142.98888,0.32507
1141.56370,0.32073
1140.13853,0.31664
1138.71336,0.31278
1137.28818,0.30894
1135.86301,0.30501
1134.43784,0.30103
1133.01266,0.29711
1131.58749,0.29327
1130.16232,0.28953
1128.73715,0.28594
1127.31197,0.28258
1125.88680,0.27955
1124.46163,0.27680
1123.03645,0.27417
1121.61128,0.27148
1120.18611,0.26878
1118.76093,0.26623
1117.33576,0.26384
1115.91059,0.26147
1114.48541,0.25904
1113.06024,0.25661
1111.63507,0.25426
1110.20989,0.25205
1108.78472,0.25007
1107.35955,0.24829
1105.93437,0.24649
1104.50920,0.24449
1103.08403,0.24236
1101.65886,0.24032
1100.23368,0.23850
1098.80851,0.23693
1097.38334,0.23555
1095.95816,0.23431
1094.53299,0.23328
1093.10782,0.23261
1091.68264,0.23210
1090.25747,0.23130
1088.83230,0.23003
1087.40712,0.22870
1085.98195,0.22788
1084.55678,0.22769
1083.13160,0.22784
1081.70643,0.22796
1080.28126,0.22787
1078.85608,0.22757
1077.43091,0.22725
1076.00574,0.22708
1074.58057,0.22717
1073.15539,0.22755
1071.73022,0.22803
1070.30505,0.22827
1068.87987,0.22800
1067.45470,0.22733
1066.02953,0.22678
1064.60435,0.22683
1063.17918,0.22753
1061.75401,0.22854
1060.32883,0.22951
1058.90366,0.23025
1057.47849,0.23062
1056.05331,0.23069
1054.62814,0.23065
1053.20297,0.23067
1051.77779,0.23063
1050.35262,0.23040
1048.92745,0.23012
1047.50228,0.23020
1046.07710,0.23071
1044.65193,0.23112
1043.22676,0.23101
1041.80158,0.23062
1040.37641,0.23027
1038.95124,0.22978
1037.52606,0.22897
1036.10089,0.22802
1034.67572,0.22708
1033.25054,0.22616
1031.82537,0.22537
1030.40020,0.22474
1028.97502,0.22407
1027.54985,0.22334
1026.12468,0.22285
1024.69950,0.22269
1023.27433,0.22253
1021.84916,0.22222
1020.42399,0.22202
1018.99881,0.22199
1017.57364,0.22171
1016.14847,0.22093
1014.72329,0.22001
1013.29812,0.21920
1011.87295,0.21804
1010.44777,0.21624
1009.02260,0.21457
1007.59743,0.21372
1006.17225,0.21313
1004.74708,0.21190
1003.32191,0.21030
1001.89673,0.20936
1000.47156,0.20932
999.04639,0.20934
997.62121,0.20878
996.19604,0.20784
994.77087,0.20710
993.34569,0.20689
991.92052,0.20709
990.49535,0.20743
989.07018,0.20792
987.64500,0.20871
986.21983,0.20917
984.79466,0.20814
983.36948,0.20610
981.94431,0.20519
980.51914,0.20623
979.09396,0.20797
977.66879,0.20951
976.24362,0.21078
974.81844,0.21083
973.39327,0.20859
971.96810,0.20505
970.54292,0.20236
969.11775,0.20153
967.69258,0.20214
966.26740,0.20348
964.84223,0.20537
963.41706,0.20802
961.99189,0.21152
960.56671,0.21597
959.14154,0.22140
957.71637,0.22624
956.29119,0.22723
954.86602,0.22360
953.44085,0.21946
952.01567,0.21890
950.59050,0.22041
949.16533,0.21886
947.74015,0.21259
946.31498,0.20615
944.88981,0.20533
943.46463,0.21095
942.03946,0.21847
940.61429,0.22332
939.18911,0.22512
937.76394,0.22553
936.33877,0.22424
934.91360,0.22005
933.48842,0.21506
932.06325,0.21367
930.63808,0.21792
929.21290,0.22646
927.78773,0.23553
926.36256,0.23605
924.93738,0.22267
923.51221,0.21042
922.08704,0.22221
920.66186,0.25923
919.23669,0.29690
917.81152,0.30586
916.38634,0.27651
914.96117,0.23369
913.53600,0.20136
912.11082,0.18524
910.68565,0.18623
909.26048,0.19718
907.83531,0.19668
906.41013,0.13734
904.98496,0.03139
903.55979,-0.01585
902.13461,0.05072
900.70944,0.18634
899.28427,0.25864
897.85909,0.22342
896.43392,0.10921
895.00875,0.00774
893.58357,-0.00184
892.15840,0.07166
890.73323,0.27794
889.30805,0.26596
887.88288,-0.03150
886.45771,-0.18070
885.03253,-0.09888
883.60736,0.05274
882.18219,0.16770
880.75701,0.31183
879.33184,0.18160
877.90667,0.09617
876.48150,0.20620
875.05632,0.23376
873.63115,0.18673
872.20598,0.41940
870.78080,0.44311
869.35563,0.10304
867.93046,-0.01133
866.50528,-0.03256
865.08011,0.05947
863.65494,0.09465
862.22976,0.08344
860.80459,-0.10516
859.37942,-0.30380
857.95424,-0.28625
856.52907,-0.30499
855.10390,-0.27426
853.67872,-0.18653
852.25355,-0.05891
850.82838,-0.01642
849.40321,-0.19890
847.97803,-0.20732
846.55286,0.02587
845.12769,0.09485
843.70251,0.01123
842.27734,0.04549
840.85217,0.04488
839.42699,-0.15668
838.00182,-0.45282
836.57665,-0.38830
835.15147,-0.30263
833.72630,-0.31062
832.30113,-0.46589
830.87595,-0.27004
829.45078,-0.12547
828.02561,-0.08472
826.60043,-0.13602
825.17526,-0.34592
823.75009,-0.22392
822.32492,0.07790
820.89974,0.11507
819.47457,-0.20954
818.04940,-0.12019
816.62422,-0.16005
815.19905,-0.18769
813.77388,0.16064
812.34870,0.24874
810.92353,0.22088
809.49836,0.18271
808.07318,-0.17172
806.64801,0.11090
805.22284,0.25114
803.79766,0.29627
802.37249,0.21377
800.94732,0.07302
799.52214,-0.01923
798.09697,0.02632
796.67180,0.08323
795.24663,0.26316
793.82145,0.32656
792.39628,-0.01691
790.97111,0.01736
789.54593,0.24789
788.12076,0.40358
786.69559,0.39147
785.27041,0.19915
783.84524,-0.07949
782.42007,-0.20790
780.99489,-0.07234
779.56972,0.07251
778.14455,-0.05162
776.71937,-0.06524
775.29420,-0.01629
773.86903,0.07756
772.44385,0.51917
771.01868,0.34746
769.59351,-0.03660
768.16834,-0.04084
766.74316,-0.01189
765.31799,-0.03930
763.89282,-0.05308
762.46764,0.12570
761.04247,0.39483
759.61730,0.34629
758.19212,0.13651
756.76695,-0.09948
755.34178,-0.35466
753.91660,-0.32470
752.49143,-0.06736
751.06626,-0.01643
749.64108,-0.10371
748.21591,0.00328
746.79074,0.25800
745.36556,0.12610
743.94039,-0.10847
742.51522,0.09986
741.09004,0.06000
739.66487,-0.03987
738.23970,-0.04706
736.81453,0.12706
735.38935,0.30140
733.96418,0.27897
732.53901,0.30184
731.11383,0.33989
729.68866,0.31887
728.26349,0.29569
726.83831,0.22922
725.41314,0.19325
723.98797,0.05462
722.56279,-0.10368
721.13762,-0.08296
719.71245,-0.10742
718.28727,0.33674
716.86210,0.85602
715.43693,0.78348
714.01175,0.24365
712.58658,0.16221
711.16141,0.19793
709.73624,0.29953
708.31106,0.43142
706.88589,0.26930
705.46072,0.13056
704.03554,0.18167
702.61037,0.46067
701.18520,0.74037
699.76002,0.74022
698.33485,0.64125
696.90968,0.50505
695.48450,0.46784
694.05933,0.32444
692.63416,-0.09689
691.20898,-0.40756
689.78381,-0.37352
688.35864,-0.35486
686.93346,-0.29243
685.50829,-0.00241
684.08312,-0.00721
682.65795,-0.41436
681.23277,-0.23769
679.80760,0.28266
678.38243,0.52133
676.95725,0.31515
675.53208,0.15356
674.10691,0.21239
672.68173,0.52444
671.25656,0.35153
669.83139,0.11651
668.40621,0.11937
666.98104,-0.11338
665.55587,-0.26206
664.13069,-0.20973
662.70552,-0.13582
661.28035,-0.14169
659.85517,-0.23819
658.43000,-0.25649
657.00483,-0.15575
655.57966,0.02931
654.15448,0.17850
652.72931,0.21016
651.30414,0.20401
649.87896,0.14269
648.45379,-0.00305
647.02862,-0.14346
645.60344,-0.22241
644.17827,-0.22020
642.75310,-0.07756
641.32792,-0.09983
639.90275,-0.33713
638.47758,-0.30832
637.05240,-0.24638
635.62723,-0.63641
634.20206,-0.57032
632.77688,-0.24110
631.35171,-0.01493
629.92654,-0.11168
628.50137,-0.38283
627.07619,-0.48753
625.65102,0.02378
624.22585,0.34711
622.80067,0.40086
621.37550,0.25773
619.95033,0.17487
618.52515,0.07361
617.09998,-0.11756
615.67481,-0.03650
614.24963,0.21098
612.82446,0.54729
611.39929,1.03528
609.97411,0.49906
608.54894,-0.11761
607.12377,-0.50960
605.69859,-0.16507
604.27342,-0.13105
602.84825,-0.41309
601.42307,-0.40298
599.99790,-0.05727
598.57273,-0.02599
597.14756,-0.08676
595.72238,-0.17333
594.29721,-0.18196
592.87204,-0.04907
591.44686,0.07905
590.02169,0.17459
588.59652,0.21121
587.17134,0.02616
585.74617,-0.15965
584.32100,-0.26253
582.89582,-0.03339
581.47065,0.01766
580.04548,-0.02394
578.62030,-0.25442
577.19513,-0.29245
575.76996,-0.30896
574.34478,-0.29367
572.91961,-0.18379
571.49444,-0.23224
570.06927,-0.31845
568.64409,-0.30860
567.21892,-0.36868
565.79375,-0.29276
564.36857,-0.18754
562.94340,-0.10737
561.51823,-0.06661
560.09305,-0.05924
558.66788,-0.00463
557.24271,0.14172
555.81753,0.26802
554.39236,0.32086
552.96719,0.30885
551.54201,0.23565
550.11684,0.36993
548.69167,0.44330
547.26649,0.24979
545.84132,0.24825
544.41615,0.05688
542.99098,-0.17829
541.56580,-0.23429
540.14063,-0.27706
538.71546,0.02429
537.29028,0.24185
535.86511,0.39114
534.43994,0.46764
533.01476,0.35804
531.58959,0.15942
530.16442,0.00725
528.73924,-0.06178
527.31407,0.00498
525.88890,0.12240
524.46372,0.07962
523.03855,0.32949
521.61338,0.49534
520.18820,0.09379
518.76303,-0.18271
517.33786,-0.38251
515.91269,-0.41444
514.48751,-0.12095
513.06234,0.26610
511.63717,0.10609
510.21199,-0.07941
508.78682,-0.22147
507.36165,-0.26714
505.93647,-0.03607
504.51130,0.22173
503.08613,0.25079
501.66095,0.18319
500.23578,0.10653
498.81061,0.11440
497.38543,0.16055
495.96026,0.12747
494.53509,0.00671
493.10991,0.08001
491.68474,-0.03466
490.25957,-0.10916
488.83440,-0.10795
487.40922,-0.22932
485.98405,-0.16263
484.55888,-0.09925
483.13370,-0.18555
481.70853,-0.25406
480.28336,-0.15758
478.85818,0.01424
477.43301,0.07913
476.00784,0.01917
474.58266,0.12860
473.15749,0.23155
471.73232,0.18949
470.30714,0.04991
468.88197,-0.12403
467.45680,-0.30569
466.03162,-0.41516
464.60645,-0.17968
463.18128,0.16178
461.75610,0.29269
460.33093,0.28029
458.90576,0.27397
457.48059,0.14083
456.05541,-0.08083
454.63024,0.05854
453.20507,-0.01214
451.77989,-0.21925
450.35472,-0.32089
448.92955,-0.31047
447.50437,-0.26061
446.07920,-0.19338
444.65403,-0.11723
443.22885,-0.18904
441.80368,0.25469
440.37851,0.46730
438.95333,-0.02751
437.52816,-0.24150
436.10299,-0.35013
434.67781,-0.29795
433.25264,-0.19391
431.82747,0.02268
430.40230,0.33611
428.97712,0.63141
427.55195,0.61026
426.12678,0.38540
424.70160,0.11341
423.27643,-0.11992
421.85126,-0.26411
420.42608,-0.30902
419.00091,-0.42836
417.57574,-0.56329
416.15056,-0.43520
414.72539,-0.17953
413.30022,-0.13498
411.87504,-0.17767
410.44987,-0.01232
409.02470,0.35453
407.59952,0.46965
406.17435,0.33217
404.74918,-0.04252
403.32401,-0.18167
401.89883,-0.01841
400.47366,0.23511
399.04849,0.06018
