3997.61072,0.00505
3996.18555,0.00507
3994.76038,0.00506
3993.33520,0.00503
3991.91003,0.00499
3990.48486,0.00496
3989.05968,0.00494
3987.63451,0.00492
3986.20934,0.00490
3984.78416,0.00492
3983.35899,0.00495
3981.93382,0.00499
3980.50865,0.00500
3979.08347,0.00498
3977.65830,0.00493
3976.23313,0.00484
3974.80795,0.00474
3973.38278,0.00462
3971.95761,0.00454
3970.53243,0.00448
3969.10726,0.00440
3967.68209,0.00430
3966.25691,0.00420
3964.83174,0.00415
3963.40657,0.00411
3961.98139,0.00405
3960.55622,0.00398
3959.13105,0.00391
3957.70587,0.00387
3956.28070,0.00383
3954.85553,0.00375
3953.43036,0.00364
3952.00518,0.00348
3950.58001,0.00330
3949.15484,0.00314
3947.72966,0.00302
3946.30449,0.00292
3944.87932,0.00282
3943.45414,0.00270
3942.02897,0.00255
3940.60380,0.00237
3939.17862,0.00216
3937.75345,0.00194
3936.32828,0.00173
3934.90310,0.00154
3933.47793,0.00135
3932.05276,0.00112
3930.62758,0.00086
3929.20241,0.00059
3927.77724,0.00036
3926.35207,0.00013
3924.92689,-0.00011
3923.50172,-0.00040
3922.07655,-0.00071
3920.65137,-0.00102
3919.22620,-0.00133
3917.80103,-0.00166
3916.37585,-0.00203
3914.95068,-0.00242
3913.52551,-0.00278
3912.10033,-0.00313
3910.67516,-0.00348
3909.24999,-0.00385
3907.82481,-0.00425
3906.39964,-0.00464
3904.97447,-0.00504
3903.54929,-0.00544
3902.12412,-0.00584
3900.69895,-0.00628
3899.27378,-0.00675
3897.84860,-0.00719
3896.42343,-0.00757
3894.99826,-0.00792
3893.57308,-0.00824
3892.14791,-0.00852
3890.72274,-0.00881
3889.29756,-0.00916
3887.87239,-0.00953
3886.44722,-0.00985
3885.02204,-0.01013
3883.59687,-0.01040
3882.17170,-0.01061
3880.74652,-0.01069
3879.32135,-0.01077
3877.89618,-0.01101
3876.47100,-0.01133
3875.04583,-0.01161
3873.62066,-0.01179
3872.19548,-0.01182
3870.77031,-0.01167
3869.34514,-0.01149
3867.91997,-0.01146
3866.49479,-0.01155
3865.06962,-0.01163
3863.64445,-0.01167
3862.21927,-0.01177
3860.79410,-0.01190
3859.36893,-0.01200
3857.94375,-0.01207
3856.51858,-0.01205
3855.09341,-0.01176
3853.66823,-0.01123
3852.24306,-0.01092
3850.81789,-0.01099
3849.39271,-0.01117
3847.96754,-0.01125
3846.54237,-0.01118
3845.11719,-0.01101
3843.69202,-0.01085
3842.26685,-0.01078
3840.84168,-0.01073
3839.41650,-0.01057
3837.99133,-0.01029
3836.56616,-0.01005
3835.14098,-0.00993
3833.71581,-0.00984
3832.29064,-0.00974
3830.86546,-0.00965
3829.44029,-0.00955
3828.01512,-0.00941
3826.58994,-0.00925
3825.16477,-0.00918
3823.73960,-0.00911
3822.31442,-0.00888
3820.88925,-0.00850
3819.46408,-0.00822
3818.03890,-0.00804
3816.61373,-0.00782
3815.18856,-0.00759
3813.76339,-0.00749
3812.33821,-0.00742
3810.91304,-0.00728
3809.48787,-0.00703
3808.06269,-0.00670
3806.63752,-0.00641
3805.21235,-0.00623
3803.78717,-0.00606
3802.36200,-0.00576
3800.93683,-0.00543
3799.51165,-0.00525
3798.08648,-0.00517
3796.66131,-0.00502
3795.23613,-0.00477
3793.81096,-0.00455
3792.38579,-0.00442
3790.96061,-0.00435
3789.53544,-0.00428
3788.11027,-0.00416
3786.68510,-0.00402
3785.25992,-0.00386
3783.83475,-0.00371
3782.40958,-0.00357
3780.98440,-0.00340
3779.55923,-0.00319
3778.13406,-0.00300
3776.70888,-0.00290
3775.28371,-0.00285
3773.85854,-0.00279
3772.43336,-0.00267
3771.00819,-0.00248
3769.58302,-0.00233
3768.15784,-0.00228
3766.73267,-0.00230
3765.30750,-0.00234
3763.88232,-0.00237
3762.45715,-0.00238
3761.03198,-0.00233
3759.60681,-0.00225
3758.18163,-0.00219
3756.75646,-0.00221
3755.33129,-0.00223
3753.90611,-0.00218
3752.48094,-0.00201
3751.05577,-0.00177
3749.63059,-0.00164
3748.20542,-0.00168
3746.78025,-0.00176
3745.35507,-0.00179
3743.92990,-0.00179
3742.50473,-0.00188
3741.07955,-0.00201
3739.65438,-0.00210
3738.22921,-0.00210
3736.80403,-0.00199
3735.37886,-0.00185
3733.95369,-0.00178
3732.52851,-0.00179
3731.10334,-0.00181
3729.67817,-0.00182
3728.25300,-0.00179
3726.82782,-0.00174
3725.40265,-0.00168
3723.97748,-0.00164
3722.55230,-0.00163
3721.12713,-0.00164
3719.70196,-0.00166
3718.27678,-0.00170
3716.85161,-0.00176
3715.42644,-0.00177
3714.00126,-0.00166
3712.57609,-0.00146
3711.15092,-0.00131
3709.72574,-0.00130
3708.30057,-0.00138
3706.87540,-0.00146
3705.45022,-0.00151
3704.02505,-0.00151
3702.59988,-0.00146
3701.17471,-0.00142
3699.74953,-0.00143
3698.32436,-0.00150
3696.89919,-0.00162
3695.47401,-0.00174
3694.04884,-0.00182
3692.62367,-0.00188
3691.19849,-0.00194
3689.77332,-0.00203
3688.34815,-0.00218
3686.92297,-0.00239
3685.49780,-0.00262
3684.07263,-0.00283
3682.64745,-0.00301
3681.22228,-0.00318
3679.79711,-0.00336
3678.37193,-0.00355
3676.94676,-0.00368
3675.52159,-0.00382
3674.09642,-0.00407
3672.67124,-0.00441
3671.24607,-0.00479
3669.82090,-0.00522
3668.39572,-0.00573
3666.97055,-0.00629
3665.54538,-0.00683
3664.12020,-0.00732
3662.69503,-0.00776
3661.26986,-0.00822
3659.84468,-0.00873
3658.41951,-0.00928
3656.99434,-0.00987
3655.56916,-0.01051
3654.14399,-0.01115
3652.71882,-0.01178
3651.29364,-0.01237
3649.86847,-0.01295
3648.44330,-0.01359
3647.01813,-0.01430
3645.59295,-0.01506
3644.16778,-0.01584
3642.74261,-0.01668
3641.31743,-0.01755
3639.89226,-0.01841
3638.46709,-0.01920
3637.04191,-0.01993
3635.61674,-0.02064
3634.19157,-0.02139
3632.76639,-0.02218
3631.34122,-0.02296
3629.91605,-0.02373
3628.49087,-0.02453
3627.06570,-0.02543
3625.64053,-0.02639
3624.21535,-0.02734
3622.79018,-0.02824
3621.36501,-0.02906
3619.93984,-0.02980
3618.51466,-0.03054
3617.08949,-0.03139
3615.66432,-0.03241
3614.23914,-0.03350
3612.81397,-0.03457
3611.38880,-0.03554
3609.96362,-0.03638
3608.53845,-0.03716
3607.11328,-0.03800
3605.68810,-0.03897
3604.26293,-0.04002
3602.83776,-0.04107
3601.41258,-0.04206
3599.98741,-0.04301
3598.56224,-0.04395
3597.13706,-0.04489
3595.71189,-0.04583
3594.28672,-0.04680
3592.86154,-0.04783
3591.43637,-0.04888
3590.01120,-0.04990
3588.58603,-0.05081
3587.16085,-0.05166
3585.73568,-0.05265
3584.31051,-0.05385
3582.88533,-0.05513
3581.46016,-0.05640
3580.03499,-0.05762
3578.60981,-0.05884
3577.18464,-0.06004
3575.75947,-0.06118
3574.33429,-0.06230
3572.90912,-0.06352
3571.48395,-0.06493
3570.05877,-0.06637
3568.63360,-0.06766
3567.20843,-0.06882
3565.78325,-0.07008
3564.35808,-0.07153
3562.93291,-0.07305
3561.50774,-0.07453
3560.08256,-0.07599
3558.65739,-0.07754
3557.23222,-0.07919
3555.80704,-0.08079
3554.38187,-0.08224
3552.95670,-0.08362
3551.53152,-0.08512
3550.10635,-0.08681
3548.68118,-0.08856
3547.25600,-0.09015
3545.83083,-0.09156
3544.40566,-0.09296
3542.98048,-0.09452
3541.55531,-0.09623
3540.13014,-0.09800
3538.70496,-0.09970
3537.27979,-0.10133
3535.85462,-0.10299
3534.42945,-0.10472
3533.00427,-0.10650
3531.57910,-0.10824
3530.15393,-0.10986
3528.72875,-0.11134
3527.30358,-0.11280
3525.87841,-0.11433
3524.45323,-0.11591
3523.02806,-0.11753
3521.60289,-0.11919
3520.17771,-0.12078
3518.75254,-0.12219
3517.32737,-0.12347
3515.90219,-0.12474
3514.47702,-0.12614
3513.05185,-0.12770
3511.62667,-0.12930
3510.20150,-0.13085
3508.77633,-0.13233
3507.35116,-0.13379
3505.92598,-0.13518
3504.50081,-0.13651
3503.07564,-0.13778
3501.65046,-0.13911
3500.22529,-0.14050
3498.80012,-0.14184
3497.37494,-0.14307
3495.94977,-0.14424
3494.52460,-0.14543
3493.09942,-0.14662
3491.67425,-0.14783
3490.24908,-0.14908
3488.82390,-0.15036
3487.39873,-0.15170
3485.97356,-0.15310
3484.54838,-0.15444
3483.12321,-0.15553
3481.69804,-0.15640
3480.27287,-0.15725
3478.84769,-0.15828
3477.42252,-0.15946
3475.99735,-0.16066
3474.57217,-0.16180
3473.14700,-0.16277
3471.72183,-0.16349
3470.29665,-0.16412
3468.87148,-0.16503
3467.44631,-0.16635
3466.02113,-0.16784
3464.59596,-0.16913
3463.17079,-0.17011
3461.74561,-0.17093
3460.32044,-0.17187
3458.89527,-0.17301
3457.47009,-0.17411
3456.04492,-0.17490
3454.61975,-0.17534
3453.19457,-0.17565
3451.76940,-0.17614
3450.34423,-0.17688
3448.91906,-0.17763
3447.49388,-0.17815
3446.06871,-0.17852
3444.64354,-0.17886
3443.21836,-0.17919
3441.79319,-0.17941
3440.36802,-0.17946
3438.94284,-0.17936
3437.51767,-0.17923
3436.09250,-0.17916
3434.66732,-0.17913
3433.24215,-0.17903
3431.81698,-0.17884
3430.39180,-0.17865
3428.96663,-0.17856
3427.54146,-0.17851
3426.11628,-0.17840
3424.69111,-0.17812
3423.26594,-0.17762
3421.84077,-0.17685
3420.41559,-0.17590
3418.99042,-0.17497
3417.56525,-0.17413
3416.14007,-0.17327
3414.71490,-0.17228
3413.28973,-0.17120
3411.86455,-0.17015
3410.43938,-0.16918
3409.01421,-0.16821
3407.58903,-0.16712
3406.16386,-0.16589
3404.73869,-0.16452
3403.31351,-0.16299
3401.88834,-0.16140
3400.46317,-0.16000
3399.03799,-0.15893
3397.61282,-0.15803
3396.18765,-0.15699
3394.76248,-0.15557
3393.33730,-0.15387
3391.91213,-0.15229
3390.48696,-0.15113
3389.06178,-0.15024
3387.63661,-0.14922
3386.21144,-0.14795
3384.78626,-0.14656
3383.36109,-0.14518
3381.93592,-0.14376
3380.51074,-0.14224
3379.08557,-0.14074
3377.66040,-0.13937
3376.23522,-0.13812
3374.81005,-0.13683
3373.38488,-0.13535
3371.95970,-0.13374
3370.53453,-0.13212
3369.10936,-0.13061
3367.68419,-0.12929
3366.25901,-0.12814
3364.83384,-0.12701
3363.40867,-0.12574
3361.98349,-0.12435
3360.55832,-0.12299
3359.13315,-0.12173
3357.70797,-0.12054
3356.28280,-0.11935
3354.85763,-0.11812
3353.43245,-0.11683
3352.00728,-0.11549
3350.58211,-0.11410
3349.15693,-0.11270
3347.73176,-0.11133
3346.30659,-0.11002
3344.88141,-0.10870
3343.45624,-0.10732
3342.03107,-0.10587
3340.60590,-0.10437
3339.18072,-0.10286
3337.75555,-0.10138
3336.33038,-0.10000
3334.90520,-0.09872
3333.48003,-0.09747
3332.05486,-0.09613
3330.62968,-0.09470
3329.20451,-0.09323
3327.77934,-0.09176
3326.35416,-0.09031
3324.92899,-0.08886
3323.50382,-0.08742
3322.07864,-0.08599
3320.65347,-0.08455
3319.22830,-0.08314
3317.80312,-0.08175
3316.37795,-0.08032
3314.95278,-0.07886
3313.52760,-0.07744
3312.10243,-0.07609
3310.67726,-0.07480
3309.25209,-0.07354
3307.82691,-0.07225
3306.40174,-0.07096
3304.97657,-0.06971
3303.55139,-0.06851
3302.12622,-0.06732
3300.70105,-0.06611
3299.27587,-0.06489
3297.85070,-0.06372
3296.42553,-0.06259
3295.00035,-0.06145
3293.57518,-0.06030
3292.15001,-0.05923
3290.72483,-0.05824
3289.29966,-0.05728
3287.87449,-0.05628
3286.44931,-0.05528
3285.02414,-0.05437
3283.59897,-0.05359
3282.17380,-0.05288
3280.74862,-0.05213
3279.32345,-0.05130
3277.89828,-0.05042
3276.47310,-0.04956
3275.04793,-0.04875
3273.62276,-0.04798
3272.19758,-0.04729
3270.77241,-0.04666
3269.34724,-0.04610
3267.92206,-0.04554
3266.49689,-0.04495
3265.07172,-0.04436
3263.64654,-0.04379
3262.22137,-0.04325
3260.79620,-0.04272
3259.37102,-0.04216
3257.94585,-0.04159
3256.52068,-0.04104
3255.09551,-0.04053
3253.67033,-0.04003
3252.24516,-0.03953
3250.81999,-0.03903
3249.39481,-0.03855
3247.96964,-0.03807
3246.54447,-0.03758
3245.11929,-0.03707
3243.69412,-0.03657
3242.26895,-0.03610
3240.84377,-0.03566
3239.41860,-0.03521
3237.99343,-0.03477
3236.56825,-0.03434
3235.14308,-0.03396
3233.71791,-0.03360
3232.29273,-0.03325
3230.86756,-0.03283
3229.44239,-0.03234
3228.01722,-0.03183
3226.59204,-0.03137
3225.16687,-0.03097
3223.74170,-0.03061
3222.31652,-0.03024
3220.89135,-0.02983
3219.46618,-0.02943
3218.04100,-0.02902
3216.61583,-0.02858
3215.19066,-0.02808
3213.76548,-0.02755
3212.34031,-0.02704
3210.91514,-0.02657
3209.48996,-0.02613
3208.06479,-0.02569
3206.63962,-0.02525
3205.21444,-0.02480
3203.78927,-0.02436
3202.36410,-0.02392
3200.93893,-0.02349
3199.51375,-0.02304
3198.08858,-0.02259
3196.66341,-0.02214
3195.23823,-0.02169
3193.81306,-0.02124
3192.38789,-0.02079
3190.96271,-0.02040
3189.53754,-0.02004
3188.11237,-0.01971
3186.68719,-0.01940
3185.26202,-0.01907
3183.83685,-0.01872
3182.41167,-0.01836
3180.98650,-0.01802
3179.56133,-0.01771
3178.13615,-0.01742
3176.71098,-0.01716
3175.28581,-0.01694
3173.86063,-0.01673
3172.43546,-0.01653
3171.01029,-0.01633
3169.58512,-0.01616
3168.15994,-0.01600
3166.73477,-0.01583
3165.30960,-0.01567
3163.88442,-0.01550
3162.45925,-0.01534
3161.03408,-0.01521
3159.60890,-0.01511
3158.18373,-0.01500
3156.75856,-0.01490
3155.33338,-0.01482
3153.90821,-0.01475
3152.48304,-0.01468
3151.05786,-0.01458
3149.63269,-0.01449
3148.20752,-0.01444
3146.78234,-0.01441
3145.35717,-0.01441
3143.93200,-0.01442
3142.50683,-0.01444
3141.08165,-0.01440
3139.65648,-0.01428
3138.23131,-0.01413
3136.80613,-0.01403
3135.38096,-0.01399
3133.95579,-0.01398
3132.53061,-0.01395
3131.10544,-0.01387
3129.68027,-0.01375
3128.25509,-0.01359
3126.82992,-0.01342
3125.40475,-0.01325
3123.97957,-0.01311
3122.55440,-0.01298
3121.12923,-0.01283
3119.70405,-0.01264
3118.27888,-0.01243
3116.85371,-0.01224
3115.42854,-0.01205
3114.00336,-0.01188
3112.57819,-0.01171
3111.15302,-0.01153
3109.72784,-0.01134
3108.30267,-0.01116
3106.87750,-0.01100
3105.45232,-0.01087
3104.02715,-0.01075
3102.60198,-0.01063
3101.17680,-0.01051
3099.75163,-0.01040
3098.32646,-0.01031
3096.90128,-0.01020
3095.47611,-0.01007
3094.05094,-0.00993
3092.62576,-0.00981
3091.20059,-0.00971
3089.77542,-0.00961
3088.35025,-0.00953
3086.92507,-0.00948
3085.49990,-0.00947
3084.07473,-0.00949
3082.64955,-0.00951
3081.22438,-0.00951
3079.79921,-0.00948
3078.37403,-0.00943
3076.94886,-0.00937
3075.52369,-0.00933
3074.09851,-0.00932
3072.67334,-0.00932
3071.24817,-0.00929
3069.82299,-0.00925
3068.39782,-0.00921
3066.97265,-0.00922
3065.54747,-0.00925
3064.12230,-0.00926
3062.69713,-0.00925
3061.27196,-0.00927
3059.84678,-0.00935
3058.42161,-0.00945
3056.99644,-0.00953
3055.57126,-0.00955
3054.14609,-0.00956
3052.72092,-0.00959
3051.29574,-0.00965
3049.87057,-0.00975
3048.44540,-0.00987
3047.02022,-0.01000
3045.59505,-0.01011
3044.16988,-0.01020
3042.74470,-0.01029
3041.31953,-0.01038
3039.89436,-0.01048
3038.46918,-0.01060
3037.04401,-0.01074
3035.61884,-0.01090
3034.19366,-0.01105
3032.76849,-0.01117
3031.34332,-0.01127
3029.91815,-0.01140
3028.49297,-0.01158
3027.06780,-0.01177
3025.64263,-0.01192
3024.21745,-0.01202
3022.79228,-0.01211
3021.36711,-0.01223
3019.94193,-0.01234
3018.51676,-0.01242
3017.09159,-0.01244
3015.66641,-0.01244
3014.24124,-0.01244
3012.81607,-0.01244
3011.39089,-0.01243
3009.96572,-0.01239
3008.54055,-0.01232
3007.11537,-0.01225
3005.69020,-0.01217
3004.26503,-0.01206
3002.83986,-0.01190
3001.41468,-0.01174
2999.98951,-0.01161
2998.56434,-0.01152
2997.13916,-0.01142
2995.71399,-0.01130
2994.28882,-0.01116
2992.86364,-0.01104
2991.43847,-0.01092
2990.01330,-0.01081
2988.58812,-0.01069
2987.16295,-0.01053
2985.73778,-0.01034
2984.31260,-0.01011
2982.88743,-0.00984
2981.46226,-0.00955
2980.03708,-0.00925
2978.61191,-0.00897
2977.18674,-0.00870
2975.76157,-0.00846
2974.33639,-0.00826
2972.91122,-0.00807
2971.48605,-0.00789
2970.06087,-0.00776
2968.63570,-0.00768
2967.21053,-0.00768
2965.78535,-0.00775
2964.36018,-0.00790
2962.93501,-0.00813
2961.50983,-0.00842
2960.08466,-0.00879
2958.65949,-0.00925
2957.23431,-0.00979
2955.80914,-0.01036
2954.38397,-0.01094
2952.95879,-0.01151
2951.53362,-0.01208
2950.10845,-0.01261
2948.68328,-0.01309
2947.25810,-0.01352
2945.83293,-0.01386
2944.40776,-0.01409
2942.98258,-0.01423
2941.55741,-0.01436
2940.13224,-0.01451
2938.70706,-0.01468
2937.28189,-0.01484
2935.85672,-0.01500
2934.43154,-0.01517
2933.00637,-0.01535
2931.58120,-0.01555
2930.15602,-0.01577
2928.73085,-0.01601
2927.30568,-0.01627
2925.88050,-0.01652
2924.45533,-0.01678
2923.03016,-0.01706
2921.60498,-0.01734
2920.17981,-0.01760
2918.75464,-0.01783
2917.32947,-0.01804
2915.90429,-0.01826
2914.47912,-0.01849
2913.05395,-0.01871
2911.62877,-0.01889
2910.20360,-0.01904
2908.77843,-0.01921
2907.35325,-0.01939
2905.92808,-0.01957
2904.50291,-0.01970
2903.07773,-0.01977
2901.65256,-0.01982
2900.22739,-0.01987
2898.80221,-0.01994
2897.37704,-0.02000
2895.95187,-0.02003
2894.52669,-0.02002
2893.10152,-0.01999
2891.67635,-0.01996
2890.25118,-0.01997
2888.82600,-0.01996
2887.40083,-0.01991
2885.97566,-0.01982
2884.55048,-0.01970
2883.12531,-0.01956
2881.70014,-0.01938
2880.27496,-0.01919
2878.84979,-0.01900
2877.42462,-0.01885
2875.99944,-0.01877
2874.57427,-0.01880
2873.14910,-0.01892
2871.72392,-0.01912
2870.29875,-0.01941
2868.87358,-0.01977
2867.44840,-0.02019
2866.02323,-0.02064
2864.59806,-0.02108
2863.17289,-0.02151
2861.74771,-0.02192
2860.32254,-0.02232
2858.89737,-0.02271
2857.47219,-0.02312
2856.04702,-0.02354
2854.62185,-0.02400
2853.19667,-0.02449
2851.77150,-0.02501
2850.34633,-0.02553
2848.92115,-0.02605
2847.49598,-0.02653
2846.07081,-0.02696
2844.64563,-0.02731
2843.22046,-0.02766
2841.79529,-0.02804
2840.37011,-0.02846
2838.94494,-0.02891
2837.51977,-0.02940
2836.09460,-0.02989
2834.66942,-0.03033
2833.24425,-0.03069
2831.81908,-0.03102
2830.39390,-0.03140
2828.96873,-0.03184
2827.54356,-0.03230
2826.11838,-0.03271
2824.69321,-0.03308
2823.26804,-0.03348
2821.84286,-0.03395
2820.41769,-0.03451
2818.99252,-0.03513
2817.56734,-0.03578
2816.14217,-0.03641
2814.71700,-0.03700
2813.29182,-0.03758
2811.86665,-0.03819
2810.44148,-0.03885
2809.01631,-0.03954
2807.59113,-0.04023
2806.16596,-0.04093
2804.74079,-0.04168
2803.31561,-0.04252
2801.89044,-0.04342
2800.46527,-0.04433
2799.04009,-0.04522
2797.61492,-0.04612
2796.18975,-0.04705
2794.76457,-0.04804
2793.33940,-0.04909
2791.91423,-0.05022
2790.48905,-0.05147
2789.06388,-0.05284
2787.63871,-0.05434
2786.21353,-0.05596
2784.78836,-0.05775
2783.36319,-0.05974
2781.93801,-0.06196
2780.51284,-0.06437
2779.08767,-0.06697
2777.66250,-0.06981
2776.23732,-0.07296
2774.81215,-0.07650
2773.38698,-0.08040
2771.96180,-0.08462
2770.53663,-0.08916
2769.11146,-0.09411
2767.68628,-0.09954
2766.26111,-0.10546
2764.83594,-0.11189
2763.41076,-0.11892
2761.98559,-0.12669
2760.56042,-0.13531
2759.13524,-0.14487
2757.71007,-0.15546
2756.28490,-0.16710
2754.85972,-0.17975
2753.43455,-0.19336
2752.00938,-0.20804
2750.58421,-0.22396
2749.15903,-0.24121
2747.73386,-0.25973
2746.30869,-0.27924
2744.88351,-0.29942
2743.45834,-0.32005
2742.03317,-0.34088
2740.60799,-0.36148
2739.18282,-0.38124
2737.75765,-0.39961
2736.33247,-0.41624
2734.90730,-0.43102
2733.48213,-0.44394
2732.05695,-0.45494
2730.63178,-0.46372
2729.20661,-0.46999
2727.78143,-0.47387
2726.35626,-0.47594
2724.93109,-0.47684
2723.50592,-0.47688
2722.08074,-0.47609
2720.65557,-0.47443
2719.23040,-0.47206
2717.80522,-0.46922
2716.38005,-0.46601
2714.95488,-0.46245
2713.52970,-0.45867
2712.10453,-0.45478
2710.67936,-0.45063
2709.25418,-0.44605
2707.82901,-0.44111
2706.40384,-0.43618
2704.97866,-0.43155
2703.55349,-0.42712
2702.12832,-0.42256
2700.70314,-0.41782
2699.27797,-0.41312
2697.85280,-0.40856
2696.42763,-0.40394
2695.00245,-0.39905
2693.57728,-0.39400
2692.15211,-0.38899
2690.72693,-0.38412
2689.30176,-0.37947
2687.87659,-0.37522
2686.45141,-0.37142
2685.02624,-0.36776
2683.60107,-0.36386
2682.17589,-0.35986
2680.75072,-0.35629
2679.32555,-0.35343
2677.90037,-0.35110
2676.47520,-0.34897
2675.05003,-0.34683
2673.62485,-0.34475
2672.19968,-0.34298
2670.77451,-0.34160
2669.34934,-0.34032
2667.92416,-0.33890
2666.49899,-0.33751
2665.07382,-0.33640
2663.64864,-0.33544
2662.22347,-0.33445
2660.79830,-0.33360
2659.37312,-0.33318
2657.94795,-0.33328
2656.52278,-0.33374
2655.09760,-0.33435
2653.67243,-0.33497
2652.24726,-0.33554
2650.82208,-0.33608
2649.39691,-0.33660
2647.97174,-0.33718
2646.54656,-0.33811
2645.12139,-0.33950
2643.69622,-0.34101
2642.27104,-0.34207
2640.84587,-0.34259
2639.42070,-0.34286
2637.99553,-0.34319
2636.57035,-0.34380
2635.14518,-0.34475
2633.72001,-0.34573
2632.29483,-0.34631
2630.86966,-0.34639
2629.44449,-0.34638
2628.01931,-0.34675
2626.59414,-0.34768
2625.16897,-0.34873
2623.74379,-0.34918
2622.31862,-0.34876
2620.89345,-0.34781
2619.46827,-0.34680
2618.04310,-0.34583
2616.61793,-0.34488
2615.19275,-0.34391
2613.76758,-0.34285
2612.34241,-0.34164
2610.91724,-0.34037
2609.49206,-0.33917
2608.06689,-0.33787
2606.64172,-0.33604
2605.21654,-0.33354
2603.79137,-0.33070
2602.36620,-0.32794
2600.94102,-0.32534
2599.51585,-0.32277
2598.09068,-0.32008
2596.66550,-0.31724
2595.24033,-0.31445
2593.81516,-0.31195
2592.38998,-0.30971
2590.96481,-0.30744
2589.53964,-0.30510
2588.11446,-0.30288
2586.68929,-0.30088
2585.26412,-0.29910
2583.83895,-0.29755
2582.41377,-0.29616
2580.98860,-0.29464
2579.56343,-0.29278
2578.13825,-0.29088
2576.71308,-0.28946
2575.28791,-0.28861
2573.86273,-0.28785
2572.43756,-0.28683
2571.01239,-0.28574
2569.58721,-0.28500
2568.16204,-0.28476
2566.73687,-0.28482
2565.31169,-0.28503
2563.88652,-0.28548
2562.46135,-0.28627
2561.03617,-0.28729
2559.61100,-0.28821
2558.18583,-0.28881
2556.76066,-0.28923
2555.33548,-0.28989
2553.91031,-0.29115
2552.48514,-0.29300
2551.05996,-0.29508
2549.63479,-0.29693
2548.20962,-0.29829
2546.78444,-0.29927
2545.35927,-0.30025
2543.93410,-0.30155
2542.50892,-0.30323
2541.08375,-0.30524
2539.65858,-0.30732
2538.23340,-0.30890
2536.80823,-0.30962
2535.38306,-0.30986
2533.95788,-0.31036
2532.53271,-0.31134
2531.10754,-0.31226
2529.68237,-0.31273
2528.25719,-0.31301
2526.83202,-0.31343
2525.40685,-0.31385
2523.98167,-0.31410
2522.55650,-0.31433
2521.13133,-0.31465
2519.70615,-0.31477
2518.28098,-0.31440
2516.85581,-0.31359
2515.43063,-0.31250
2514.00546,-0.31122
2512.58029,-0.30972
2511.15511,-0.30795
2509.72994,-0.30594
2508.30477,-0.30392
2506.87959,-0.30207
2505.45442,-0.30022
2504.02925,-0.29806
2502.60407,-0.29560
2501.17890,-0.29309
2499.75373,-0.29074
2498.32856,-0.28863
2496.90338,-0.28667
2495.47821,-0.28468
2494.05304,-0.28265
2492.62786,-0.28093
2491.20269,-0.27979
2489.77752,-0.27890
2488.35234,-0.27776
2486.92717,-0.27646
2485.50200,-0.27535
2484.07682,-0.27448
2482.65165,-0.27371
2481.22648,-0.27311
2479.80130,-0.27280
2478.37613,-0.27282
2476.95096,-0.27319
2475.52578,-0.27396
2474.10061,-0.27504
2472.67544,-0.27635
2471.25027,-0.27789
2469.82509,-0.27958
2468.39992,-0.28115
2466.97475,-0.28258
2465.54957,-0.28434
2464.12440,-0.28689
2462.69923,-0.29021
2461.27405,-0.29381
2459.84888,-0.29719
2458.42371,-0.30017
2456.99853,-0.30292
2455.57336,-0.30581
2454.14819,-0.30893
2452.72301,-0.31222
2451.29784,-0.31571
2449.87267,-0.31960
2448.44749,-0.32384
2447.02232,-0.32796
2445.59715,-0.33141
2444.17198,-0.33425
2442.74680,-0.33706
2441.32163,-0.34003
2439.89646,-0.34274
2438.47128,-0.34489
2437.04611,-0.34678
2435.62094,-0.34873
2434.19576,-0.35070
2432.77059,-0.35261
2431.34542,-0.35456
2429.92024,-0.35646
2428.49507,-0.35799
2427.06990,-0.35900
2425.64472,-0.35961
2424.21955,-0.36011
2422.79438,-0.36066
2421.36920,-0.36117
2419.94403,-0.36148
2418.51886,-0.36156
2417.09369,-0.36144
2415.66851,-0.36112
2414.24334,-0.36064
2412.81817,-0.36010
2411.39299,-0.35947
2409.96782,-0.35869
2408.54265,-0.35777
2407.11747,-0.35688
2405.69230,-0.35611
2404.26713,-0.35544
2402.84195,-0.35476
2401.41678,-0.35393
2399.99161,-0.35288
2398.56643,-0.35170
2397.14126,-0.35061
2395.71609,-0.34983
2394.29091,-0.34942
2392.86574,-0.34923
2391.44057,-0.34924
2390.01540,-0.34967
2388.59022,-0.35047
2387.16505,-0.35129
2385.73988,-0.35183
2384.31470,-0.35220
2382.88953,-0.35275
2381.46436,-0.35385
2380.03918,-0.35564
2378.61401,-0.35788
2377.18884,-0.36014
2375.76366,-0.36223
2374.33849,-0.36440
2372.91332,-0.36693
2371.48814,-0.36976
2370.06297,-0.37254
2368.63780,-0.37492
2367.21262,-0.37686
2365.78745,-0.37853
2364.36228,-0.38005
2362.93710,-0.38150
2361.51193,-0.38317
2360.08676,-0.38527
2358.66159,-0.38769
2357.23641,-0.39027
2355.81124,-0.39282
2354.38607,-0.39508
2352.96089,-0.39759
2351.53572,-0.40155
2350.11055,-0.40710
2348.68537,-0.41314
2347.26020,-0.41836
2345.83503,-0.42208
2344.40985,-0.42452
2342.98468,-0.42638
2341.55951,-0.42806
2340.13433,-0.42983
2338.70916,-0.43205
2337.28399,-0.43500
2335.85881,-0.43872
2334.43364,-0.44267
2333.00847,-0.44591
2331.58330,-0.44796
2330.15812,-0.44930
2328.73295,-0.45055
2327.30778,-0.45180
2325.88260,-0.45277
2324.45743,-0.45344
2323.03226,-0.45404
2321.60708,-0.45484
2320.18191,-0.45581
2318.75674,-0.45669
2317.33156,-0.45734
2315.90639,-0.45780
2314.48122,-0.45804
2313.05604,-0.45782
2311.63087,-0.45705
2310.20570,-0.45599
2308.78052,-0.45493
2307.35535,-0.45401
2305.93018,-0.45334
2304.50501,-0.45283
2303.07983,-0.45217
2301.65466,-0.45119
2300.22949,-0.44992
2298.80431,-0.44849
2297.37914,-0.44692
2295.95397,-0.44526
2294.52879,-0.44357
2293.10362,-0.44179
2291.67845,-0.43974
2290.25327,-0.43746
2288.82810,-0.43529
2287.40293,-0.43349
2285.97775,-0.43186
2284.55258,-0.43019
2283.12741,-0.42866
2281.70223,-0.42742
2280.27706,-0.42617
2278.85189,-0.42460
2277.42672,-0.42279
2276.00154,-0.42096
2274.57637,-0.41918
2273.15120,-0.41737
2271.72602,-0.41542
2270.30085,-0.41335
2268.87568,-0.41126
2267.45050,-0.40919
2266.02533,-0.40709
2264.60016,-0.40486
2263.17498,-0.40254
2261.74981,-0.40026
2260.32464,-0.39816
2258.89946,-0.39612
2257.47429,-0.39389
2256.04912,-0.39144
2254.62394,-0.38896
2253.19877,-0.38658
2251.77360,-0.38419
2250.34843,-0.38158
2248.92325,-0.37870
2247.49808,-0.37558
2246.07291,-0.37229
2244.64773,-0.36886
2243.22256,-0.36534
2241.79739,-0.36178
2240.37221,-0.35820
2238.94704,-0.35449
2237.52187,-0.35053
2236.09669,-0.34633
2234.67152,-0.34204
2233.24635,-0.33771
2231.82117,-0.33320
2230.39600,-0.32837
2228.97083,-0.32328
2227.54565,-0.31807
2226.12048,-0.31287
2224.69531,-0.30772
2223.27013,-0.30257
2221.84496,-0.29730
2220.41979,-0.29192
2218.99462,-0.28646
2217.56944,-0.28089
2216.14427,-0.27519
2214.71910,-0.26943
2213.29392,-0.26375
2211.86875,-0.25814
2210.44358,-0.25253
2209.01840,-0.24698
2207.59323,-0.24157
2206.16806,-0.23622
2204.74288,-0.23077
2203.31771,-0.22520
2201.89254,-0.21966
2200.46736,-0.21423
2199.04219,-0.20891
2197.61702,-0.20368
2196.19184,-0.19849
2194.76667,-0.19332
2193.34150,-0.18821
2191.91633,-0.18323
2190.49115,-0.17845
2189.06598,-0.17387
2187.64081,-0.16946
2186.21563,-0.16517
2184.79046,-0.16097
2183.36529,-0.15686
2181.94011,-0.15283
2180.51494,-0.14889
2179.08977,-0.14511
2177.66459,-0.14156
2176.23942,-0.13821
2174.81425,-0.13497
2173.38907,-0.13176
2171.96390,-0.12857
2170.53873,-0.12547
2169.11355,-0.12248
2167.68838,-0.11962
2166.26321,-0.11691
2164.83804,-0.11432
2163.41286,-0.11181
2161.98769,-0.10936
2160.56252,-0.10702
2159.13734,-0.10484
2157.71217,-0.10281
2156.28700,-0.10088
2154.86182,-0.09899
2153.43665,-0.09712
2152.01148,-0.09527
2150.58630,-0.09347
2149.16113,-0.09178
2147.73596,-0.09020
2146.31078,-0.08868
2144.88561,-0.08714
2143.46044,-0.08554
2142.03526,-0.08395
2140.61009,-0.08243
2139.18492,-0.08100
2137.75975,-0.07959
2136.33457,-0.07820
2134.90940,-0.07684
2133.48423,-0.07549
2132.05905,-0.07413
2130.63388,-0.07274
2129.20871,-0.07135
2127.78353,-0.07000
2126.35836,-0.06869
2124.93319,-0.06740
2123.50801,-0.06612
2122.08284,-0.06487
2120.65767,-0.06366
2119.23249,-0.06242
2117.80732,-0.06112
2116.38215,-0.05979
2114.95697,-0.05850
2113.53180,-0.05728
2112.10663,-0.05609
2110.68146,-0.05485
2109.25628,-0.05359
2107.83111,-0.05233
2106.40594,-0.05110
2104.98076,-0.04989
2103.55559,-0.04871
2102.13042,-0.04753
2100.70524,-0.04634
2099.28007,-0.04517
2097.85490,-0.04406
2096.42972,-0.04297
2095.00455,-0.04186
2093.57938,-0.04074
2092.15420,-0.03966
2090.72903,-0.03863
2089.30386,-0.03763
2087.87868,-0.03665
2086.45351,-0.03572
2085.02834,-0.03486
2083.60316,-0.03406
2082.17799,-0.03327
2080.75282,-0.03250
2079.32765,-0.03175
2077.90247,-0.03103
2076.47730,-0.03034
2075.05213,-0.02969
2073.62695,-0.02907
2072.20178,-0.02848
2070.77661,-0.02792
2069.35143,-0.02740
2067.92626,-0.02692
2066.50109,-0.02646
2065.07591,-0.02598
2063.65074,-0.02552
2062.22557,-0.02508
2060.80039,-0.02469
2059.37522,-0.02437
2057.95005,-0.02409
2056.52487,-0.02384
2055.09970,-0.02361
2053.67453,-0.02337
2052.24936,-0.02316
2050.82418,-0.02298
2049.39901,-0.02281
2047.97384,-0.02262
2046.54866,-0.02243
2045.12349,-0.02228
2043.69832,-0.02218
2042.27314,-0.02209
2040.84797,-0.02202
2039.42280,-0.02196
2037.99762,-0.02187
2036.57245,-0.02175
2035.14728,-0.02163
2033.72210,-0.02152
2032.29693,-0.02142
2030.87176,-0.02130
2029.44658,-0.02116
2028.02141,-0.02099
2026.59624,-0.02081
2025.17107,-0.02063
2023.74589,-0.02045
2022.32072,-0.02028
2020.89555,-0.02010
2019.47037,-0.01991
2018.04520,-0.01971
2016.62003,-0.01950
2015.19485,-0.01924
2013.76968,-0.01895
2012.34451,-0.01864
2010.91933,-0.01836
2009.49416,-0.01808
2008.06899,-0.01781
2006.64381,-0.01753
2005.21864,-0.01723
2003.79347,-0.01691
2002.36829,-0.01657
2000.94312,-0.01619
1999.51795,-0.01580
1998.09278,-0.01542
1996.66760,-0.01505
1995.24243,-0.01472
1993.81726,-0.01440
1992.39208,-0.01406
1990.96691,-0.01371
1989.54174,-0.01336
1988.11656,-0.01302
1986.69139,-0.01269
1985.26622,-0.01236
1983.84104,-0.01206
1982.41587,-0.01178
1980.99070,-0.01153
1979.56552,-0.01131
1978.14035,-0.01111
1976.71518,-0.01090
1975.29000,-0.01070
1973.86483,-0.01053
1972.43966,-0.01038
1971.01449,-0.01025
1969.58931,-0.01013
1968.16414,-0.01004
1966.73897,-0.00998
1965.31379,-0.00994
1963.88862,-0.00991
1962.46345,-0.00986
1961.03827,-0.00982
1959.61310,-0.00981
1958.18793,-0.00984
1956.76275,-0.00991
1955.33758,-0.00999
1953.91241,-0.01007
1952.48723,-0.01014
1951.06206,-0.01021
1949.63689,-0.01029
1948.21171,-0.01039
1946.78654,-0.01054
1945.36137,-0.01070
1943.93619,-0.01084
1942.51102,-0.01097
1941.08585,-0.01110
1939.66068,-0.01124
1938.23550,-0.01137
1936.81033,-0.01149
1935.38516,-0.01159
1933.95998,-0.01168
1932.53481,-0.01178
1931.10964,-0.01189
1929.68446,-0.01201
1928.25929,-0.01213
1926.83412,-0.01224
1925.40894,-0.01232
1923.98377,-0.01236
1922.55860,-0.01238
1921.13342,-0.01240
1919.70825,-0.01242
1918.28308,-0.01244
1916.85790,-0.01250
1915.43273,-0.01256
1914.00756,-0.01259
1912.58239,-0.01256
1911.15721,-0.01247
1909.73204,-0.01235
1908.30687,-0.01225
1906.88169,-0.01218
1905.45652,-0.01215
1904.03135,-0.01212
1902.60617,-0.01204
1901.18100,-0.01191
1899.75583,-0.01172
1898.33065,-0.01152
1896.90548,-0.01135
1895.48031,-0.01122
1894.05513,-0.01112
1892.62996,-0.01101
1891.20479,-0.01086
1889.77961,-0.01067
1888.35444,-0.01051
1886.92927,-0.01039
1885.50410,-0.01026
1884.07892,-0.01011
1882.65375,-0.00997
1881.22858,-0.00985
1879.80340,-0.00975
1878.37823,-0.00964
1876.95306,-0.00953
1875.52788,-0.00948
1874.10271,-0.00945
1872.67754,-0.00940
1871.25236,-0.00929
1869.82719,-0.00915
1868.40202,-0.00903
1866.97684,-0.00901
1865.55167,-0.00907
1864.12650,-0.00914
1862.70132,-0.00921
1861.27615,-0.00928
1859.85098,-0.00938
1858.42581,-0.00949
1857.00063,-0.00960
1855.57546,-0.00971
1854.15029,-0.00984
1852.72511,-0.01000
1851.29994,-0.01018
1849.87477,-0.01036
1848.44959,-0.01056
1847.02442,-0.01075
1845.59925,-0.01094
1844.17407,-0.01114
1842.74890,-0.01140
1841.32373,-0.01169
1839.89855,-0.01200
1838.47338,-0.01230
1837.04821,-0.01260
1835.62303,-0.01289
1834.19786,-0.01316
1832.77269,-0.01340
1831.34751,-0.01362
1829.92234,-0.01384
1828.49717,-0.01407
1827.07200,-0.01426
1825.64682,-0.01443
1824.22165,-0.01460
1822.79648,-0.01477
1821.37130,-0.01494
1819.94613,-0.01510
1818.52096,-0.01525
1817.09578,-0.01537
1815.67061,-0.01547
1814.24544,-0.01554
1812.82026,-0.01559
1811.39509,-0.01562
1809.96992,-0.01562
1808.54474,-0.01562
1807.11957,-0.01563
1805.69440,-0.01562
1804.26922,-0.01559
1802.84405,-0.01552
1801.41888,-0.01540
1799.99371,-0.01526
1798.56853,-0.01515
1797.14336,-0.01508
1795.71819,-0.01500
1794.29301,-0.01486
1792.86784,-0.01462
1791.44267,-0.01433
1790.01749,-0.01413
1788.59232,-0.01401
1787.16715,-0.01392
1785.74197,-0.01379
1784.31680,-0.01364
1782.89163,-0.01349
1781.46645,-0.01336
1780.04128,-0.01324
1778.61611,-0.01317
1777.19093,-0.01315
1775.76576,-0.01315
1774.34059,-0.01309
1772.91542,-0.01297
1771.49024,-0.01284
1770.06507,-0.01280
1768.63990,-0.01282
1767.21472,-0.01287
1765.78955,-0.01294
1764.36438,-0.01302
1762.93920,-0.01309
1761.51403,-0.01314
1760.08886,-0.01316
1758.66368,-0.01317
1757.23851,-0.01317
1755.81334,-0.01320
1754.38816,-0.01327
1752.96299,-0.01332
1751.53782,-0.01329
1750.11264,-0.01322
1748.68747,-0.01319
1747.26230,-0.01318
1745.83713,-0.01318
1744.41195,-0.01321
1742.98678,-0.01325
1741.56161,-0.01327
1740.13643,-0.01328
1738.71126,-0.01333
1737.28609,-0.01344
1735.86091,-0.01351
1734.43574,-0.01343
1733.01057,-0.01328
1731.58539,-0.01328
1730.16022,-0.01343
1728.73505,-0.01363
1727.30987,-0.01379
1725.88470,-0.01387
1724.45953,-0.01391
1723.03435,-0.01396
1721.60918,-0.01403
1720.18401,-0.01407
1718.75884,-0.01401
1717.33366,-0.01385
1715.90849,-0.01368
1714.48332,-0.01361
1713.05814,-0.01359
1711.63297,-0.01359
1710.20780,-0.01360
1708.78262,-0.01363
1707.35745,-0.01360
1705.93228,-0.01348
1704.50710,-0.01334
1703.08193,-0.01320
1701.65676,-0.01295
1700.23158,-0.01257
1698.80641,-0.01219
1697.38124,-0.01178
1695.95606,-0.01112
1694.53089,-0.01028
1693.10572,-0.00947
1691.68054,-0.00860
1690.25537,-0.00743
1688.83020,-0.00600
1687.40503,-0.00443
1685.97985,-0.00239
1684.55468,0.00049
1683.12951,0.00346
1681.70433,0.00562
1680.27916,0.00728
1678.85399,0.00888
1677.42881,0.01073
1676.00364,0.01299
1674.57847,0.01545
1673.15329,0.01772
1671.72812,0.01996
1670.30295,0.02271
1668.87777,0.02583
1667.45260,0.02852
1666.02743,0.03059
1664.60225,0.03254
1663.17708,0.03463
1661.75191,0.03658
1660.32674,0.03801
1658.90156,0.03890
1657.47639,0.03945
1656.05122,0.03988
1654.62604,0.04062
1653.20087,0.04188
1651.77570,0.04289
1650.35052,0.04329
1648.92535,0.04365
1647.50018,0.04452
1646.07500,0.04584
1644.64983,0.04706
1643.22466,0.04806
1641.79948,0.04910
1640.37431,0.05028
1638.94914,0.05165
1637.52396,0.05356
1636.09879,0.05647
1634.67362,0.05988
1633.24845,0.06282
1631.82327,0.06534
1630.39810,0.06795
1628.97293,0.07084
1627.54775,0.07363
1626.12258,0.07562
1624.69741,0.07617
1623.27223,0.07467
1621.84706,0.07112
1620.42189,0.06621
1618.99671,0.06004
1617.57154,0.05199
1616.14637,0.04266
1614.72119,0.03409
1613.29602,0.02686
1611.87085,0.02020
1610.44567,0.01371
1609.02050,0.00758
1607.59533,0.00207
1606.17016,-0.00269
1604.74498,-0.00676
1603.31981,-0.01027
1601.89464,-0.01331
1600.46946,-0.01597
1599.04429,-0.01828
1597.61912,-0.02025
1596.19394,-0.02188
1594.76877,-0.02322
1593.34360,-0.02433
1591.91842,-0.02527
1590.49325,-0.02610
1589.06808,-0.02685
1587.64290,-0.02756
1586.21773,-0.02826
1584.79256,-0.02894
1583.36738,-0.02958
1581.94221,-0.03021
1580.51704,-0.03086
1579.09187,-0.03152
1577.66669,-0.03217
1576.24152,-0.03283
1574.81635,-0.03356
1573.39117,-0.03438
1571.96600,-0.03520
1570.54083,-0.03594
1569.11565,-0.03656
1567.69048,-0.03713
1566.26531,-0.03770
1564.84013,-0.03831
1563.41496,-0.03900
1561.98979,-0.03966
1560.56461,-0.04011
1559.13944,-0.04026
1557.71427,-0.04053
1556.28909,-0.04119
1554.86392,-0.04198
1553.43875,-0.04274
1552.01357,-0.04346
1550.58840,-0.04417
1549.16323,-0.04493
1547.73806,-0.04573
1546.31288,-0.04656
1544.88771,-0.04736
1543.46254,-0.04804
1542.03736,-0.04854
1540.61219,-0.04893
1539.18702,-0.04952
1537.76184,-0.05039
1536.33667,-0.05135
1534.91150,-0.05225
1533.48632,-0.05307
1532.06115,-0.05389
1530.63598,-0.05473
1529.21080,-0.05556
1527.78563,-0.05634
1526.36046,-0.05702
1524.93528,-0.05757
1523.51011,-0.05791
1522.08494,-0.05784
1520.65977,-0.05736
1519.23459,-0.05671
1517.80942,-0.05608
1516.38425,-0.05578
1514.95907,-0.05627
1513.53390,-0.05762
1512.10873,-0.05951
1510.68355,-0.06149
1509.25838,-0.06324
1507.83321,-0.06468
1506.40803,-0.06601
1504.98286,-0.06737
1503.55769,-0.06866
1502.13251,-0.06980
1500.70734,-0.07081
1499.28217,-0.07172
1497.85699,-0.07265
1496.43182,-0.07371
1495.00665,-0.07492
1493.58148,-0.07614
1492.15630,-0.07724
1490.73113,-0.07818
1489.30596,-0.07897
1487.88078,-0.07977
1486.45561,-0.08067
1485.03044,-0.08157
1483.60526,-0.08232
1482.18009,-0.08284
1480.75492,-0.08322
1479.32974,-0.08352
1477.90457,-0.08378
1476.47940,-0.08395
1475.05422,-0.08394
1473.62905,-0.08366
1472.20388,-0.08327
1470.77870,-0.08321
1469.35353,-0.08360
1467.92836,-0.08413
1466.50319,-0.08447
1465.07801,-0.08450
1463.65284,-0.08447
1462.22767,-0.08468
1460.80249,-0.08507
1459.37732,-0.08516
1457.95215,-0.08429
1456.52697,-0.08261
1455.10180,-0.08132
1453.67663,-0.08069
1452.25145,-0.08021
1450.82628,-0.07944
1449.40111,-0.07817
1447.97593,-0.07645
1446.55076,-0.07465
1445.12559,-0.07307
1443.70041,-0.07160
1442.27524,-0.07013
1440.85007,-0.06872
1439.42490,-0.06739
1437.99972,-0.06579
1436.57455,-0.06384
1435.14938,-0.06217
1433.72420,-0.06113
1432.29903,-0.06042
1430.87386,-0.05967
1429.44868,-0.05892
1428.02351,-0.05828
1426.59834,-0.05771
1425.17316,-0.05706
1423.74799,-0.05635
1422.32282,-0.05568
1420.89764,-0.05490
1419.47247,-0.05380
1418.04730,-0.05253
1416.62212,-0.05151
1415.19695,-0.05075
1413.77178,-0.05002
1412.34660,-0.04920
1410.92143,-0.04833
1409.49626,-0.04742
1408.07109,-0.04649
1406.64591,-0.04547
1405.22074,-0.04442
1403.79557,-0.04348
1402.37039,-0.04273
1400.94522,-0.04200
1399.52005,-0.04115
1398.09487,-0.04021
1396.66970,-0.03926
1395.24453,-0.03828
1393.81935,-0.03730
1392.39418,-0.03643
1390.96901,-0.03567
1389.54383,-0.03490
1388.11866,-0.03404
1386.69349,-0.03318
1385.26831,-0.03244
1383.84314,-0.03182
1382.41797,-0.03123
1380.99280,-0.03065
1379.56762,-0.03010
1378.14245,-0.02956
1376.71728,-0.02899
1375.29210,-0.02831
1373.86693,-0.02758
1372.44176,-0.02692
1371.01658,-0.02640
1369.59141,-0.02599
1368.16624,-0.02568
1366.74106,-0.02551
1365.31589,-0.02542
1363.89072,-0.02537
1362.46554,-0.02529
1361.04037,-0.02521
1359.61520,-0.02514
1358.19002,-0.02513
1356.76485,-0.02518
1355.33968,-0.02529
1353.91451,-0.02543
1352.48933,-0.02557
1351.06416,-0.02572
1349.63899,-0.02590
1348.21381,-0.02611
1346.78864,-0.02636
1345.36347,-0.02668
1343.93829,-0.02707
1342.51312,-0.02754
1341.08795,-0.02806
1339.66277,-0.02863
1338.23760,-0.02924
1336.81243,-0.02989
1335.38725,-0.03057
1333.96208,-0.03128
1332.53691,-0.03202
1331.11173,-0.03279
1329.68656,-0.03358
1328.26139,-0.03438
1326.83622,-0.03517
1325.41104,-0.03593
1323.98587,-0.03666
1322.56070,-0.03740
1321.13552,-0.03818
1319.71035,-0.03904
1318.28518,-0.03999
1316.86000,-0.04093
1315.43483,-0.04179
1314.00966,-0.04257
1312.58448,-0.04337
1311.15931,-0.04420
1309.73414,-0.04510
1308.30896,-0.04607
1306.88379,-0.04713
1305.45862,-0.04826
1304.03344,-0.04943
1302.60827,-0.05067
1301.18310,-0.05195
1299.75793,-0.05326
1298.33275,-0.05463
1296.90758,-0.05611
1295.48241,-0.05772
1294.05723,-0.05945
1292.63206,-0.06132
1291.20689,-0.06333
1289.78171,-0.06546
1288.35654,-0.06768
1286.93137,-0.07004
1285.50619,-0.07258
1284.08102,-0.07530
1282.65585,-0.07821
1281.23067,-0.08132
1279.80550,-0.08465
1278.38033,-0.08824
1276.95515,-0.09213
1275.52998,-0.09640
1274.10481,-0.10108
1272.67963,-0.10619
1271.25446,-0.11175
1269.82929,-0.11786
1268.40412,-0.12459
1266.97894,-0.13201
1265.55377,-0.14019
1264.12860,-0.14914
1262.70342,-0.15889
1261.27825,-0.16962
1259.85308,-0.18155
1258.42790,-0.19474
1257.00273,-0.20904
1255.57756,-0.22430
1254.15238,-0.24060
1252.72721,-0.25816
1251.30204,-0.27702
1249.87686,-0.29686
1248.45169,-0.31720
1247.02652,-0.33759
1245.60134,-0.35774
1244.17617,-0.37745
1242.75100,-0.39634
1241.32583,-0.41376
1239.90065,-0.42923
1238.47548,-0.44271
1237.05031,-0.45429
1235.62513,-0.46412
1234.19996,-0.47233
1232.77479,-0.47890
1231.34961,-0.48366
1229.92444,-0.48660
1228.49927,-0.48817
1227.07409,-0.48919
1225.64892,-0.49012
1224.22375,-0.49070
1222.79857,-0.49059
1221.37340,-0.49006
1219.94823,-0.48943
1218.52305,-0.48872
1217.09788,-0.48797
1215.67271,-0.48729
1214.24754,-0.48658
1212.82236,-0.48591
1211.39719,-0.48585
1209.97202,-0.48687
1208.54684,-0.48871
1207.12167,-0.49041
1205.69650,-0.49122
1204.27132,-0.49133
1202.84615,-0.49137
1201.42098,-0.49170
1199.99580,-0.49247
1198.57063,-0.49399
1197.14546,-0.49643
1195.72028,-0.49940
1194.29511,-0.50228
1192.86994,-0.50463
1191.44476,-0.50652
1190.01959,-0.50803
1188.59442,-0.50838
1187.16925,-0.50635
1185.74407,-0.50167
1184.31890,-0.49536
1182.89373,-0.48842
1181.46855,-0.48088
1180.04338,-0.47206
1178.61821,-0.46162
1177.19303,-0.45000
1175.76786,-0.43752
1174.34269,-0.42402
1172.91751,-0.40951
1171.49234,-0.39446
1170.06717,-0.37935
1168.64199,-0.36447
1167.21682,-0.35000
1165.79165,-0.33599
1164.36647,-0.32250
1162.94130,-0.30979
1161.51613,-0.29795
1160.09096,-0.28667
1158.66578,-0.27561
1157.24061,-0.26486
1155.81544,-0.25486
1154.39026,-0.24592
1152.96509,-0.23794
1151.53992,-0.23054
1150.11474,-0.22351
1148.68957,-0.21682
1147.26440,-0.21044
1145.83922,-0.20438
1144.41405,-0.19876
1142.98888,-0.19356
1141.56370,-0.18862
1140.13853,-0.18384
1138.71336,-0.17938
1137.28818,-0.17561
1135.86301,-0.17266
1134.43784,-0.17013
1133.01266,-0.16741
1131.58749,-0.16437
1130.16232,-0.16132
1128.73715,-0.15847
1127.31197,-0.15573
1125.88680,-0.15304
1124.46163,-0.15061
1123.03645,-0.14870
1121.61128,-0.14731
1120.18611,-0.14608
1118.76093,-0.14460
1117.33576,-0.14281
1115.91059,-0.14100
1114.48541,-0.13948
1113.06024,-0.13809
1111.63507,-0.13650
1110.20989,-0.13472
1108.78472,-0.13310
1107.35955,-0.13170
1105.93437,-0.13032
1104.50920,-0.12883
1103.08403,-0.12739
1101.65886,-0.12619
1100.23368,-0.12527
1098.80851,-0.12460
1097.38334,-0.12409
1095.95816,-0.12358
1094.53299,-0.12282
1093.10782,-0.12175
1091.68264,-0.12053
1090.25747,-0.11923
1088.83230,-0.11780
1087.40712,-0.11637
1085.98195,-0.11528
1084.55678,-0.11471
1083.13160,-0.11454
1081.70643,-0.11445
1080.28126,-0.11406
1078.85608,-0.11310
1077.43091,-0.11180
1076.00574,-0.11078
1074.58057,-0.11049
1073.15539,-0.11074
1071.73022,-0.11085
1070.30505,-0.11040
1068.87987,-0.10955
1067.45470,-0.10863
1066.02953,-0.10774
1064.60435,-0.10695
1063.17918,-0.10646
1061.75401,-0.10630
1060.32883,-0.10627
1058.90366,-0.10606
1057.47849,-0.10560
1056.05331,-0.10528
1054.62814,-0.10547
1053.20297,-0.10577
1051.77779,-0.10557
1050.35262,-0.10518
1048.92745,-0.10539
1047.50228,-0.10607
1046.07710,-0.10667
1044.65193,-0.10749
1043.22676,-0.10906
1041.80158,-0.11084
1040.37641,-0.11185
1038.95124,-0.11194
1037.52606,-0.11156
1036.10089,-0.11093
1034.67572,-0.11027
1033.25054,-0.11022
1031.82537,-0.11101
1030.40020,-0.11176
1028.97502,-0.11150
1027.54985,-0.11047
1026.12468,-0.10968
1024.69950,-0.10959
1023.27433,-0.10993
1021.84916,-0.11018
1020.42399,-0.10994
1018.99881,-0.10925
1017.57364,-0.10879
1016.14847,-0.10874
1014.72329,-0.10839
1013.29812,-0.10773
1011.87295,-0.10792
1010.44777,-0.10910
1009.02260,-0.10965
1007.59743,-0.10883
1006.17225,-0.10844
1004.74708,-0.11028
1003.32191,-0.11346
1001.89673,-0.11525
1000.47156,-0.11385
999.04639,-0.11001
997.62121,-0.10641
996.19604,-0.10560
994.77087,-0.10809
993.34569,-0.11221
991.92052,-0.11581
990.49535,-0.11770
989.07018,-0.11759
987.64500,-0.11573
986.21983,-0.11312
984.79466,-0.11139
983.36948,-0.11208
981.94431,-0.11517
980.51914,-0.11776
979.09396,-0.11611
977.66879,-0.11058
976.24362,-0.10622
974.81844,-0.10691
973.39327,-0.11088
971.96810,-0.11403
970.54292,-0.11512
969.11775,-0.11536
967.69258,-0.11578
966.26740,-0.11679
964.84223,-0.11773
963.41706,-0.11650
961.99189,-0.11233
960.56671,-0.10875
959.14154,-0.11090
957.71637,-0.11844
956.29119,-0.12441
954.86602,-0.12204
953.44085,-0.11046
952.01567,-0.09542
950.59050,-0.08710
949.16533,-0.09387
947.74015,-0.11417
946.31498,-0.13473
944.88981,-0.14059
943.46463,-0.12884
942.03946,-0.11102
940.61429,-0.10368
939.18911,-0.11667
937.76394,-0.14041
936.33877,-0.14373
934.91360,-0.10894
933.48842,-0.05991
932.06325,-0.03495
930.63808,-0.03981
929.21290,-0.05306
927.78773,-0.06974
926.36256,-0.09408
924.93738,-0.10626
923.51221,-0.08204
922.08704,-0.03400
920.66186,-0.01147
919.23669,-0.03464
917.81152,-0.08603
916.38634,-0.14288
914.96117,-0.16787
913.53600,-0.14181
912.11082,-0.01911
910.68565,0.15183
909.26048,0.16588
907.83531,0.06655
906.41013,0.03123
904.98496,0.10059
903.55979,0.22805
902.13461,0.40320
900.70944,0.59808
899.28427,0.67293
897.85909,0.39467
896.43392,0.03914
895.00875,-0.20402
893.58357,-0.57409
892.15840,-0.47249
890.73323,-0.06359
889.30805,0.10245
887.88288,-0.01183
886.45771,-0.24604
885.03253,-0.30989
883.60736,-0.26767
882.18219,-0.23757
880.75701,-0.40793
879.33184,-0.31832
877.90667,-0.14611
876.48150,-0.00938
875.05632,-0.01845
873.63115,-0.00852
872.20598,0.17934
870.78080,0.29791
869.35563,0.04956
867.93046,-0.12386
866.50528,-0.01762
865.08011,0.20948
863.65494,0.12364
862.22976,0.12804
860.80459,0.20097
859.37942,0.22937
857.95424,0.18315
856.52907,0.06199
855.10390,0.01404
853.67872,0.14958
852.25355,0.18886
850.82838,0.07824
849.40321,-0.10685
847.97803,-0.13720
846.55286,0.06365
845.12769,0.20837
843.70251,0.34540
842.27734,0.31840
840.85217,0.15364
839.42699,-0.00264
838.00182,-0.12100
836.57665,-0.22827
835.15147,-0.09960
833.72630,0.04705
832.30113,0.17048
830.87595,0.25819
829.45078,0.21997
828.02561,0.03699
826.60043,-0.17026
825.17526,-0.28150
823.75009,-0.29873
822.32492,-0.18215
820.89974,0.05906
819.47457,0.14579
818.04940,0.13678
816.62422,0.14220
815.19905,0.25611
813.77388,0.30933
812.34870,0.17600
810.92353,0.17624
809.49836,0.32610
808.07318,0.60586
806.64801,0.61987
805.22284,0.63654
803.79766,0.59489
802.37249,0.28167
800.94732,0.23624
799.52214,0.30331
798.09697,0.39685
796.67180,0.14649
795.24663,-0.23652
793.82145,-0.48450
792.39628,-0.47602
790.97111,-0.46404
789.54593,-0.42074
788.12076,-0.25003
786.69559,-0.14895
785.27041,-0.15047
783.84524,-0.22660
782.42007,-0.13651
780.99489,-0.02672
779.56972,0.04251
778.14455,0.15990
776.71937,0.20920
775.29420,0.09846
773.86903,-0.06730
772.44385,0.03080
771.01868,0.15542
769.59351,0.12764
768.16834,0.10902
766.74316,0.33996
765.31799,0.22547
763.89282,-0.02067
762.46764,-0.22253
761.04247,-0.37471
759.61730,-0.21424
758.19212,0.05686
756.76695,-0.01716
755.34178,-0.23102
753.91660,-0.33422
752.49143,-0.19364
751.06626,-0.08691
749.64108,0.00305
748.21591,0.10032
746.79074,0.08607
745.36556,-0.00827
743.94039,-0.06281
742.51522,-0.01452
741.09004,-0.14433
739.66487,-0.29032
738.23970,-0.24436
736.81453,-0.13973
735.38935,-0.16721
733.96418,-0.19493
732.53901,-0.16146
731.11383,-0.12750
729.68866,-0.05159
728.26349,0.29025
726.83831,0.18562
725.41314,0.04557
723.98797,0.00804
722.56279,0.01918
721.13762,0.10416
719.71245,0.19917
718.28727,0.12376
716.86210,0.13449
715.43693,0.22226
714.01175,0.22274
712.58658,0.21616
711.16141,-0.06466
709.73624,-0.43232
708.31106,-0.22201
706.88589,-0.06615
705.46072,0.14131
704.03554,0.23519
702.61037,0.08343
701.18520,-0.22488
699.76002,0.06985
698.33485,0.25427
696.90968,0.03642
695.48450,-0.03171
694.05933,0.02768
692.63416,0.19666
691.20898,0.11629
689.78381,0.02312
688.35864,0.14836
686.93346,0.28153
685.50829,0.20507
684.08312,0.04091
682.65795,-0.03914
681.23277,-0.03953
679.80760,-0.13902
678.38243,-0.27343
676.95725,-0.32286
675.53208,-0.11882
674.10691,0.47829
672.68173,0.47502
671.25656,0.26676
669.83139,0.23295
668.40621,0.30284
666.98104,0.25577
665.55587,0.17335
664.13069,0.01843
662.70552,-0.12232
661.28035,-0.04070
659.85517,0.06793
658.43000,0.05570
657.00483,-0.02835
655.57966,-0.14707
654.15448,-0.19676
652.72931,-0.28018
651.30414,-0.04475
649.87896,0.09442
648.45379,0.26349
647.02862,0.39479
645.60344,0.34012
644.17827,0.26251
642.75310,0.22418
641.32792,0.09677
639.90275,-0.00835
638.47758,0.02396
637.05240,0.07400
635.62723,0.18707
634.20206,0.11264
632.77688,-0.09398
631.35171,-0.12895
629.92654,0.30921
628.50137,0.52650
627.07619,0.38483
625.65102,0.36688
624.22585,0.58269
622.80067,0.12288
621.37550,-0.21843
619.95033,-0.44876
618.52515,-0.27424
617.09998,-0.25078
615.67481,-0.17197
614.24963,-0.10749
612.82446,-0.17199
611.39929,0.00988
609.97411,0.14615
608.54894,0.09375
607.12377,0.05495
605.69859,0.01921
604.27342,0.00823
602.84825,0.02207
601.42307,0.09706
599.99790,0.27396
598.57273,0.41927
597.14756,0.21114
595.72238,0.22473
594.29721,0.16531
592.87204,-0.03357
591.44686,-0.04689
590.02169,0.02381
588.59652,0.10007
587.17134,-0.03821
585.74617,-0.06595
584.32100,-0.00587
582.89582,0.02927
581.47065,0.00244
580.04548,-0.09102
578.62030,-0.10355
577.19513,-0.08773
575.76996,-0.03261
574.34478,0.29869
572.91961,0.50410
571.49444,0.38932
570.06927,-0.01958
568.64409,-0.36474
567.21892,-0.34416
565.79375,0.01453
564.36857,0.16960
562.94340,-0.22521
561.51823,-0.24409
560.09305,0.04271
558.66788,0.25202
557.24271,0.20101
555.81753,0.06988
554.39236,0.07685
552.96719,-0.21976
551.54201,-0.18207
550.11684,-0.01958
548.69167,0.09792
547.26649,0.31365
545.84132,0.56888
544.41615,0.57371
542.99098,0.35254
541.56580,0.28694
540.14063,0.22299
538.71546,0.12102
537.29028,0.05582
535.86511,-0.05861
534.43994,-0.01191
533.01476,-0.00638
531.58959,-0.06242
530.16442,-0.12428
528.73924,-0.12359
527.31407,-0.18168
525.88890,-0.18483
524.46372,-0.16052
523.03855,-0.11368
521.61338,-0.01267
520.18820,0.14477
518.76303,-0.06687
517.33786,-0.23607
515.91269,-0.19257
514.48751,-0.13755
513.06234,0.13775
511.63717,0.42938
510.21199,0.47056
508.78682,0.40181
507.36165,0.14175
505.93647,0.08342
504.51130,-0.03798
503.08613,-0.16669
501.66095,-0.13543
500.23578,-0.07752
498.81061,0.01236
497.38543,-0.14119
495.96026,-0.37948
494.53509,-0.14980
493.10991,-0.02745
491.68474,0.14036
490.25957,0.17909
488.83440,0.21408
487.40922,-0.30360
485.98405,-0.49981
484.55888,-0.68675
483.13370,-0.57388
481.70853,-0.03379
480.28336,-0.11364
478.85818,-0.38369
477.43301,-0.17953
476.00784,-0.04084
474.58266,0.13096
473.15749,0.41850
471.73232,0.41153
470.30714,0.14552
468.88197,0.00802
467.45680,0.04832
466.03162,-0.00522
464.60645,-0.02342
463.18128,0.01409
461.75610,-0.02905
460.33093,-0.19724
458.90576,-0.31460
457.48059,-0.16875
456.05541,0.03483
454.63024,0.29828
453.20507,0.23676
451.77989,0.01738
450.35472,-0.10979
448.92955,-0.16640
447.50437,-0.03941
446.07920,0.14090
444.65403,0.21332
443.22885,0.16360
441.80368,-0.02256
440.37851,-0.18422
438.95333,-0.19239
437.52816,-0.22817
436.10299,-0.30881
434.67781,-0.38120
433.25264,-0.51174
431.82747,-0.40969
430.40230,0.01944
428.97712,0.12035
427.55195,0.00939
426.12678,-0.00015
424.70160,0.10236
423.27643,0.35806
421.85126,0.41826
420.42608,0.02915
419.00091,-0.18026
417.57574,-0.06144
416.15056,0.02984
414.72539,0.11082
413.30022,0.38874
411.87504,0.25041
410.44987,0.00167
409.02470,-0.01923
407.59952,0.05111
406.17435,0.04165
404.74918,-0.04591
403.32401,-0.13132
401.89883,-0.05917
400.47366,-0.04031
399.04849,-0.03246
