3997.61072,0.00540
3996.18555,0.00545
3994.76038,0.00549
3993.33520,0.00550
3991.91003,0.00548
3990.48486,0.00545
3989.05968,0.00544
3987.63451,0.00544
3986.20934,0.00546
3984.78416,0.00550
3983.35899,0.00553
3981.93382,0.00548
3980.50865,0.00536
3979.08347,0.00522
3977.65830,0.00512
3976.23313,0.00506
3974.80795,0.00503
3973.38278,0.00499
3971.95761,0.00492
3970.53243,0.00483
3969.10726,0.00476
3967.68209,0.00472
3966.25691,0.00470
3964.83174,0.00465
3963.40657,0.00455
3961.98139,0.00444
3960.55622,0.00435
3959.13105,0.00427
3957.70587,0.00419
3956.28070,0.00407
3954.85553,0.00390
3953.43036,0.00372
3952.00518,0.00360
3950.58001,0.00355
3949.15484,0.00350
3947.72966,0.00338
3946.30449,0.00318
3944.87932,0.00298
3943.45414,0.00282
3942.02897,0.00266
3940.60380,0.00250
3939.17862,0.00233
3937.75345,0.00213
3936.32828,0.00189
3934.90310,0.00166
3933.47793,0.00143
3932.05276,0.00121
3930.62758,0.00096
3929.20241,0.00073
3927.77724,0.00054
3926.35207,0.00038
3924.92689,0.00020
3923.50172,-0.00007
3922.07655,-0.00044
3920.65137,-0.00082
3919.22620,-0.00119
3917.80103,-0.00153
3916.37585,-0.00190
3914.95068,-0.00232
3913.52551,-0.00279
3912.10033,-0.00327
3910.67516,-0.00370
3909.24999,-0.00407
3907.82481,-0.00440
3906.39964,-0.00470
3904.97447,-0.00504
3903.54929,-0.00548
3902.12412,-0.00596
3900.69895,-0.00641
3899.27378,-0.00678
3897.84860,-0.00712
3896.42343,-0.00750
3894.99826,-0.00794
3893.57308,-0.00838
3892.14791,-0.00877
3890.72274,-0.00912
3889.29756,-0.00947
3887.87239,-0.00976
3886.44722,-0.00994
3885.02204,-0.01010
3883.59687,-0.01036
3882.17170,-0.01067
3880.74652,-0.01089
3879.32135,-0.01107
3877.89618,-0.01127
3876.47100,-0.01148
3875.04583,-0.01167
3873.62066,-0.01189
3872.19548,-0.01209
3870.77031,-0.01215
3869.34514,-0.01208
3867.91997,-0.01206
3866.49479,-0.01212
3865.06962,-0.01217
3863.64445,-0.01217
3862.21927,-0.01218
3860.79410,-0.01223
3859.36893,-0.01230
3857.94375,-0.01239
3856.51858,-0.01241
3855.09341,-0.01214
3853.66823,-0.01154
3852.24306,-0.01113
3850.81789,-0.01119
3849.39271,-0.01145
3847.96754,-0.01167
3846.54237,-0.01174
3845.11719,-0.01167
3843.69202,-0.01157
3842.26685,-0.01149
3840.84168,-0.01138
3839.41650,-0.01114
3837.99133,-0.01078
3836.56616,-0.01052
3835.14098,-0.01042
3833.71581,-0.01035
3832.29064,-0.01023
3830.86546,-0.01007
3829.44029,-0.00991
3828.01512,-0.00974
3826.58994,-0.00958
3825.16477,-0.00948
3823.73960,-0.00938
3822.31442,-0.00911
3820.88925,-0.00872
3819.46408,-0.00844
3818.03890,-0.00821
3816.61373,-0.00786
3815.18856,-0.00749
3813.76339,-0.00731
3812.33821,-0.00729
3810.91304,-0.00727
3809.48787,-0.00711
3808.06269,-0.00680
3806.63752,-0.00647
3805.21235,-0.00631
3803.78717,-0.00623
3802.36200,-0.00607
3800.93683,-0.00582
3799.51165,-0.00566
3798.08648,-0.00552
3796.66131,-0.00526
3795.23613,-0.00490
3793.81096,-0.00458
3792.38579,-0.00436
3790.96061,-0.00419
3789.53544,-0.00406
3788.11027,-0.00396
3786.68510,-0.00385
3785.25992,-0.00371
3783.83475,-0.00358
3782.40958,-0.00347
3780.98440,-0.00332
3779.55923,-0.00308
3778.13406,-0.00285
3776.70888,-0.00272
3775.28371,-0.00272
3773.85854,-0.00278
3772.43336,-0.00282
3771.00819,-0.00275
3769.58302,-0.00259
3768.15784,-0.00242
3766.73267,-0.00227
3765.30750,-0.00217
3763.88232,-0.00212
3762.45715,-0.00213
3761.03198,-0.00215
3759.60681,-0.00217
3758.18163,-0.00219
3756.75646,-0.00224
3755.33129,-0.00230
3753.90611,-0.00234
3752.48094,-0.00233
3751.05577,-0.00223
3749.63059,-0.00213
3748.20542,-0.00209
3746.78025,-0.00208
3745.35507,-0.00201
3743.92990,-0.00192
3742.50473,-0.00192
3741.07955,-0.00201
3739.65438,-0.00214
3738.22921,-0.00222
3736.80403,-0.00220
3735.37886,-0.00207
3733.95369,-0.00190
3732.52851,-0.00183
3731.10334,-0.00185
3729.67817,-0.00191
3728.25300,-0.00191
3726.82782,-0.00181
3725.40265,-0.00167
3723.97748,-0.00159
3722.55230,-0.00157
3721.12713,-0.00156
3719.70196,-0.00154
3718.27678,-0.00152
3716.85161,-0.00150
3715.42644,-0.00150
3714.00126,-0.00147
3712.57609,-0.00139
3711.15092,-0.00127
3709.72574,-0.00120
3708.30057,-0.00116
3706.87540,-0.00114
3705.45022,-0.00117
3704.02505,-0.00125
3702.59988,-0.00133
3701.17471,-0.00138
3699.74953,-0.00143
3698.32436,-0.00150
3696.89919,-0.00159
3695.47401,-0.00167
3694.04884,-0.00171
3692.62367,-0.00174
3691.19849,-0.00179
3689.77332,-0.00187
3688.34815,-0.00199
3686.92297,-0.00216
3685.49780,-0.00235
3684.07263,-0.00257
3682.64745,-0.00278
3681.22228,-0.00297
3679.79711,-0.00315
3678.37193,-0.00336
3676.94676,-0.00357
3675.52159,-0.00383
3674.09642,-0.00419
3672.67124,-0.00459
3671.24607,-0.00498
3669.82090,-0.00535
3668.39572,-0.00577
3666.97055,-0.00622
3665.54538,-0.00669
3664.12020,-0.00718
3662.69503,-0.00770
3661.26986,-0.00825
3659.84468,-0.00884
3658.41951,-0.00944
3656.99434,-0.01005
3655.56916,-0.01067
3654.14399,-0.01128
3652.71882,-0.01188
3651.29364,-0.01245
3649.86847,-0.01298
3648.44330,-0.01357
3647.01813,-0.01432
3645.59295,-0.01518
3644.16778,-0.01605
3642.74261,-0.01690
3641.31743,-0.01773
3639.89226,-0.01857
3638.46709,-0.01943
3637.04191,-0.02026
3635.61674,-0.02105
3634.19157,-0.02186
3632.76639,-0.02270
3631.34122,-0.02354
3629.91605,-0.02433
3628.49087,-0.02509
3627.06570,-0.02589
3625.64053,-0.02678
3624.21535,-0.02771
3622.79018,-0.02866
3621.36501,-0.02962
3619.93984,-0.03056
3618.51466,-0.03146
3617.08949,-0.03238
3615.66432,-0.03337
3614.23914,-0.03438
3612.81397,-0.03536
3611.38880,-0.03629
3609.96362,-0.03713
3608.53845,-0.03791
3607.11328,-0.03875
3605.68810,-0.03975
3604.26293,-0.04085
3602.83776,-0.04193
3601.41258,-0.04292
3599.98741,-0.04392
3598.56224,-0.04498
3597.13706,-0.04603
3595.71189,-0.04697
3594.28672,-0.04788
3592.86154,-0.04892
3591.43637,-0.05007
3590.01120,-0.05121
3588.58603,-0.05217
3587.16085,-0.05294
3585.73568,-0.05382
3584.31051,-0.05498
3582.88533,-0.05631
3581.46016,-0.05762
3580.03499,-0.05880
3578.60981,-0.05985
3577.18464,-0.06089
3575.75947,-0.06203
3574.33429,-0.06328
3572.90912,-0.06465
3571.48395,-0.06610
3570.05877,-0.06753
3568.63360,-0.06878
3567.20843,-0.06987
3565.78325,-0.07105
3564.35808,-0.07249
3562.93291,-0.07407
3561.50774,-0.07566
3560.08256,-0.07723
3558.65739,-0.07883
3557.23222,-0.08047
3555.80704,-0.08205
3554.38187,-0.08351
3552.95670,-0.08493
3551.53152,-0.08648
3550.10635,-0.08821
3548.68118,-0.09001
3547.25600,-0.09170
3545.83083,-0.09329
3544.40566,-0.09491
3542.98048,-0.09660
3541.55531,-0.09832
3540.13014,-0.10002
3538.70496,-0.10165
3537.27979,-0.10320
3535.85462,-0.10476
3534.42945,-0.10639
3533.00427,-0.10810
3531.57910,-0.10981
3530.15393,-0.11143
3528.72875,-0.11298
3527.30358,-0.11453
3525.87841,-0.11607
3524.45323,-0.11750
3523.02806,-0.11894
3521.60289,-0.12054
3520.17771,-0.12227
3518.75254,-0.12400
3517.32737,-0.12560
3515.90219,-0.12712
3514.47702,-0.12862
3513.05185,-0.13010
3511.62667,-0.13144
3510.20150,-0.13268
3508.77633,-0.13405
3507.35116,-0.13564
3505.92598,-0.13724
3504.50081,-0.13857
3503.07564,-0.13961
3501.65046,-0.14062
3500.22529,-0.14187
3498.80012,-0.14336
3497.37494,-0.14486
3495.94977,-0.14621
3494.52460,-0.14736
3493.09942,-0.14843
3491.67425,-0.14957
3490.24908,-0.15081
3488.82390,-0.15208
3487.39873,-0.15332
3485.97356,-0.15457
3484.54838,-0.15585
3483.12321,-0.15705
3481.69804,-0.15810
3480.27287,-0.15918
3478.84769,-0.16049
3477.42252,-0.16195
3475.99735,-0.16324
3474.57217,-0.16424
3473.14700,-0.16514
3471.72183,-0.16610
3470.29665,-0.16717
3468.87148,-0.16835
3467.44631,-0.16955
3466.02113,-0.17064
3464.59596,-0.17156
3463.17079,-0.17237
3461.74561,-0.17319
3460.32044,-0.17415
3458.89527,-0.17525
3457.47009,-0.17630
3456.04492,-0.17715
3454.61975,-0.17784
3453.19457,-0.17848
3451.76940,-0.17915
3450.34423,-0.17974
3448.91906,-0.18009
3447.49388,-0.18027
3446.06871,-0.18061
3444.64354,-0.18121
3443.21836,-0.18181
3441.79319,-0.18208
3440.36802,-0.18202
3438.94284,-0.18178
3437.51767,-0.18155
3436.09250,-0.18139
3434.66732,-0.18127
3433.24215,-0.18117
3431.81698,-0.18100
3430.39180,-0.18071
3428.96663,-0.18038
3427.54146,-0.18009
3426.11628,-0.17991
3424.69111,-0.17971
3423.26594,-0.17927
3421.84077,-0.17852
3420.41559,-0.17768
3418.99042,-0.17698
3417.56525,-0.17632
3416.14007,-0.17551
3414.71490,-0.17446
3413.28973,-0.17329
3411.86455,-0.17208
3410.43938,-0.17089
3409.01421,-0.16979
3407.58903,-0.16879
3406.16386,-0.16775
3404.73869,-0.16650
3403.31351,-0.16507
3401.88834,-0.16368
3400.46317,-0.16246
3399.03799,-0.16131
3397.61282,-0.16007
3396.18765,-0.15867
3394.76248,-0.15720
3393.33730,-0.15580
3391.91213,-0.15454
3390.48696,-0.15341
3389.06178,-0.15237
3387.63661,-0.15133
3386.21144,-0.15019
3384.78626,-0.14889
3383.36109,-0.14743
3381.93592,-0.14591
3380.51074,-0.14444
3379.08557,-0.14306
3377.66040,-0.14178
3376.23522,-0.14055
3374.81005,-0.13925
3373.38488,-0.13779
3371.95970,-0.13621
3370.53453,-0.13467
3369.10936,-0.13332
3367.68419,-0.13208
3366.25901,-0.13080
3364.83384,-0.12943
3363.40867,-0.12803
3361.98349,-0.12664
3360.55832,-0.12525
3359.13315,-0.12387
3357.70797,-0.12251
3356.28280,-0.12114
3354.85763,-0.11974
3353.43245,-0.11831
3352.00728,-0.11685
3350.58211,-0.11542
3349.15693,-0.11406
3347.73176,-0.11275
3346.30659,-0.11147
3344.88141,-0.11017
3343.45624,-0.10882
3342.03107,-0.10738
3340.60590,-0.10590
3339.18072,-0.10441
3337.75555,-0.10295
3336.33038,-0.10148
3334.90520,-0.10001
3333.48003,-0.09862
3332.05486,-0.09732
3330.62968,-0.09604
3329.20451,-0.09467
3327.77934,-0.09317
3326.35416,-0.09162
3324.92899,-0.09009
3323.50382,-0.08868
3322.07864,-0.08741
3320.65347,-0.08617
3319.22830,-0.08480
3317.80312,-0.08331
3316.37795,-0.08183
3314.95278,-0.08047
3313.52760,-0.07918
3312.10243,-0.07786
3310.67726,-0.07640
3309.25209,-0.07483
3307.82691,-0.07330
3306.40174,-0.07193
3304.97657,-0.07072
3303.55139,-0.06958
3302.12622,-0.06844
3300.70105,-0.06729
3299.27587,-0.06616
3297.85070,-0.06504
3296.42553,-0.06394
3295.00035,-0.06284
3293.57518,-0.06173
3292.15001,-0.06065
3290.72483,-0.05966
3289.29966,-0.05868
3287.87449,-0.05766
3286.44931,-0.05659
3285.02414,-0.05558
3283.59897,-0.05469
3282.17380,-0.05388
3280.74862,-0.05307
3279.32345,-0.05222
3277.89828,-0.05136
3276.47310,-0.05049
3275.04793,-0.04965
3273.62276,-0.04887
3272.19758,-0.04820
3270.77241,-0.04761
3269.34724,-0.04704
3267.92206,-0.04647
3266.49689,-0.04590
3265.07172,-0.04534
3263.64654,-0.04480
3262.22137,-0.04424
3260.79620,-0.04364
3259.37102,-0.04303
3257.94585,-0.04246
3256.52068,-0.04198
3255.09551,-0.04153
3253.67033,-0.04108
3252.24516,-0.04059
3250.81999,-0.04007
3249.39481,-0.03955
3247.96964,-0.03906
3246.54447,-0.03860
3245.11929,-0.03815
3243.69412,-0.03767
3242.26895,-0.03715
3240.84377,-0.03663
3239.41860,-0.03614
3237.99343,-0.03569
3236.56825,-0.03524
3235.14308,-0.03479
3233.71791,-0.03435
3232.29273,-0.03392
3230.86756,-0.03349
3229.44239,-0.03304
3228.01722,-0.03256
3226.59204,-0.03206
3225.16687,-0.03157
3223.74170,-0.03112
3222.31652,-0.03074
3220.89135,-0.03042
3219.46618,-0.03009
3218.04100,-0.02968
3216.61583,-0.02916
3215.19066,-0.02864
3213.76548,-0.02821
3212.34031,-0.02784
3210.91514,-0.02743
3209.48996,-0.02691
3208.06479,-0.02630
3206.63962,-0.02572
3205.21444,-0.02523
3203.78927,-0.02483
3202.36410,-0.02444
3200.93893,-0.02404
3199.51375,-0.02361
3198.08858,-0.02319
3196.66341,-0.02275
3195.23823,-0.02230
3193.81306,-0.02185
3192.38789,-0.02143
3190.96271,-0.02104
3189.53754,-0.02068
3188.11237,-0.02032
3186.68719,-0.01994
3185.26202,-0.01953
3183.83685,-0.01912
3182.41167,-0.01874
3180.98650,-0.01842
3179.56133,-0.01815
3178.13615,-0.01789
3176.71098,-0.01762
3175.28581,-0.01732
3173.86063,-0.01703
3172.43546,-0.01679
3171.01029,-0.01660
3169.58512,-0.01646
3168.15994,-0.01633
3166.73477,-0.01619
3165.30960,-0.01605
3163.88442,-0.01592
3162.45925,-0.01580
3161.03408,-0.01569
3159.60890,-0.01560
3158.18373,-0.01553
3156.75856,-0.01544
3155.33338,-0.01532
3153.90821,-0.01519
3152.48304,-0.01510
3151.05786,-0.01503
3149.63269,-0.01497
3148.20752,-0.01491
3146.78234,-0.01484
3145.35717,-0.01476
3143.93200,-0.01467
3142.50683,-0.01460
3141.08165,-0.01454
3139.65648,-0.01446
3138.23131,-0.01437
3136.80613,-0.01428
3135.38096,-0.01420
3133.95579,-0.01411
3132.53061,-0.01402
3131.10544,-0.01396
3129.68027,-0.01388
3128.25509,-0.01374
3126.82992,-0.01355
3125.40475,-0.01335
3123.97957,-0.01320
3122.55440,-0.01310
3121.12923,-0.01304
3119.70405,-0.01296
3118.27888,-0.01285
3116.85371,-0.01268
3115.42854,-0.01245
3114.00336,-0.01219
3112.57819,-0.01192
3111.15302,-0.01169
3109.72784,-0.01150
3108.30267,-0.01133
3106.87750,-0.01119
3105.45232,-0.01108
3104.02715,-0.01098
3102.60198,-0.01085
3101.17680,-0.01071
3099.75163,-0.01057
3098.32646,-0.01047
3096.90128,-0.01037
3095.47611,-0.01026
3094.05094,-0.01015
3092.62576,-0.01008
3091.20059,-0.01006
3089.77542,-0.01002
3088.35025,-0.00995
3086.92507,-0.00987
3085.49990,-0.00982
3084.07473,-0.00982
3082.64955,-0.00984
3081.22438,-0.00986
3079.79921,-0.00985
3078.37403,-0.00981
3076.94886,-0.00975
3075.52369,-0.00969
3074.09851,-0.00968
3072.67334,-0.00967
3071.24817,-0.00963
3069.82299,-0.00958
3068.39782,-0.00955
3066.97265,-0.00958
3065.54747,-0.00962
3064.12230,-0.00962
3062.69713,-0.00961
3061.27196,-0.00962
3059.84678,-0.00968
3058.42161,-0.00974
3056.99644,-0.00979
3055.57126,-0.00987
3054.14609,-0.00998
3052.72092,-0.01009
3051.29574,-0.01017
3049.87057,-0.01024
3048.44540,-0.01031
3047.02022,-0.01037
3045.59505,-0.01042
3044.16988,-0.01051
3042.74470,-0.01064
3041.31953,-0.01077
3039.89436,-0.01088
3038.46918,-0.01099
3037.04401,-0.01110
3035.61884,-0.01122
3034.19366,-0.01134
3032.76849,-0.01147
3031.34332,-0.01163
3029.91815,-0.01179
3028.49297,-0.01193
3027.06780,-0.01209
3025.64263,-0.01225
3024.21745,-0.01242
3022.79228,-0.01257
3021.36711,-0.01266
3019.94193,-0.01270
3018.51676,-0.01272
3017.09159,-0.01275
3015.66641,-0.01279
3014.24124,-0.01278
3012.81607,-0.01273
3011.39089,-0.01267
3009.96572,-0.01262
3008.54055,-0.01258
3007.11537,-0.01254
3005.69020,-0.01248
3004.26503,-0.01238
3002.83986,-0.01226
3001.41468,-0.01215
2999.98951,-0.01206
2998.56434,-0.01198
2997.13916,-0.01188
2995.71399,-0.01176
2994.28882,-0.01165
2992.86364,-0.01154
2991.43847,-0.01143
2990.01330,-0.01130
2988.58812,-0.01114
2987.16295,-0.01092
2985.73778,-0.01065
2984.31260,-0.01037
2982.88743,-0.01012
2981.46226,-0.00992
2980.03708,-0.00972
2978.61191,-0.00950
2977.18674,-0.00927
2975.76157,-0.00903
2974.33639,-0.00880
2972.91122,-0.00859
2971.48605,-0.00842
2970.06087,-0.00830
2968.63570,-0.00822
2967.21053,-0.00818
2965.78535,-0.00824
2964.36018,-0.00841
2962.93501,-0.00867
2961.50983,-0.00898
2960.08466,-0.00935
2958.65949,-0.00981
2957.23431,-0.01034
2955.80914,-0.01091
2954.38397,-0.01149
2952.95879,-0.01206
2951.53362,-0.01260
2950.10845,-0.01311
2948.68328,-0.01359
2947.25810,-0.01401
2945.83293,-0.01435
2944.40776,-0.01463
2942.98258,-0.01484
2941.55741,-0.01501
2940.13224,-0.01513
2938.70706,-0.01525
2937.28189,-0.01540
2935.85672,-0.01559
2934.43154,-0.01576
2933.00637,-0.01594
2931.58120,-0.01615
2930.15602,-0.01642
2928.73085,-0.01672
2927.30568,-0.01700
2925.88050,-0.01724
2924.45533,-0.01746
2923.03016,-0.01769
2921.60498,-0.01796
2920.17981,-0.01826
2918.75464,-0.01854
2917.32947,-0.01877
2915.90429,-0.01897
2914.47912,-0.01919
2913.05395,-0.01942
2911.62877,-0.01963
2910.20360,-0.01983
2908.77843,-0.02002
2907.35325,-0.02018
2905.92808,-0.02032
2904.50291,-0.02048
2903.07773,-0.02066
2901.65256,-0.02082
2900.22739,-0.02088
2898.80221,-0.02085
2897.37704,-0.02081
2895.95187,-0.02080
2894.52669,-0.02081
2893.10152,-0.02079
2891.67635,-0.02073
2890.25118,-0.02065
2888.82600,-0.02057
2887.40083,-0.02047
2885.97566,-0.02038
2884.55048,-0.02027
2883.12531,-0.02015
2881.70014,-0.02002
2880.27496,-0.01988
2878.84979,-0.01974
2877.42462,-0.01961
2875.99944,-0.01956
2874.57427,-0.01961
2873.14910,-0.01975
2871.72392,-0.01996
2870.29875,-0.02022
2868.87358,-0.02054
2867.44840,-0.02091
2866.02323,-0.02132
2864.59806,-0.02176
2863.17289,-0.02220
2861.74771,-0.02263
2860.32254,-0.02307
2858.89737,-0.02354
2857.47219,-0.02403
2856.04702,-0.02453
2854.62185,-0.02500
2853.19667,-0.02543
2851.77150,-0.02584
2850.34633,-0.02628
2848.92115,-0.02677
2847.49598,-0.02730
2846.07081,-0.02781
2844.64563,-0.02827
2843.22046,-0.02867
2841.79529,-0.02904
2840.37011,-0.02942
2838.94494,-0.02983
2837.51977,-0.03026
2836.09460,-0.03067
2834.66942,-0.03108
2833.24425,-0.03150
2831.81908,-0.03194
2830.39390,-0.03240
2828.96873,-0.03285
2827.54356,-0.03328
2826.11838,-0.03372
2824.69321,-0.03420
2823.26804,-0.03470
2821.84286,-0.03519
2820.41769,-0.03571
2818.99252,-0.03628
2817.56734,-0.03690
2816.14217,-0.03754
2814.71700,-0.03818
2813.29182,-0.03882
2811.86665,-0.03946
2810.44148,-0.04011
2809.01631,-0.04079
2807.59113,-0.04151
2806.16596,-0.04228
2804.74079,-0.04309
2803.31561,-0.04395
2801.89044,-0.04483
2800.46527,-0.04572
2799.04009,-0.04661
2797.61492,-0.04751
2796.18975,-0.04843
2794.76457,-0.04942
2793.33940,-0.05052
2791.91423,-0.05172
2790.48905,-0.05303
2789.06388,-0.05442
2787.63871,-0.05590
2786.21353,-0.05756
2784.78836,-0.05945
2783.36319,-0.06159
2781.93801,-0.06392
2780.51284,-0.06640
2779.08767,-0.06907
2777.66250,-0.07201
2776.23732,-0.07522
2774.81215,-0.07872
2773.38698,-0.08256
2771.96180,-0.08681
2770.53663,-0.09148
2769.11146,-0.09656
2767.68628,-0.10206
2766.26111,-0.10806
2764.83594,-0.11460
2763.41076,-0.12177
2761.98559,-0.12963
2760.56042,-0.13828
2759.13524,-0.14782
2757.71007,-0.15829
2756.28490,-0.16969
2754.85972,-0.18205
2753.43455,-0.19547
2752.00938,-0.21009
2750.58421,-0.22587
2749.15903,-0.24267
2747.73386,-0.26043
2746.30869,-0.27916
2744.88351,-0.29876
2743.45834,-0.31892
2742.03317,-0.33921
2740.60799,-0.35902
2739.18282,-0.37767
2737.75765,-0.39476
2736.33247,-0.41029
2734.90730,-0.42425
2733.48213,-0.43638
2732.05695,-0.44637
2730.63178,-0.45416
2729.20661,-0.45972
2727.78143,-0.46319
2726.35626,-0.46500
2724.93109,-0.46562
2723.50592,-0.46532
2722.08074,-0.46415
2720.65557,-0.46212
2719.23040,-0.45926
2717.80522,-0.45589
2716.38005,-0.45250
2714.95488,-0.44926
2713.52970,-0.44576
2712.10453,-0.44151
2710.67936,-0.43658
2709.25418,-0.43147
2707.82901,-0.42649
2706.40384,-0.42154
2704.97866,-0.41649
2703.55349,-0.41150
2702.12832,-0.40663
2700.70314,-0.40160
2699.27797,-0.39630
2697.85280,-0.39109
2696.42763,-0.38624
2695.00245,-0.38154
2693.57728,-0.37673
2692.15211,-0.37198
2690.72693,-0.36758
2689.30176,-0.36342
2687.87659,-0.35927
2686.45141,-0.35512
2685.02624,-0.35099
2683.60107,-0.34680
2682.17589,-0.34265
2680.75072,-0.33886
2679.32555,-0.33550
2677.90037,-0.33232
2676.47520,-0.32913
2675.05003,-0.32609
2673.62485,-0.32337
2672.19968,-0.32099
2670.77451,-0.31893
2669.34934,-0.31720
2667.92416,-0.31572
2666.49899,-0.31442
2665.07382,-0.31336
2663.64864,-0.31256
2662.22347,-0.31198
2660.79830,-0.31158
2659.37312,-0.31143
2657.94795,-0.31144
2656.52278,-0.31140
2655.09760,-0.31125
2653.67243,-0.31122
2652.24726,-0.31160
2650.82208,-0.31245
2649.39691,-0.31352
2647.97174,-0.31461
2646.54656,-0.31563
2645.12139,-0.31655
2643.69622,-0.31729
2642.27104,-0.31790
2640.84587,-0.31858
2639.42070,-0.31957
2637.99553,-0.32081
2636.57035,-0.32195
2635.14518,-0.32273
2633.72001,-0.32323
2632.29483,-0.32374
2630.86966,-0.32433
2629.44449,-0.32470
2628.01931,-0.32455
2626.59414,-0.32401
2625.16897,-0.32355
2623.74379,-0.32341
2622.31862,-0.32349
2620.89345,-0.32363
2619.46827,-0.32373
2618.04310,-0.32368
2616.61793,-0.32316
2615.19275,-0.32189
2613.76758,-0.31993
2612.34241,-0.31772
2610.91724,-0.31570
2609.49206,-0.31399
2608.06689,-0.31234
2606.64172,-0.31042
2605.21654,-0.30822
2603.79137,-0.30601
2602.36620,-0.30403
2600.94102,-0.30225
2599.51585,-0.30031
2598.09068,-0.29773
2596.66550,-0.29449
2595.24033,-0.29118
2593.81516,-0.28854
2592.38998,-0.28663
2590.96481,-0.28486
2589.53964,-0.28276
2588.11446,-0.28036
2586.68929,-0.27796
2585.26412,-0.27572
2583.83895,-0.27363
2582.41377,-0.27172
2580.98860,-0.27008
2579.56343,-0.26861
2578.13825,-0.26721
2576.71308,-0.26592
2575.28791,-0.26483
2573.86273,-0.26394
2572.43756,-0.26313
2571.01239,-0.26238
2569.58721,-0.26180
2568.16204,-0.26155
2566.73687,-0.26153
2565.31169,-0.26141
2563.88652,-0.26124
2562.46135,-0.26142
2561.03617,-0.26216
2559.61100,-0.26311
2558.18583,-0.26399
2556.76066,-0.26492
2555.33548,-0.26611
2553.91031,-0.26757
2552.48514,-0.26904
2551.05996,-0.27024
2549.63479,-0.27105
2548.20962,-0.27172
2546.78444,-0.27268
2545.35927,-0.27420
2543.93410,-0.27623
2542.50892,-0.27835
2541.08375,-0.28011
2539.65858,-0.28144
2538.23340,-0.28258
2536.80823,-0.28376
2535.38306,-0.28492
2533.95788,-0.28593
2532.53271,-0.28685
2531.10754,-0.28784
2529.68237,-0.28892
2528.25719,-0.28979
2526.83202,-0.29010
2525.40685,-0.28986
2523.98167,-0.28945
2522.55650,-0.28918
2521.13133,-0.28907
2519.70615,-0.28898
2518.28098,-0.28874
2516.85581,-0.28811
2515.43063,-0.28695
2514.00546,-0.28545
2512.58029,-0.28390
2511.15511,-0.28237
2509.72994,-0.28075
2508.30477,-0.27903
2506.87959,-0.27716
2505.45442,-0.27512
2504.02925,-0.27298
2502.60407,-0.27091
2501.17890,-0.26893
2499.75373,-0.26689
2498.32856,-0.26459
2496.90338,-0.26207
2495.47821,-0.25970
2494.05304,-0.25784
2492.62786,-0.25642
2491.20269,-0.25512
2489.77752,-0.25378
2488.35234,-0.25257
2486.92717,-0.25160
2485.50200,-0.25082
2484.07682,-0.25023
2482.65165,-0.24988
2481.22648,-0.24962
2479.80130,-0.24928
2478.37613,-0.24912
2476.95096,-0.24952
2475.52578,-0.25049
2474.10061,-0.25168
2472.67544,-0.25294
2471.25027,-0.25434
2469.82509,-0.25593
2468.39992,-0.25771
2466.97475,-0.25974
2465.54957,-0.26206
2464.12440,-0.26463
2462.69923,-0.26745
2461.27405,-0.27051
2459.84888,-0.27368
2458.42371,-0.27687
2456.99853,-0.28010
2455.57336,-0.28343
2454.14819,-0.28681
2452.72301,-0.29021
2451.29784,-0.29371
2449.87267,-0.29730
2448.44749,-0.30077
2447.02232,-0.30391
2445.59715,-0.30685
2444.17198,-0.30988
2442.74680,-0.31306
2441.32163,-0.31604
2439.89646,-0.31853
2438.47128,-0.32068
2437.04611,-0.32299
2435.62094,-0.32579
2434.19576,-0.32884
2432.77059,-0.33153
2431.34542,-0.33341
2429.92024,-0.33459
2428.49507,-0.33551
2427.06990,-0.33644
2425.64472,-0.33730
2424.21955,-0.33797
2422.79438,-0.33847
2421.36920,-0.33882
2419.94403,-0.33895
2418.51886,-0.33889
2417.09369,-0.33884
2415.66851,-0.33883
2414.24334,-0.33872
2412.81817,-0.33841
2411.39299,-0.33793
2409.96782,-0.33731
2408.54265,-0.33656
2407.11747,-0.33568
2405.69230,-0.33466
2404.26713,-0.33356
2402.84195,-0.33252
2401.41678,-0.33167
2399.99161,-0.33105
2398.56643,-0.33060
2397.14126,-0.33018
2395.71609,-0.32971
2394.29091,-0.32934
2392.86574,-0.32929
2391.44057,-0.32957
2390.01540,-0.32996
2388.59022,-0.33024
2387.16505,-0.33046
2385.73988,-0.33086
2384.31470,-0.33169
2382.88953,-0.33300
2381.46436,-0.33465
2380.03918,-0.33645
2378.61401,-0.33832
2377.18884,-0.34027
2375.76366,-0.34225
2374.33849,-0.34416
2372.91332,-0.34587
2371.48814,-0.34751
2370.06297,-0.34961
2368.63780,-0.35251
2367.21262,-0.35565
2365.78745,-0.35836
2364.36228,-0.36086
2362.93710,-0.36357
2361.51193,-0.36644
2360.08676,-0.36983
2358.66159,-0.37429
2357.23641,-0.37917
2355.81124,-0.38303
2354.38607,-0.38528
2352.96089,-0.38672
2351.53572,-0.38878
2350.11055,-0.39216
2348.68537,-0.39643
2347.26020,-0.40047
2345.83503,-0.40336
2344.40985,-0.40537
2342.98468,-0.40764
2341.55951,-0.41037
2340.13433,-0.41311
2338.70916,-0.41623
2337.28399,-0.42034
2335.85881,-0.42496
2334.43364,-0.42883
2333.00847,-0.43122
2331.58330,-0.43237
2330.15812,-0.43313
2328.73295,-0.43441
2327.30778,-0.43639
2325.88260,-0.43829
2324.45743,-0.43932
2323.03226,-0.43973
2321.60708,-0.44033
2320.18191,-0.44140
2318.75674,-0.44243
2317.33156,-0.44287
2315.90639,-0.44270
2314.48122,-0.44225
2313.05604,-0.44192
2311.63087,-0.44189
2310.20570,-0.44205
2308.78052,-0.44201
2307.35535,-0.44149
2305.93018,-0.44059
2304.50501,-0.43952
2303.07983,-0.43836
2301.65466,-0.43716
2300.22949,-0.43600
2298.80431,-0.43494
2297.37914,-0.43390
2295.95397,-0.43275
2294.52879,-0.43137
2293.10362,-0.42976
2291.67845,-0.42799
2290.25327,-0.42605
2288.82810,-0.42404
2287.40293,-0.42225
2285.97775,-0.42089
2284.55258,-0.41991
2283.12741,-0.41905
2281.70223,-0.41807
2280.27706,-0.41678
2278.85189,-0.41515
2277.42672,-0.41333
2276.00154,-0.41145
2274.57637,-0.40960
2273.15120,-0.40783
2271.72602,-0.40611
2270.30085,-0.40440
2268.87568,-0.40266
2267.45050,-0.40089
2266.02533,-0.39909
2264.60016,-0.39720
2263.17498,-0.39524
2261.74981,-0.39331
2260.32464,-0.39153
2258.89946,-0.38973
2257.47429,-0.38763
2256.04912,-0.38522
2254.62394,-0.38269
2253.19877,-0.38019
2251.77360,-0.37764
2250.34843,-0.37500
2248.92325,-0.37234
2247.49808,-0.36973
2246.07291,-0.36715
2244.64773,-0.36445
2243.22256,-0.36165
2241.79739,-0.35874
2240.37221,-0.35557
2238.94704,-0.35196
2237.52187,-0.34799
2236.09669,-0.34384
2234.67152,-0.33958
2233.24635,-0.33517
2231.82117,-0.33063
2230.39600,-0.32603
2228.97083,-0.32139
2227.54565,-0.31666
2226.12048,-0.31183
2224.69531,-0.30697
2223.27013,-0.30215
2221.84496,-0.29727
2220.41979,-0.29222
2218.99462,-0.28691
2217.56944,-0.28144
2216.14427,-0.27597
2214.71910,-0.27050
2213.29392,-0.26493
2211.86875,-0.25928
2210.44358,-0.25369
2209.01840,-0.24821
2207.59323,-0.24281
2206.16806,-0.23748
2204.74288,-0.23218
2203.31771,-0.22689
2201.89254,-0.22154
2200.46736,-0.21610
2199.04219,-0.21062
2197.61702,-0.20526
2196.19184,-0.20008
2194.76667,-0.19505
2193.34150,-0.19014
2191.91633,-0.18538
2190.49115,-0.18077
2189.06598,-0.17628
2187.64081,-0.17184
2186.21563,-0.16746
2184.79046,-0.16322
2183.36529,-0.15915
2181.94011,-0.15518
2180.51494,-0.15126
2179.08977,-0.14742
2177.66459,-0.14377
2176.23942,-0.14036
2174.81425,-0.13709
2173.38907,-0.13385
2171.96390,-0.13065
2170.53873,-0.12763
2169.11355,-0.12483
2167.68838,-0.12213
2166.26321,-0.11946
2164.83804,-0.11684
2163.41286,-0.11431
2161.98769,-0.11187
2160.56252,-0.10950
2159.13734,-0.10724
2157.71217,-0.10511
2156.28700,-0.10310
2154.86182,-0.10114
2153.43665,-0.09924
2152.01148,-0.09742
2150.58630,-0.09569
2149.16113,-0.09401
2147.73596,-0.09235
2146.31078,-0.09071
2144.88561,-0.08910
2143.46044,-0.08748
2142.03526,-0.08588
2140.61009,-0.08437
2139.18492,-0.08295
2137.75975,-0.08155
2136.33457,-0.08013
2134.90940,-0.07872
2133.48423,-0.07734
2132.05905,-0.07598
2130.63388,-0.07461
2129.20871,-0.07319
2127.78353,-0.07175
2126.35836,-0.07034
2124.93319,-0.06900
2123.50801,-0.06773
2122.08284,-0.06649
2120.65767,-0.06526
2119.23249,-0.06401
2117.80732,-0.06271
2116.38215,-0.06138
2114.95697,-0.06003
2113.53180,-0.05871
2112.10663,-0.05742
2110.68146,-0.05618
2109.25628,-0.05493
2107.83111,-0.05366
2106.40594,-0.05239
2104.98076,-0.05116
2103.55559,-0.04999
2102.13042,-0.04885
2100.70524,-0.04772
2099.28007,-0.04659
2097.85490,-0.04546
2096.42972,-0.04434
2095.00455,-0.04322
2093.57938,-0.04211
2092.15420,-0.04103
2090.72903,-0.03996
2089.30386,-0.03893
2087.87868,-0.03798
2086.45351,-0.03712
2085.02834,-0.03631
2083.60316,-0.03552
2082.17799,-0.03472
2080.75282,-0.03394
2079.32765,-0.03316
2077.90247,-0.03239
2076.47730,-0.03164
2075.05213,-0.03091
2073.62695,-0.03019
2072.20178,-0.02952
2070.77661,-0.02894
2069.35143,-0.02845
2067.92626,-0.02799
2066.50109,-0.02751
2065.07591,-0.02702
2063.65074,-0.02654
2062.22557,-0.02611
2060.80039,-0.02574
2059.37522,-0.02544
2057.95005,-0.02518
2056.52487,-0.02494
2055.09970,-0.02468
2053.67453,-0.02442
2052.24936,-0.02415
2050.82418,-0.02389
2049.39901,-0.02364
2047.97384,-0.02341
2046.54866,-0.02324
2045.12349,-0.02313
2043.69832,-0.02305
2042.27314,-0.02294
2040.84797,-0.02283
2039.42280,-0.02273
2037.99762,-0.02264
2036.57245,-0.02254
2035.14728,-0.02242
2033.72210,-0.02227
2032.29693,-0.02213
2030.87176,-0.02200
2029.44658,-0.02188
2028.02141,-0.02175
2026.59624,-0.02162
2025.17107,-0.02147
2023.74589,-0.02128
2022.32072,-0.02105
2020.89555,-0.02082
2019.47037,-0.02057
2018.04520,-0.02030
2016.62003,-0.02002
2015.19485,-0.01977
2013.76968,-0.01954
2012.34451,-0.01931
2010.91933,-0.01904
2009.49416,-0.01873
2008.06899,-0.01840
2006.64381,-0.01806
2005.21864,-0.01770
2003.79347,-0.01734
2002.36829,-0.01697
2000.94312,-0.01662
1999.51795,-0.01629
1998.09278,-0.01598
1996.66760,-0.01565
1995.24243,-0.01532
1993.81726,-0.01496
1992.39208,-0.01458
1990.96691,-0.01420
1989.54174,-0.01384
1988.11656,-0.01350
1986.69139,-0.01319
1985.26622,-0.01289
1983.84104,-0.01259
1982.41587,-0.01230
1980.99070,-0.01202
1979.56552,-0.01179
1978.14035,-0.01159
1976.71518,-0.01139
1975.29000,-0.01119
1973.86483,-0.01101
1972.43966,-0.01088
1971.01449,-0.01079
1969.58931,-0.01070
1968.16414,-0.01059
1966.73897,-0.01046
1965.31379,-0.01038
1963.88862,-0.01035
1962.46345,-0.01036
1961.03827,-0.01037
1959.61310,-0.01039
1958.18793,-0.01043
1956.76275,-0.01045
1955.33758,-0.01047
1953.91241,-0.01048
1952.48723,-0.01054
1951.06206,-0.01066
1949.63689,-0.01082
1948.21171,-0.01098
1946.78654,-0.01113
1945.36137,-0.01126
1943.93619,-0.01136
1942.51102,-0.01146
1941.08585,-0.01155
1939.66068,-0.01166
1938.23550,-0.01177
1936.81033,-0.01189
1935.38516,-0.01201
1933.95998,-0.01214
1932.53481,-0.01228
1931.10964,-0.01241
1929.68446,-0.01255
1928.25929,-0.01267
1926.83412,-0.01277
1925.40894,-0.01284
1923.98377,-0.01290
1922.55860,-0.01296
1921.13342,-0.01300
1919.70825,-0.01300
1918.28308,-0.01296
1916.85790,-0.01292
1915.43273,-0.01292
1914.00756,-0.01293
1912.58239,-0.01292
1911.15721,-0.01287
1909.73204,-0.01279
1908.30687,-0.01270
1906.88169,-0.01260
1905.45652,-0.01250
1904.03135,-0.01242
1902.60617,-0.01236
1901.18100,-0.01228
1899.75583,-0.01218
1898.33065,-0.01205
1896.90548,-0.01189
1895.48031,-0.01170
1894.05513,-0.01153
1892.62996,-0.01138
1891.20479,-0.01123
1889.77961,-0.01107
1888.35444,-0.01094
1886.92927,-0.01082
1885.50410,-0.01070
1884.07892,-0.01056
1882.65375,-0.01042
1881.22858,-0.01029
1879.80340,-0.01018
1878.37823,-0.01006
1876.95306,-0.00995
1875.52788,-0.00985
1874.10271,-0.00976
1872.67754,-0.00970
1871.25236,-0.00967
1869.82719,-0.00965
1868.40202,-0.00964
1866.97684,-0.00964
1865.55167,-0.00967
1864.12650,-0.00970
1862.70132,-0.00974
1861.27615,-0.00980
1859.85098,-0.00989
1858.42581,-0.01000
1857.00063,-0.01010
1855.57546,-0.01018
1854.15029,-0.01026
1852.72511,-0.01040
1851.29994,-0.01058
1849.87477,-0.01078
1848.44959,-0.01099
1847.02442,-0.01120
1845.59925,-0.01143
1844.17407,-0.01170
1842.74890,-0.01197
1841.32373,-0.01224
1839.89855,-0.01248
1838.47338,-0.01274
1837.04821,-0.01304
1835.62303,-0.01337
1834.19786,-0.01369
1832.77269,-0.01396
1831.34751,-0.01419
1829.92234,-0.01440
1828.49717,-0.01463
1827.07200,-0.01484
1825.64682,-0.01504
1824.22165,-0.01521
1822.79648,-0.01539
1821.37130,-0.01556
1819.94613,-0.01568
1818.52096,-0.01576
1817.09578,-0.01582
1815.67061,-0.01589
1814.24544,-0.01599
1812.82026,-0.01609
1811.39509,-0.01616
1809.96992,-0.01616
1808.54474,-0.01612
1807.11957,-0.01606
1805.69440,-0.01600
1804.26922,-0.01596
1802.84405,-0.01592
1801.41888,-0.01587
1799.99371,-0.01577
1798.56853,-0.01564
1797.14336,-0.01551
1795.71819,-0.01538
1794.29301,-0.01522
1792.86784,-0.01500
1791.44267,-0.01478
1790.01749,-0.01465
1788.59232,-0.01459
1787.16715,-0.01451
1785.74197,-0.01440
1784.31680,-0.01426
1782.89163,-0.01415
1781.46645,-0.01406
1780.04128,-0.01396
1778.61611,-0.01386
1777.19093,-0.01381
1775.76576,-0.01378
1774.34059,-0.01375
1772.91542,-0.01369
1771.49024,-0.01364
1770.06507,-0.01361
1768.63990,-0.01358
1767.21472,-0.01359
1765.78955,-0.01364
1764.36438,-0.01372
1762.93920,-0.01376
1761.51403,-0.01375
1760.08886,-0.01376
1758.66368,-0.01382
1757.23851,-0.01390
1755.81334,-0.01398
1754.38816,-0.01407
1752.96299,-0.01413
1751.53782,-0.01412
1750.11264,-0.01405
1748.68747,-0.01398
1747.26230,-0.01396
1745.83713,-0.01395
1744.41195,-0.01395
1742.98678,-0.01394
1741.56161,-0.01393
1740.13643,-0.01392
1738.71126,-0.01395
1737.28609,-0.01402
1735.86091,-0.01411
1734.43574,-0.01414
1733.01057,-0.01414
1731.58539,-0.01421
1730.16022,-0.01434
1728.73505,-0.01447
1727.30987,-0.01459
1725.88470,-0.01468
1724.45953,-0.01473
1723.03435,-0.01478
1721.60918,-0.01488
1720.18401,-0.01499
1718.75884,-0.01502
1717.33366,-0.01491
1715.90849,-0.01477
1714.48332,-0.01474
1713.05814,-0.01481
1711.63297,-0.01488
1710.20780,-0.01489
1708.78262,-0.01485
1707.35745,-0.01474
1705.93228,-0.01461
1704.50710,-0.01458
1703.08193,-0.01459
1701.65676,-0.01446
1700.23158,-0.01410
1698.80641,-0.01368
1697.38124,-0.01323
1695.95606,-0.01259
1694.53089,-0.01176
1693.10572,-0.01094
1691.68054,-0.01007
1690.25537,-0.00894
1688.83020,-0.00762
1687.40503,-0.00624
1685.97985,-0.00445
1684.55468,-0.00184
1683.12951,0.00093
1681.70433,0.00303
1680.27916,0.00467
1678.85399,0.00625
1677.42881,0.00801
1676.00364,0.01013
1674.57847,0.01247
1673.15329,0.01468
1671.72812,0.01690
1670.30295,0.01963
1668.87777,0.02271
1667.45260,0.02538
1666.02743,0.02746
1664.60225,0.02937
1663.17708,0.03131
1661.75191,0.03300
1660.32674,0.03415
1658.90156,0.03483
1657.47639,0.03525
1656.05122,0.03561
1654.62604,0.03630
1653.20087,0.03753
1651.77570,0.03852
1650.35052,0.03892
1648.92535,0.03938
1647.50018,0.04052
1646.07500,0.04228
1644.64983,0.04393
1643.22466,0.04532
1641.79948,0.04680
1640.37431,0.04852
1638.94914,0.05052
1637.52396,0.05322
1636.09879,0.05719
1634.67362,0.06181
1633.24845,0.06578
1631.82327,0.06917
1630.39810,0.07268
1628.97293,0.07660
1627.54775,0.08042
1626.12258,0.08330
1624.69741,0.08445
1623.27223,0.08320
1621.84706,0.07958
1620.42189,0.07435
1618.99671,0.06759
1617.57154,0.05856
1616.14637,0.04805
1614.72119,0.03852
1613.29602,0.03060
1611.87085,0.02333
1610.44567,0.01622
1609.02050,0.00951
1607.59533,0.00354
1606.17016,-0.00163
1604.74498,-0.00609
1603.31981,-0.00996
1601.89464,-0.01328
1600.46946,-0.01612
1599.04429,-0.01853
1597.61912,-0.02058
1596.19394,-0.02231
1594.76877,-0.02378
1593.34360,-0.02499
1591.91842,-0.02602
1590.49325,-0.02694
1589.06808,-0.02777
1587.64290,-0.02851
1586.21773,-0.02921
1584.79256,-0.02993
1583.36738,-0.03070
1581.94221,-0.03152
1580.51704,-0.03235
1579.09187,-0.03313
1577.66669,-0.03381
1576.24152,-0.03440
1574.81635,-0.03503
1573.39117,-0.03577
1571.96600,-0.03651
1570.54083,-0.03713
1569.11565,-0.03767
1567.69048,-0.03827
1566.26531,-0.03896
1564.84013,-0.03969
1563.41496,-0.04044
1561.98979,-0.04116
1560.56461,-0.04173
1559.13944,-0.04203
1557.71427,-0.04237
1556.28909,-0.04299
1554.86392,-0.04375
1553.43875,-0.04447
1552.01357,-0.04513
1550.58840,-0.04577
1549.16323,-0.04644
1547.73806,-0.04716
1546.31288,-0.04798
1544.88771,-0.04885
1543.46254,-0.04967
1542.03736,-0.05032
1540.61219,-0.05082
1539.18702,-0.05140
1537.76184,-0.05223
1536.33667,-0.05320
1534.91150,-0.05413
1533.48632,-0.05492
1532.06115,-0.05563
1530.63598,-0.05633
1529.21080,-0.05701
1527.78563,-0.05766
1526.36046,-0.05832
1524.93528,-0.05904
1523.51011,-0.05969
1522.08494,-0.05991
1520.65977,-0.05953
1519.23459,-0.05880
1517.80942,-0.05807
1516.38425,-0.05773
1514.95907,-0.05822
1513.53390,-0.05964
1512.10873,-0.06164
1510.68355,-0.06377
1509.25838,-0.06567
1507.83321,-0.06716
1506.40803,-0.06835
1504.98286,-0.06952
1503.55769,-0.07075
1502.13251,-0.07195
1500.70734,-0.07307
1499.28217,-0.07409
1497.85699,-0.07503
1496.43182,-0.07601
1495.00665,-0.07708
1493.58148,-0.07818
1492.15630,-0.07926
1490.73113,-0.08025
1489.30596,-0.08115
1487.88078,-0.08207
1486.45561,-0.08304
1485.03044,-0.08399
1483.60526,-0.08480
1482.18009,-0.08538
1480.75492,-0.08572
1479.32974,-0.08589
1477.90457,-0.08598
1476.47940,-0.08604
1475.05422,-0.08602
1473.62905,-0.08584
1472.20388,-0.08555
1470.77870,-0.08552
1469.35353,-0.08594
1467.92836,-0.08662
1466.50319,-0.08723
1465.07801,-0.08756
1463.65284,-0.08770
1462.22767,-0.08788
1460.80249,-0.08809
1459.37732,-0.08800
1457.95215,-0.08708
1456.52697,-0.08550
1455.10180,-0.08421
1453.67663,-0.08344
1452.25145,-0.08276
1450.82628,-0.08186
1449.40111,-0.08055
1447.97593,-0.07885
1446.55076,-0.07701
1445.12559,-0.07530
1443.70041,-0.07372
1442.27524,-0.07223
1440.85007,-0.07088
1439.42490,-0.06958
1437.99972,-0.06800
1436.57455,-0.06606
1435.14938,-0.06442
1433.72420,-0.06340
1432.29903,-0.06266
1430.87386,-0.06187
1429.44868,-0.06106
1428.02351,-0.06039
1426.59834,-0.05982
1425.17316,-0.05922
1423.74799,-0.05859
1422.32282,-0.05796
1420.89764,-0.05718
1419.47247,-0.05599
1418.04730,-0.05462
1416.62212,-0.05355
1415.19695,-0.05275
1413.77178,-0.05198
1412.34660,-0.05115
1410.92143,-0.05026
1409.49626,-0.04935
1408.07109,-0.04844
1406.64591,-0.04751
1405.22074,-0.04650
1403.79557,-0.04549
1402.37039,-0.04460
1400.94522,-0.04378
1399.52005,-0.04295
1398.09487,-0.04205
1396.66970,-0.04102
1395.24453,-0.03986
1393.81935,-0.03877
1392.39418,-0.03789
1390.96901,-0.03718
1389.54383,-0.03643
1388.11866,-0.03556
1386.69349,-0.03470
1385.26831,-0.03400
1383.84314,-0.03345
1382.41797,-0.03291
1380.99280,-0.03230
1379.56762,-0.03164
1378.14245,-0.03098
1376.71728,-0.03032
1375.29210,-0.02963
1373.86693,-0.02893
1372.44176,-0.02832
1371.01658,-0.02787
1369.59141,-0.02754
1368.16624,-0.02728
1366.74106,-0.02710
1365.31589,-0.02697
1363.89072,-0.02687
1362.46554,-0.02677
1361.04037,-0.02670
1359.61520,-0.02668
1358.19002,-0.02672
1356.76485,-0.02678
1355.33968,-0.02682
1353.91451,-0.02688
1352.48933,-0.02700
1351.06416,-0.02718
1349.63899,-0.02740
1348.21381,-0.02766
1346.78864,-0.02793
1345.36347,-0.02824
1343.93829,-0.02861
1342.51312,-0.02905
1341.08795,-0.02957
1339.66277,-0.03016
1338.23760,-0.03080
1336.81243,-0.03147
1335.38725,-0.03215
1333.96208,-0.03281
1332.53691,-0.03348
1331.11173,-0.03419
1329.68656,-0.03495
1328.26139,-0.03576
1326.83622,-0.03658
1325.41104,-0.03738
1323.98587,-0.03815
1322.56070,-0.03892
1321.13552,-0.03970
1319.71035,-0.04051
1318.28518,-0.04130
1316.86000,-0.04209
1315.43483,-0.04289
1314.00966,-0.04375
1312.58448,-0.04472
1311.15931,-0.04576
1309.73414,-0.04682
1308.30896,-0.04785
1306.88379,-0.04884
1305.45862,-0.04986
1304.03344,-0.05094
1302.60827,-0.05212
1301.18310,-0.05338
1299.75793,-0.05473
1298.33275,-0.05620
1296.90758,-0.05783
1295.48241,-0.05958
1294.05723,-0.06143
1292.63206,-0.06336
1291.20689,-0.06539
1289.78171,-0.06754
1288.35654,-0.06986
1286.93137,-0.07233
1285.50619,-0.07492
1284.08102,-0.07766
1282.65585,-0.08068
1281.23067,-0.08400
1279.80550,-0.08754
1278.38033,-0.09125
1276.95515,-0.09521
1275.52998,-0.09953
1274.10481,-0.10422
1272.67963,-0.10930
1271.25446,-0.11483
1269.82929,-0.12095
1268.40412,-0.12777
1266.97894,-0.13528
1265.55377,-0.14345
1264.12860,-0.15233
1262.70342,-0.16203
1261.27825,-0.17274
1259.85308,-0.18457
1258.42790,-0.19750
1257.00273,-0.21152
1255.57756,-0.22660
1254.15238,-0.24275
1252.72721,-0.25993
1251.30204,-0.27800
1249.87686,-0.29672
1248.45169,-0.31591
1247.02652,-0.33544
1245.60134,-0.35498
1244.17617,-0.37407
1242.75100,-0.39209
1241.32583,-0.40832
1239.90065,-0.42219
1238.47548,-0.43375
1237.05031,-0.44361
1235.62513,-0.45244
1234.19996,-0.46026
1232.77479,-0.46657
1231.34961,-0.47105
1229.92444,-0.47381
1228.49927,-0.47508
1227.07409,-0.47536
1225.64892,-0.47521
1224.22375,-0.47496
1222.79857,-0.47465
1221.37340,-0.47430
1219.94823,-0.47361
1218.52305,-0.47223
1217.09788,-0.47044
1215.67271,-0.46900
1214.24754,-0.46838
1212.82236,-0.46836
1211.39719,-0.46837
1209.97202,-0.46820
1208.54684,-0.46816
1207.12167,-0.46866
1205.69650,-0.46981
1204.27132,-0.47159
1202.84615,-0.47370
1201.42098,-0.47566
1199.99580,-0.47746
1198.57063,-0.47968
1197.14546,-0.48258
1195.72028,-0.48557
1194.29511,-0.48785
1192.86994,-0.48911
1191.44476,-0.48979
1190.01959,-0.49045
1188.59442,-0.49090
1187.16925,-0.49016
1185.74407,-0.48763
1184.31890,-0.48365
1182.89373,-0.47890
1181.46855,-0.47332
1180.04338,-0.46599
1178.61821,-0.45620
1177.19303,-0.44445
1175.76786,-0.43173
1174.34269,-0.41848
1172.91751,-0.40479
1171.49234,-0.39087
1170.06717,-0.37690
1168.64199,-0.36289
1167.21682,-0.34895
1165.79165,-0.33540
1164.36647,-0.32258
1162.94130,-0.31045
1161.51613,-0.29861
1160.09096,-0.28685
1158.66578,-0.27551
1157.24061,-0.26508
1155.81544,-0.25559
1154.39026,-0.24679
1152.96509,-0.23850
1151.53992,-0.23074
1150.11474,-0.22353
1148.68957,-0.21689
1147.26440,-0.21086
1145.83922,-0.20546
1144.41405,-0.20047
1142.98888,-0.19556
1141.56370,-0.19077
1140.13853,-0.18641
1138.71336,-0.18263
1137.28818,-0.17916
1135.86301,-0.17568
1134.43784,-0.17218
1133.01266,-0.16882
1131.58749,-0.16570
1130.16232,-0.16283
1128.73715,-0.16035
1127.31197,-0.15843
1125.88680,-0.15694
1124.46163,-0.15537
1123.03645,-0.15335
1121.61128,-0.15105
1120.18611,-0.14884
1118.76093,-0.14690
1117.33576,-0.14506
1115.91059,-0.14314
1114.48541,-0.14123
1113.06024,-0.13961
1111.63507,-0.13850
1110.20989,-0.13776
1108.78472,-0.13699
1107.35955,-0.13582
1105.93437,-0.13422
1104.50920,-0.13239
1103.08403,-0.13064
1101.65886,-0.12918
1100.23368,-0.12814
1098.80851,-0.12750
1097.38334,-0.12711
1095.95816,-0.12674
1094.53299,-0.12614
1093.10782,-0.12519
1091.68264,-0.12394
1090.25747,-0.12263
1088.83230,-0.12145
1087.40712,-0.12035
1085.98195,-0.11923
1084.55678,-0.11814
1083.13160,-0.11716
1081.70643,-0.11627
1080.28126,-0.11552
1078.85608,-0.11507
1077.43091,-0.11498
1076.00574,-0.11502
1074.58057,-0.11490
1073.15539,-0.11448
1071.73022,-0.11380
1070.30505,-0.11298
1068.87987,-0.11214
1067.45470,-0.11145
1066.02953,-0.11112
1064.60435,-0.11131
1063.17918,-0.11188
1061.75401,-0.11232
1060.32883,-0.11208
1058.90366,-0.11111
1057.47849,-0.11000
1056.05331,-0.10942
1054.62814,-0.10965
1053.20297,-0.11034
1051.77779,-0.11088
1050.35262,-0.11087
1048.92745,-0.11062
1047.50228,-0.11075
1046.07710,-0.11133
1044.65193,-0.11186
1043.22676,-0.11208
1041.80158,-0.11221
1040.37641,-0.11244
1038.95124,-0.11253
1037.52606,-0.11212
1036.10089,-0.11141
1034.67572,-0.11109
1033.25054,-0.11157
1031.82537,-0.11241
1030.40020,-0.11295
1028.97502,-0.11297
1027.54985,-0.11274
1026.12468,-0.11272
1024.69950,-0.11313
1023.27433,-0.11362
1021.84916,-0.11348
1020.42399,-0.11271
1018.99881,-0.11207
1017.57364,-0.11215
1016.14847,-0.11272
1014.72329,-0.11329
1013.29812,-0.11370
1011.87295,-0.11414
1010.44777,-0.11488
1009.02260,-0.11607
1007.59743,-0.11752
1006.17225,-0.11830
1004.74708,-0.11727
1003.32191,-0.11454
1001.89673,-0.11210
1000.47156,-0.11177
999.04639,-0.11308
997.62121,-0.11428
996.19604,-0.11474
994.77087,-0.11520
993.34569,-0.11615
991.92052,-0.11708
990.49535,-0.11733
989.07018,-0.11705
987.64500,-0.11683
986.21983,-0.11623
984.79466,-0.11364
983.36948,-0.10889
981.94431,-0.10484
980.51914,-0.10463
979.09396,-0.10851
977.66879,-0.11447
976.24362,-0.12004
974.81844,-0.12269
973.39327,-0.12094
971.96810,-0.11650
970.54292,-0.11291
969.11775,-0.11177
967.69258,-0.11255
966.26740,-0.11564
964.84223,-0.12170
963.41706,-0.12781
961.99189,-0.12848
960.56671,-0.12208
959.14154,-0.11360
957.71637,-0.11019
956.29119,-0.11441
954.86602,-0.12214
953.44085,-0.12808
952.01567,-0.13171
950.59050,-0.13455
949.16533,-0.13456
947.74015,-0.12822
946.31498,-0.11726
944.88981,-0.10894
943.46463,-0.10969
942.03946,-0.11765
940.61429,-0.12202
939.18911,-0.11562
937.76394,-0.10671
936.33877,-0.10553
934.91360,-0.10455
933.48842,-0.08870
932.06325,-0.06028
930.63808,-0.03625
929.21290,-0.02556
927.78773,-0.02137
926.36256,-0.01286
924.93738,-0.00094
923.51221,0.00268
922.08704,-0.00974
920.66186,-0.02906
919.23669,-0.02140
917.81152,0.04324
916.38634,0.12064
914.96117,0.09709
913.53600,-0.06641
912.11082,-0.32179
910.68565,-0.40293
909.26048,-0.33288
907.83531,-0.20299
906.41013,0.03108
904.98496,0.14136
903.55979,0.08431
902.13461,-0.01096
900.70944,0.08050
899.28427,0.01868
897.85909,-0.16172
896.43392,-0.27181
895.00875,-0.30786
893.58357,-0.28154
892.15840,-0.04681
890.73323,0.08780
889.30805,0.07575
887.88288,-0.03248
886.45771,-0.00433
885.03253,0.12853
883.60736,0.08392
882.18219,0.01708
880.75701,0.04595
879.33184,0.06695
877.90667,-0.03803
876.48150,-0.19798
875.05632,-0.17222
873.63115,-0.05369
872.20598,0.11314
870.78080,-0.17674
869.35563,-0.25688
867.93046,-0.14760
866.50528,-0.11909
865.08011,-0.01600
863.65494,0.48897
862.22976,0.27880
860.80459,0.05335
859.37942,-0.16828
857.95424,-0.01821
856.52907,0.03687
855.10390,-0.15247
853.67872,-0.06368
852.25355,-0.02166
850.82838,-0.14468
849.40321,-0.29159
847.97803,-0.09712
846.55286,0.20230
845.12769,0.17193
843.70251,0.05849
842.27734,-0.30045
840.85217,-0.11612
839.42699,-0.11289
838.00182,-0.34896
836.57665,-0.41107
835.15147,-0.31779
833.72630,-0.08517
832.30113,0.18715
830.87595,0.17459
829.45078,0.08085
828.02561,-0.07549
826.60043,-0.30256
825.17526,-0.35416
823.75009,-0.05165
822.32492,0.19471
820.89974,0.38627
819.47457,-0.10302
818.04940,-0.12749
816.62422,0.26086
815.19905,0.29052
813.77388,0.13416
812.34870,-0.04680
810.92353,-0.22514
809.49836,-0.08351
808.07318,0.35450
806.64801,0.50338
805.22284,0.52840
803.79766,0.18150
802.37249,0.12031
800.94732,-0.00974
799.52214,-0.10761
798.09697,-0.00498
796.67180,0.15327
795.24663,-0.00980
793.82145,-0.04008
792.39628,-0.02052
790.97111,-0.00476
789.54593,0.08764
788.12076,-0.26864
786.69559,0.01953
785.27041,0.29793
783.84524,0.02996
782.42007,-0.36058
780.99489,-0.50928
779.56972,-0.35268
778.14455,0.22866
776.71937,-0.03249
775.29420,-0.08494
773.86903,-0.05173
772.44385,0.02001
771.01868,0.07120
769.59351,-0.11040
768.16834,-0.26889
766.74316,-0.34687
765.31799,-0.52819
763.89282,-0.28528
762.46764,0.12776
761.04247,0.33059
759.61730,0.06761
758.19212,-0.11388
756.76695,-0.04286
755.34178,-0.01766
753.91660,0.01842
752.49143,0.05146
751.06626,0.05138
749.64108,0.11741
748.21591,0.34518
746.79074,0.27488
745.36556,0.10419
743.94039,-0.07435
742.51522,-0.14493
741.09004,-0.27759
739.66487,-0.07614
738.23970,0.17955
736.81453,0.11034
735.38935,-0.10762
733.96418,-0.06235
732.53901,0.07097
731.11383,-0.03065
729.68866,-0.18048
728.26349,-0.31946
726.83831,-0.24446
725.41314,-0.15581
723.98797,-0.24499
722.56279,-0.35113
721.13762,0.01072
719.71245,0.37516
718.28727,0.67628
716.86210,0.18263
715.43693,-0.05239
714.01175,-0.13216
712.58658,-0.09862
711.16141,-0.01435
709.73624,0.06014
708.31106,0.16217
706.88589,0.12270
705.46072,0.09916
704.03554,-0.04253
702.61037,-0.03588
701.18520,0.25156
699.76002,0.22399
698.33485,0.04992
696.90968,-0.00336
695.48450,0.10045
694.05933,0.27792
692.63416,0.14201
691.20898,-0.04679
689.78381,0.13237
688.35864,0.32263
686.93346,0.50441
685.50829,0.87656
684.08312,0.78070
682.65795,0.43997
681.23277,0.08989
679.80760,-0.06642
678.38243,-0.19718
676.95725,-0.15480
675.53208,-0.04489
674.10691,-0.20439
672.68173,-0.35795
671.25656,-0.26624
669.83139,-0.03732
668.40621,-0.05640
666.98104,-0.21196
665.55587,-0.30957
664.13069,-0.07117
662.70552,0.12988
661.28035,-0.05443
659.85517,-0.34536
658.43000,-0.35627
657.00483,-0.31322
655.57966,-0.22605
654.15448,-0.12952
652.72931,-0.02495
651.30414,-0.07845
649.87896,-0.24576
648.45379,-0.49802
647.02862,-0.47231
645.60344,-0.04853
644.17827,0.84132
642.75310,0.64449
641.32792,0.29566
639.90275,0.09480
638.47758,-0.05569
637.05240,-0.09997
635.62723,-0.21891
634.20206,-0.20928
632.77688,-0.09351
631.35171,-0.14278
629.92654,-0.21730
628.50137,-0.15491
627.07619,-0.07484
625.65102,-0.22677
624.22585,-0.39682
622.80067,-0.01521
621.37550,0.33230
619.95033,0.30388
618.52515,0.22050
617.09998,0.11553
615.67481,-0.10399
614.24963,-0.28913
612.82446,-0.38803
611.39929,-0.45796
609.97411,-0.26508
608.54894,-0.10205
607.12377,0.10275
605.69859,0.27446
604.27342,0.39401
602.84825,0.29755
601.42307,0.36889
599.99790,0.07747
598.57273,0.00775
597.14756,0.10124
595.72238,-0.05739
594.29721,-0.32695
592.87204,-0.26666
591.44686,-0.02474
590.02169,0.05569
588.59652,0.10493
587.17134,0.15215
585.74617,0.12844
584.32100,0.21168
582.89582,0.51356
581.47065,0.17224
580.04548,0.04440
578.62030,0.01235
577.19513,0.06857
575.76996,0.21342
574.34478,0.69480
572.91961,0.33506
571.49444,-0.00111
570.06927,-0.10334
568.64409,-0.02281
567.21892,0.06560
565.79375,-0.06260
564.36857,-0.15205
562.94340,-0.12344
561.51823,-0.16509
560.09305,-0.17735
558.66788,-0.04757
557.24271,-0.01199
555.81753,-0.18262
554.39236,-0.31595
552.96719,-0.05722
551.54201,0.18478
550.11684,0.25074
548.69167,0.25385
547.26649,0.08151
545.84132,-0.27325
544.41615,-0.39476
542.99098,-0.27640
541.56580,0.00006
540.14063,0.23796
538.71546,0.12207
537.29028,0.08463
535.86511,0.12543
534.43994,0.04945
533.01476,-0.25103
531.58959,-0.30682
530.16442,-0.25786
528.73924,-0.31661
527.31407,-0.43564
525.88890,-0.46916
524.46372,-0.34722
523.03855,0.05975
521.61338,0.29463
520.18820,0.21307
518.76303,0.16009
517.33786,0.14101
515.91269,0.13432
514.48751,0.22078
513.06234,0.61632
511.63717,0.52050
510.21199,0.14681
508.78682,-0.03917
507.36165,-0.16196
505.93647,-0.18657
504.51130,-0.17460
503.08613,-0.11850
501.66095,-0.02633
500.23578,0.17540
498.81061,-0.03157
497.38543,-0.13400
495.96026,-0.14563
494.53509,-0.09348
493.10991,-0.11940
491.68474,-0.15356
490.25957,-0.10235
488.83440,0.06288
487.40922,0.13757
485.98405,0.05132
484.55888,0.04108
483.13370,0.01322
481.70853,-0.06601
480.28336,-0.12721
478.85818,0.06016
477.43301,0.29624
476.00784,0.30856
474.58266,0.45948
473.15749,0.43814
471.73232,0.33627
470.30714,0.23772
468.88197,0.17531
467.45680,-0.02086
466.03162,0.07963
464.60645,0.13861
463.18128,0.15425
461.75610,0.08167
460.33093,-0.02985
458.90576,-0.38697
457.48059,-0.32766
456.05541,-0.23781
454.63024,-0.17526
453.20507,-0.06543
451.77989,0.09351
450.35472,0.25357
448.92955,0.37115
447.50437,0.30820
446.07920,0.08005
444.65403,-0.27827
443.22885,-0.45918
441.80368,-0.31164
440.37851,-0.12328
438.95333,0.04721
437.52816,0.18442
436.10299,0.08675
434.67781,-0.05766
433.25264,-0.08012
431.82747,-0.07852
430.40230,-0.14551
428.97712,-0.23268
427.55195,-0.21605
426.12678,-0.09969
424.70160,0.13541
423.27643,0.29450
421.85126,0.31421
420.42608,0.26152
419.00091,0.17067
417.57574,0.09213
416.15056,-0.02356
414.72539,-0.21608
413.30022,-0.17356
411.87504,-0.09115
410.44987,-0.04275
409.02470,-0.06583
407.59952,-0.14962
406.17435,-0.41125
404.74918,-0.28495
403.32401,-0.02877
401.89883,0.04051
400.47366,-0.19873
399.04849,-0.27690
