3997.61072,0.00486
3996.18555,0.00489
3994.76038,0.00488
3993.33520,0.00485
3991.91003,0.00480
3990.48486,0.00475
3989.05968,0.00470
3987.63451,0.00467
3986.20934,0.00467
3984.78416,0.00469
3983.35899,0.00473
3981.93382,0.00477
3980.50865,0.00480
3979.08347,0.00478
3977.65830,0.00472
3976.23313,0.00463
3974.80795,0.00455
3973.38278,0.00447
3971.95761,0.00440
3970.53243,0.00433
3969.10726,0.00428
3967.68209,0.00423
3966.25691,0.00417
3964.83174,0.00408
3963.40657,0.00398
3961.98139,0.00387
3960.55622,0.00374
3959.13105,0.00360
3957.70587,0.00349
3956.28070,0.00342
3954.85553,0.00336
3953.43036,0.00327
3952.00518,0.00313
3950.58001,0.00299
3949.15484,0.00286
3947.72966,0.00273
3946.30449,0.00258
3944.87932,0.00241
3943.45414,0.00225
3942.02897,0.00210
3940.60380,0.00197
3939.17862,0.00184
3937.75345,0.00170
3936.32828,0.00154
3934.90310,0.00138
3933.47793,0.00123
3932.05276,0.00108
3930.62758,0.00090
3929.20241,0.00066
3927.77724,0.00041
3926.35207,0.00017
3924.92689,-0.00003
3923.50172,-0.00027
3922.07655,-0.00060
3920.65137,-0.00100
3919.22620,-0.00140
3917.80103,-0.00175
3916.37585,-0.00204
3914.95068,-0.00234
3913.52551,-0.00268
3912.10033,-0.00302
3910.67516,-0.00338
3909.24999,-0.00377
3907.82481,-0.00417
3906.39964,-0.00454
3904.97447,-0.00485
3903.54929,-0.00513
3902.12412,-0.00541
3900.69895,-0.00571
3899.27378,-0.00605
3897.84860,-0.00645
3896.42343,-0.00690
3894.99826,-0.00730
3893.57308,-0.00753
3892.14791,-0.00763
3890.72274,-0.00778
3889.29756,-0.00808
3887.87239,-0.00840
3886.44722,-0.00864
3885.02204,-0.00890
3883.59687,-0.00926
3882.17170,-0.00961
3880.74652,-0.00984
3879.32135,-0.01001
3877.89618,-0.01021
3876.47100,-0.01043
3875.04583,-0.01059
3873.62066,-0.01070
3872.19548,-0.01078
3870.77031,-0.01080
3869.34514,-0.01078
3867.91997,-0.01079
3866.49479,-0.01082
3865.06962,-0.01082
3863.64445,-0.01081
3862.21927,-0.01088
3860.79410,-0.01102
3859.36893,-0.01117
3857.94375,-0.01132
3856.51858,-0.01141
3855.09341,-0.01124
3853.66823,-0.01079
3852.24306,-0.01048
3850.81789,-0.01051
3849.39271,-0.01066
3847.96754,-0.01073
3846.54237,-0.01068
3845.11719,-0.01053
3843.69202,-0.01036
3842.26685,-0.01028
3840.84168,-0.01030
3839.41650,-0.01030
3837.99133,-0.01019
3836.56616,-0.01007
3835.14098,-0.01000
3833.71581,-0.00989
3832.29064,-0.00968
3830.86546,-0.00941
3829.44029,-0.00914
3828.01512,-0.00889
3826.58994,-0.00870
3825.16477,-0.00861
3823.73960,-0.00854
3822.31442,-0.00831
3820.88925,-0.00798
3819.46408,-0.00780
3818.03890,-0.00770
3816.61373,-0.00751
3815.18856,-0.00726
3813.76339,-0.00710
3812.33821,-0.00701
3810.91304,-0.00687
3809.48787,-0.00663
3808.06269,-0.00626
3806.63752,-0.00587
3805.21235,-0.00565
3803.78717,-0.00554
3802.36200,-0.00536
3800.93683,-0.00509
3799.51165,-0.00486
3798.08648,-0.00468
3796.66131,-0.00451
3795.23613,-0.00439
3793.81096,-0.00432
3792.38579,-0.00424
3790.96061,-0.00411
3789.53544,-0.00394
3788.11027,-0.00376
3786.68510,-0.00357
3785.25992,-0.00339
3783.83475,-0.00324
3782.40958,-0.00311
3780.98440,-0.00297
3779.55923,-0.00280
3778.13406,-0.00268
3776.70888,-0.00266
3775.28371,-0.00267
3773.85854,-0.00263
3772.43336,-0.00251
3771.00819,-0.00237
3769.58302,-0.00228
3768.15784,-0.00224
3766.73267,-0.00220
3765.30750,-0.00215
3763.88232,-0.00216
3762.45715,-0.00222
3761.03198,-0.00222
3759.60681,-0.00216
3758.18163,-0.00213
3756.75646,-0.00218
3755.33129,-0.00225
3753.90611,-0.00224
3752.48094,-0.00211
3751.05577,-0.00194
3749.63059,-0.00189
3748.20542,-0.00198
3746.78025,-0.00205
3745.35507,-0.00201
3743.92990,-0.00195
3742.50473,-0.00200
3741.07955,-0.00212
3739.65438,-0.00219
3738.22921,-0.00215
3736.80403,-0.00201
3735.37886,-0.00185
3733.95369,-0.00176
3732.52851,-0.00177
3731.10334,-0.00185
3729.67817,-0.00194
3728.25300,-0.00198
3726.82782,-0.00196
3725.40265,-0.00189
3723.97748,-0.00181
3722.55230,-0.00169
3721.12713,-0.00158
3719.70196,-0.00153
3718.27678,-0.00152
3716.85161,-0.00151
3715.42644,-0.00147
3714.00126,-0.00138
3712.57609,-0.00128
3711.15092,-0.00123
3709.72574,-0.00125
3708.30057,-0.00129
3706.87540,-0.00134
3705.45022,-0.00140
3704.02505,-0.00143
3702.59988,-0.00139
3701.17471,-0.00131
3699.74953,-0.00128
3698.32436,-0.00131
3696.89919,-0.00139
3695.47401,-0.00152
3694.04884,-0.00165
3692.62367,-0.00172
3691.19849,-0.00175
3689.77332,-0.00180
3688.34815,-0.00195
3686.92297,-0.00217
3685.49780,-0.00238
3684.07263,-0.00255
3682.64745,-0.00270
3681.22228,-0.00286
3679.79711,-0.00306
3678.37193,-0.00326
3676.94676,-0.00340
3675.52159,-0.00354
3674.09642,-0.00381
3672.67124,-0.00417
3671.24607,-0.00456
3669.82090,-0.00499
3668.39572,-0.00548
3666.97055,-0.00599
3665.54538,-0.00648
3664.12020,-0.00692
3662.69503,-0.00735
3661.26986,-0.00779
3659.84468,-0.00828
3658.41951,-0.00883
3656.99434,-0.00945
3655.56916,-0.01009
3654.14399,-0.01068
3652.71882,-0.01121
3651.29364,-0.01169
3649.86847,-0.01217
3648.44330,-0.01277
3647.01813,-0.01351
3645.59295,-0.01430
3644.16778,-0.01507
3642.74261,-0.01583
3641.31743,-0.01661
3639.89226,-0.01741
3638.46709,-0.01823
3637.04191,-0.01904
3635.61674,-0.01985
3634.19157,-0.02067
3632.76639,-0.02149
3631.34122,-0.02221
3629.91605,-0.02281
3628.49087,-0.02342
3627.06570,-0.02422
3625.64053,-0.02516
3624.21535,-0.02614
3622.79018,-0.02706
3621.36501,-0.02788
3619.93984,-0.02862
3618.51466,-0.02937
3617.08949,-0.03018
3615.66432,-0.03100
3614.23914,-0.03180
3612.81397,-0.03261
3611.38880,-0.03346
3609.96362,-0.03429
3608.53845,-0.03505
3607.11328,-0.03582
3605.68810,-0.03666
3604.26293,-0.03757
3602.83776,-0.03847
3601.41258,-0.03932
3599.98741,-0.04017
3598.56224,-0.04104
3597.13706,-0.04188
3595.71189,-0.04265
3594.28672,-0.04348
3592.86154,-0.04449
3591.43637,-0.04564
3590.01120,-0.04671
3588.58603,-0.04754
3587.16085,-0.04826
3585.73568,-0.04918
3584.31051,-0.05034
3582.88533,-0.05153
3581.46016,-0.05264
3580.03499,-0.05373
3578.60981,-0.05487
3577.18464,-0.05603
3575.75947,-0.05717
3574.33429,-0.05829
3572.90912,-0.05950
3571.48395,-0.06081
3570.05877,-0.06209
3568.63360,-0.06317
3567.20843,-0.06409
3565.78325,-0.06515
3564.35808,-0.06649
3562.93291,-0.06798
3561.50774,-0.06945
3560.08256,-0.07089
3558.65739,-0.07237
3557.23222,-0.07387
3555.80704,-0.07537
3554.38187,-0.07684
3552.95670,-0.07832
3551.53152,-0.07980
3550.10635,-0.08129
3548.68118,-0.08270
3547.25600,-0.08398
3545.83083,-0.08523
3544.40566,-0.08658
3542.98048,-0.08805
3541.55531,-0.08965
3540.13014,-0.09134
3538.70496,-0.09304
3537.27979,-0.09468
3535.85462,-0.09625
3534.42945,-0.09772
3533.00427,-0.09910
3531.57910,-0.10047
3530.15393,-0.10189
3528.72875,-0.10330
3527.30358,-0.10466
3525.87841,-0.10601
3524.45323,-0.10735
3523.02806,-0.10868
3521.60289,-0.11000
3520.17771,-0.11129
3518.75254,-0.11258
3517.32737,-0.11389
3515.90219,-0.11521
3514.47702,-0.11653
3513.05185,-0.11787
3511.62667,-0.11917
3510.20150,-0.12041
3508.77633,-0.12157
3507.35116,-0.12271
3505.92598,-0.12381
3504.50081,-0.12483
3503.07564,-0.12586
3501.65046,-0.12707
3500.22529,-0.12847
3498.80012,-0.12983
3497.37494,-0.13096
3495.94977,-0.13192
3494.52460,-0.13289
3493.09942,-0.13393
3491.67425,-0.13502
3490.24908,-0.13611
3488.82390,-0.13717
3487.39873,-0.13826
3485.97356,-0.13938
3484.54838,-0.14045
3483.12321,-0.14138
3481.69804,-0.14216
3480.27287,-0.14293
3478.84769,-0.14393
3477.42252,-0.14515
3475.99735,-0.14636
3474.57217,-0.14739
3473.14700,-0.14823
3471.72183,-0.14894
3470.29665,-0.14965
3468.87148,-0.15049
3467.44631,-0.15150
3466.02113,-0.15263
3464.59596,-0.15381
3463.17079,-0.15492
3461.74561,-0.15588
3460.32044,-0.15678
3458.89527,-0.15771
3457.47009,-0.15861
3456.04492,-0.15937
3454.61975,-0.16000
3453.19457,-0.16058
3451.76940,-0.16113
3450.34423,-0.16159
3448.91906,-0.16188
3447.49388,-0.16206
3446.06871,-0.16235
3444.64354,-0.16282
3443.21836,-0.16338
3441.79319,-0.16383
3440.36802,-0.16398
3438.94284,-0.16378
3437.51767,-0.16349
3436.09250,-0.16339
3434.66732,-0.16352
3433.24215,-0.16373
3431.81698,-0.16383
3430.39180,-0.16377
3428.96663,-0.16353
3427.54146,-0.16317
3426.11628,-0.16275
3424.69111,-0.16239
3423.26594,-0.16207
3421.84077,-0.16164
3420.41559,-0.16103
3418.99042,-0.16027
3417.56525,-0.15938
3416.14007,-0.15837
3414.71490,-0.15733
3413.28973,-0.15633
3411.86455,-0.15540
3410.43938,-0.15444
3409.01421,-0.15344
3407.58903,-0.15244
3406.16386,-0.15144
3404.73869,-0.15032
3403.31351,-0.14903
3401.88834,-0.14771
3400.46317,-0.14651
3399.03799,-0.14538
3397.61282,-0.14421
3396.18765,-0.14296
3394.76248,-0.14173
3393.33730,-0.14059
3391.91213,-0.13953
3390.48696,-0.13846
3389.06178,-0.13729
3387.63661,-0.13604
3386.21144,-0.13476
3384.78626,-0.13347
3383.36109,-0.13219
3381.93592,-0.13098
3380.51074,-0.12984
3379.08557,-0.12873
3377.66040,-0.12758
3376.23522,-0.12646
3374.81005,-0.12537
3373.38488,-0.12416
3371.95970,-0.12275
3370.53453,-0.12130
3369.10936,-0.11998
3367.68419,-0.11883
3366.25901,-0.11778
3364.83384,-0.11675
3363.40867,-0.11572
3361.98349,-0.11464
3360.55832,-0.11349
3359.13315,-0.11233
3357.70797,-0.11121
3356.28280,-0.11012
3354.85763,-0.10895
3353.43245,-0.10765
3352.00728,-0.10632
3350.58211,-0.10510
3349.15693,-0.10400
3347.73176,-0.10288
3346.30659,-0.10166
3344.88141,-0.10037
3343.45624,-0.09902
3342.03107,-0.09761
3340.60590,-0.09623
3339.18072,-0.09502
3337.75555,-0.09399
3336.33038,-0.09303
3334.90520,-0.09202
3333.48003,-0.09089
3332.05486,-0.08960
3330.62968,-0.08818
3329.20451,-0.08673
3327.77934,-0.08535
3326.35416,-0.08406
3324.92899,-0.08282
3323.50382,-0.08156
3322.07864,-0.08027
3320.65347,-0.07898
3319.22830,-0.07770
3317.80312,-0.07639
3316.37795,-0.07507
3314.95278,-0.07375
3313.52760,-0.07241
3312.10243,-0.07103
3310.67726,-0.06962
3309.25209,-0.06824
3307.82691,-0.06695
3306.40174,-0.06575
3304.97657,-0.06462
3303.55139,-0.06352
3302.12622,-0.06243
3300.70105,-0.06132
3299.27587,-0.06019
3297.85070,-0.05905
3296.42553,-0.05796
3295.00035,-0.05695
3293.57518,-0.05602
3292.15001,-0.05510
3290.72483,-0.05415
3289.29966,-0.05318
3287.87449,-0.05221
3286.44931,-0.05130
3285.02414,-0.05049
3283.59897,-0.04978
3282.17380,-0.04908
3280.74862,-0.04833
3279.32345,-0.04752
3277.89828,-0.04671
3276.47310,-0.04598
3275.04793,-0.04532
3273.62276,-0.04468
3272.19758,-0.04406
3270.77241,-0.04350
3269.34724,-0.04301
3267.92206,-0.04254
3266.49689,-0.04206
3265.07172,-0.04155
3263.64654,-0.04105
3262.22137,-0.04057
3260.79620,-0.04011
3259.37102,-0.03964
3257.94585,-0.03915
3256.52068,-0.03868
3255.09551,-0.03826
3253.67033,-0.03788
3252.24516,-0.03749
3250.81999,-0.03705
3249.39481,-0.03658
3247.96964,-0.03614
3246.54447,-0.03573
3245.11929,-0.03533
3243.69412,-0.03491
3242.26895,-0.03449
3240.84377,-0.03411
3239.41860,-0.03377
3237.99343,-0.03340
3236.56825,-0.03293
3235.14308,-0.03239
3233.71791,-0.03190
3232.29273,-0.03156
3230.86756,-0.03132
3229.44239,-0.03107
3228.01722,-0.03072
3226.59204,-0.03027
3225.16687,-0.02980
3223.74170,-0.02932
3222.31652,-0.02886
3220.89135,-0.02840
3219.46618,-0.02795
3218.04100,-0.02753
3216.61583,-0.02713
3215.19066,-0.02673
3213.76548,-0.02631
3212.34031,-0.02588
3210.91514,-0.02547
3209.48996,-0.02504
3208.06479,-0.02458
3206.63962,-0.02411
3205.21444,-0.02363
3203.78927,-0.02315
3202.36410,-0.02268
3200.93893,-0.02225
3199.51375,-0.02186
3198.08858,-0.02152
3196.66341,-0.02117
3195.23823,-0.02077
3193.81306,-0.02036
3192.38789,-0.01996
3190.96271,-0.01958
3189.53754,-0.01921
3188.11237,-0.01883
3186.68719,-0.01849
3185.26202,-0.01817
3183.83685,-0.01785
3182.41167,-0.01747
3180.98650,-0.01708
3179.56133,-0.01674
3178.13615,-0.01646
3176.71098,-0.01624
3175.28581,-0.01602
3173.86063,-0.01579
3172.43546,-0.01557
3171.01029,-0.01538
3169.58512,-0.01520
3168.15994,-0.01505
3166.73477,-0.01493
3165.30960,-0.01486
3163.88442,-0.01480
3162.45925,-0.01473
3161.03408,-0.01464
3159.60890,-0.01454
3158.18373,-0.01445
3156.75856,-0.01437
3155.33338,-0.01431
3153.90821,-0.01426
3152.48304,-0.01424
3151.05786,-0.01422
3149.63269,-0.01419
3148.20752,-0.01413
3146.78234,-0.01408
3145.35717,-0.01406
3143.93200,-0.01406
3142.50683,-0.01401
3141.08165,-0.01391
3139.65648,-0.01381
3138.23131,-0.01375
3136.80613,-0.01371
3135.38096,-0.01368
3133.95579,-0.01363
3132.53061,-0.01355
3131.10544,-0.01343
3129.68027,-0.01326
3128.25509,-0.01308
3126.82992,-0.01290
3125.40475,-0.01273
3123.97957,-0.01258
3122.55440,-0.01244
3121.12923,-0.01230
3119.70405,-0.01216
3118.27888,-0.01201
3116.85371,-0.01183
3115.42854,-0.01164
3114.00336,-0.01145
3112.57819,-0.01128
3111.15302,-0.01111
3109.72784,-0.01095
3108.30267,-0.01080
3106.87750,-0.01068
3105.45232,-0.01055
3104.02715,-0.01041
3102.60198,-0.01024
3101.17680,-0.01009
3099.75163,-0.00997
3098.32646,-0.00984
3096.90128,-0.00969
3095.47611,-0.00954
3094.05094,-0.00944
3092.62576,-0.00939
3091.20059,-0.00936
3089.77542,-0.00929
3088.35025,-0.00918
3086.92507,-0.00907
3085.49990,-0.00900
3084.07473,-0.00899
3082.64955,-0.00901
3081.22438,-0.00905
3079.79921,-0.00907
3078.37403,-0.00905
3076.94886,-0.00900
3075.52369,-0.00893
3074.09851,-0.00885
3072.67334,-0.00879
3071.24817,-0.00874
3069.82299,-0.00871
3068.39782,-0.00870
3066.97265,-0.00872
3065.54747,-0.00875
3064.12230,-0.00878
3062.69713,-0.00880
3061.27196,-0.00885
3059.84678,-0.00892
3058.42161,-0.00902
3056.99644,-0.00911
3055.57126,-0.00919
3054.14609,-0.00928
3052.72092,-0.00936
3051.29574,-0.00945
3049.87057,-0.00954
3048.44540,-0.00965
3047.02022,-0.00976
3045.59505,-0.00985
3044.16988,-0.00994
3042.74470,-0.01003
3041.31953,-0.01013
3039.89436,-0.01023
3038.46918,-0.01032
3037.04401,-0.01042
3035.61884,-0.01052
3034.19366,-0.01064
3032.76849,-0.01076
3031.34332,-0.01088
3029.91815,-0.01103
3028.49297,-0.01117
3027.06780,-0.01129
3025.64263,-0.01138
3024.21745,-0.01146
3022.79228,-0.01157
3021.36711,-0.01169
3019.94193,-0.01178
3018.51676,-0.01183
3017.09159,-0.01184
3015.66641,-0.01184
3014.24124,-0.01183
3012.81607,-0.01180
3011.39089,-0.01173
3009.96572,-0.01163
3008.54055,-0.01153
3007.11537,-0.01144
3005.69020,-0.01135
3004.26503,-0.01123
3002.83986,-0.01107
3001.41468,-0.01088
2999.98951,-0.01071
2998.56434,-0.01056
2997.13916,-0.01043
2995.71399,-0.01030
2994.28882,-0.01016
2992.86364,-0.01003
2991.43847,-0.00992
2990.01330,-0.00981
2988.58812,-0.00971
2987.16295,-0.00959
2985.73778,-0.00943
2984.31260,-0.00919
2982.88743,-0.00891
2981.46226,-0.00862
2980.03708,-0.00833
2978.61191,-0.00806
2977.18674,-0.00778
2975.76157,-0.00752
2974.33639,-0.00728
2972.91122,-0.00707
2971.48605,-0.00690
2970.06087,-0.00675
2968.63570,-0.00664
2967.21053,-0.00658
2965.78535,-0.00658
2964.36018,-0.00667
2962.93501,-0.00684
2961.50983,-0.00713
2960.08466,-0.00751
2958.65949,-0.00797
2957.23431,-0.00848
2955.80914,-0.00906
2954.38397,-0.00969
2952.95879,-0.01030
2951.53362,-0.01086
2950.10845,-0.01139
2948.68328,-0.01189
2947.25810,-0.01231
2945.83293,-0.01263
2944.40776,-0.01288
2942.98258,-0.01309
2941.55741,-0.01328
2940.13224,-0.01342
2938.70706,-0.01354
2937.28189,-0.01367
2935.85672,-0.01383
2934.43154,-0.01399
2933.00637,-0.01418
2931.58120,-0.01440
2930.15602,-0.01464
2928.73085,-0.01489
2927.30568,-0.01514
2925.88050,-0.01540
2924.45533,-0.01567
2923.03016,-0.01596
2921.60498,-0.01625
2920.17981,-0.01648
2918.75464,-0.01666
2917.32947,-0.01684
2915.90429,-0.01707
2914.47912,-0.01734
2913.05395,-0.01762
2911.62877,-0.01787
2910.20360,-0.01806
2908.77843,-0.01821
2907.35325,-0.01830
2905.92808,-0.01835
2904.50291,-0.01841
2903.07773,-0.01850
2901.65256,-0.01858
2900.22739,-0.01862
2898.80221,-0.01864
2897.37704,-0.01867
2895.95187,-0.01869
2894.52669,-0.01867
2893.10152,-0.01863
2891.67635,-0.01858
2890.25118,-0.01852
2888.82600,-0.01844
2887.40083,-0.01833
2885.97566,-0.01820
2884.55048,-0.01806
2883.12531,-0.01791
2881.70014,-0.01776
2880.27496,-0.01761
2878.84979,-0.01750
2877.42462,-0.01742
2875.99944,-0.01737
2874.57427,-0.01736
2873.14910,-0.01743
2871.72392,-0.01759
2870.29875,-0.01784
2868.87358,-0.01817
2867.44840,-0.01857
2866.02323,-0.01902
2864.59806,-0.01948
2863.17289,-0.01991
2861.74771,-0.02035
2860.32254,-0.02078
2858.89737,-0.02120
2857.47219,-0.02162
2856.04702,-0.02208
2854.62185,-0.02259
2853.19667,-0.02308
2851.77150,-0.02353
2850.34633,-0.02398
2848.92115,-0.02446
2847.49598,-0.02494
2846.07081,-0.02537
2844.64563,-0.02576
2843.22046,-0.02613
2841.79529,-0.02651
2840.37011,-0.02692
2838.94494,-0.02738
2837.51977,-0.02785
2836.09460,-0.02828
2834.66942,-0.02866
2833.24425,-0.02903
2831.81908,-0.02944
2830.39390,-0.02983
2828.96873,-0.03018
2827.54356,-0.03055
2826.11838,-0.03097
2824.69321,-0.03143
2823.26804,-0.03187
2821.84286,-0.03231
2820.41769,-0.03278
2818.99252,-0.03331
2817.56734,-0.03387
2816.14217,-0.03444
2814.71700,-0.03503
2813.29182,-0.03563
2811.86665,-0.03624
2810.44148,-0.03684
2809.01631,-0.03742
2807.59113,-0.03804
2806.16596,-0.03873
2804.74079,-0.03947
2803.31561,-0.04025
2801.89044,-0.04104
2800.46527,-0.04182
2799.04009,-0.04257
2797.61492,-0.04331
2796.18975,-0.04408
2794.76457,-0.04492
2793.33940,-0.04583
2791.91423,-0.04682
2790.48905,-0.04792
2789.06388,-0.04916
2787.63871,-0.05052
2786.21353,-0.05201
2784.78836,-0.05365
2783.36319,-0.05549
2781.93801,-0.05754
2780.51284,-0.05977
2779.08767,-0.06215
2777.66250,-0.06473
2776.23732,-0.06759
2774.81215,-0.07075
2773.38698,-0.07418
2771.96180,-0.07793
2770.53663,-0.08200
2769.11146,-0.08642
2767.68628,-0.09125
2766.26111,-0.09654
2764.83594,-0.10232
2763.41076,-0.10866
2761.98559,-0.11569
2760.56042,-0.12350
2759.13524,-0.13209
2757.71007,-0.14139
2756.28490,-0.15143
2754.85972,-0.16228
2753.43455,-0.17406
2752.00938,-0.18683
2750.58421,-0.20052
2749.15903,-0.21502
2747.73386,-0.23025
2746.30869,-0.24617
2744.88351,-0.26266
2743.45834,-0.27946
2742.03317,-0.29609
2740.60799,-0.31210
2739.18282,-0.32728
2737.75765,-0.34159
2736.33247,-0.35472
2734.90730,-0.36612
2733.48213,-0.37550
2732.05695,-0.38295
2730.63178,-0.38861
2729.20661,-0.39244
2727.78143,-0.39461
2726.35626,-0.39551
2724.93109,-0.39542
2723.50592,-0.39449
2722.08074,-0.39293
2720.65557,-0.39101
2719.23040,-0.38871
2717.80522,-0.38581
2716.38005,-0.38230
2714.95488,-0.37834
2713.52970,-0.37403
2712.10453,-0.36936
2710.67936,-0.36443
2709.25418,-0.35951
2707.82901,-0.35473
2706.40384,-0.35001
2704.97866,-0.34522
2703.55349,-0.34030
2702.12832,-0.33522
2700.70314,-0.33005
2699.27797,-0.32497
2697.85280,-0.32009
2696.42763,-0.31532
2695.00245,-0.31053
2693.57728,-0.30580
2692.15211,-0.30111
2690.72693,-0.29626
2689.30176,-0.29123
2687.87659,-0.28635
2686.45141,-0.28194
2685.02624,-0.27795
2683.60107,-0.27411
2682.17589,-0.27026
2680.75072,-0.26643
2679.32555,-0.26274
2677.90037,-0.25930
2676.47520,-0.25616
2675.05003,-0.25330
2673.62485,-0.25071
2672.19968,-0.24847
2670.77451,-0.24671
2669.34934,-0.24544
2667.92416,-0.24445
2666.49899,-0.24343
2665.07382,-0.24215
2663.64864,-0.24077
2662.22347,-0.23966
2660.79830,-0.23899
2659.37312,-0.23855
2657.94795,-0.23807
2656.52278,-0.23762
2655.09760,-0.23747
2653.67243,-0.23780
2652.24726,-0.23850
2650.82208,-0.23938
2649.39691,-0.24038
2647.97174,-0.24150
2646.54656,-0.24273
2645.12139,-0.24394
2643.69622,-0.24502
2642.27104,-0.24587
2640.84587,-0.24648
2639.42070,-0.24696
2637.99553,-0.24751
2636.57035,-0.24831
2635.14518,-0.24931
2633.72001,-0.25034
2632.29483,-0.25119
2630.86966,-0.25180
2629.44449,-0.25231
2628.01931,-0.25285
2626.59414,-0.25333
2625.16897,-0.25352
2623.74379,-0.25333
2622.31862,-0.25298
2620.89345,-0.25274
2619.46827,-0.25260
2618.04310,-0.25223
2616.61793,-0.25140
2615.19275,-0.25020
2613.76758,-0.24885
2612.34241,-0.24740
2610.91724,-0.24571
2609.49206,-0.24371
2608.06689,-0.24159
2606.64172,-0.23959
2605.21654,-0.23774
2603.79137,-0.23585
2602.36620,-0.23365
2600.94102,-0.23101
2599.51585,-0.22805
2598.09068,-0.22502
2596.66550,-0.22213
2595.24033,-0.21948
2593.81516,-0.21708
2592.38998,-0.21476
2590.96481,-0.21226
2589.53964,-0.20962
2588.11446,-0.20718
2586.68929,-0.20518
2585.26412,-0.20352
2583.83895,-0.20189
2582.41377,-0.20006
2580.98860,-0.19796
2579.56343,-0.19572
2578.13825,-0.19377
2576.71308,-0.19252
2575.28791,-0.19197
2573.86273,-0.19172
2572.43756,-0.19135
2571.01239,-0.19070
2569.58721,-0.18992
2568.16204,-0.18926
2566.73687,-0.18879
2565.31169,-0.18845
2563.88652,-0.18836
2562.46135,-0.18873
2561.03617,-0.18952
2559.61100,-0.19043
2558.18583,-0.19130
2556.76066,-0.19218
2555.33548,-0.19311
2553.91031,-0.19413
2552.48514,-0.19531
2551.05996,-0.19663
2549.63479,-0.19796
2548.20962,-0.19924
2546.78444,-0.20060
2545.35927,-0.20223
2543.93410,-0.20407
2542.50892,-0.20578
2541.08375,-0.20726
2539.65858,-0.20869
2538.23340,-0.21015
2536.80823,-0.21146
2535.38306,-0.21254
2533.95788,-0.21359
2532.53271,-0.21476
2531.10754,-0.21590
2529.68237,-0.21674
2528.25719,-0.21718
2526.83202,-0.21739
2525.40685,-0.21756
2523.98167,-0.21776
2522.55650,-0.21783
2521.13133,-0.21761
2519.70615,-0.21704
2518.28098,-0.21624
2516.85581,-0.21536
2515.43063,-0.21432
2514.00546,-0.21299
2512.58029,-0.21153
2511.15511,-0.21024
2509.72994,-0.20905
2508.30477,-0.20762
2506.87959,-0.20582
2505.45442,-0.20383
2504.02925,-0.20175
2502.60407,-0.19955
2501.17890,-0.19732
2499.75373,-0.19537
2498.32856,-0.19382
2496.90338,-0.19241
2495.47821,-0.19076
2494.05304,-0.18874
2492.62786,-0.18655
2491.20269,-0.18452
2489.77752,-0.18280
2488.35234,-0.18144
2486.92717,-0.18049
2485.50200,-0.17990
2484.07682,-0.17947
2482.65165,-0.17907
2481.22648,-0.17880
2479.80130,-0.17883
2478.37613,-0.17910
2476.95096,-0.17946
2475.52578,-0.17994
2474.10061,-0.18061
2472.67544,-0.18139
2471.25027,-0.18221
2469.82509,-0.18329
2468.39992,-0.18490
2466.97475,-0.18694
2465.54957,-0.18919
2464.12440,-0.19164
2462.69923,-0.19439
2461.27405,-0.19736
2459.84888,-0.20040
2458.42371,-0.20345
2456.99853,-0.20661
2455.57336,-0.20991
2454.14819,-0.21339
2452.72301,-0.21704
2451.29784,-0.22072
2449.87267,-0.22435
2448.44749,-0.22793
2447.02232,-0.23138
2445.59715,-0.23455
2444.17198,-0.23758
2442.74680,-0.24076
2441.32163,-0.24413
2439.89646,-0.24735
2438.47128,-0.25014
2437.04611,-0.25251
2435.62094,-0.25457
2434.19576,-0.25645
2432.77059,-0.25813
2431.34542,-0.25957
2429.92024,-0.26086
2428.49507,-0.26217
2427.06990,-0.26348
2425.64472,-0.26461
2424.21955,-0.26549
2422.79438,-0.26622
2421.36920,-0.26689
2419.94403,-0.26743
2418.51886,-0.26774
2417.09369,-0.26784
2415.66851,-0.26779
2414.24334,-0.26756
2412.81817,-0.26712
2411.39299,-0.26651
2409.96782,-0.26579
2408.54265,-0.26494
2407.11747,-0.26396
2405.69230,-0.26299
2404.26713,-0.26217
2402.84195,-0.26151
2401.41678,-0.26093
2399.99161,-0.26032
2398.56643,-0.25956
2397.14126,-0.25866
2395.71609,-0.25785
2394.29091,-0.25738
2392.86574,-0.25729
2391.44057,-0.25757
2390.01540,-0.25817
2388.59022,-0.25897
2387.16505,-0.25981
2385.73988,-0.26069
2384.31470,-0.26179
2382.88953,-0.26323
2381.46436,-0.26478
2380.03918,-0.26609
2378.61401,-0.26705
2377.18884,-0.26795
2375.76366,-0.26924
2374.33849,-0.27125
2372.91332,-0.27380
2371.48814,-0.27619
2370.06297,-0.27774
2368.63780,-0.27862
2367.21262,-0.27957
2365.78745,-0.28101
2364.36228,-0.28273
2362.93710,-0.28487
2361.51193,-0.28816
2360.08676,-0.29275
2358.66159,-0.29761
2357.23641,-0.30153
2355.81124,-0.30419
2354.38607,-0.30602
2352.96089,-0.30802
2351.53572,-0.31130
2350.11055,-0.31616
2348.68537,-0.32192
2347.26020,-0.32729
2345.83503,-0.33072
2344.40985,-0.33179
2342.98468,-0.33283
2341.55951,-0.33626
2340.13433,-0.34124
2338.70916,-0.34516
2337.28399,-0.34701
2335.85881,-0.34802
2334.43364,-0.34950
2333.00847,-0.35123
2331.58330,-0.35234
2330.15812,-0.35306
2328.73295,-0.35477
2327.30778,-0.35805
2325.88260,-0.36185
2324.45743,-0.36459
2323.03226,-0.36572
2321.60708,-0.36594
2320.18191,-0.36623
2318.75674,-0.36684
2317.33156,-0.36757
2315.90639,-0.36830
2314.48122,-0.36897
2313.05604,-0.36943
2311.63087,-0.36963
2310.20570,-0.36968
2308.78052,-0.36967
2307.35535,-0.36967
2305.93018,-0.36972
2304.50501,-0.36958
2303.07983,-0.36897
2301.65466,-0.36806
2300.22949,-0.36725
2298.80431,-0.36655
2297.37914,-0.36564
2295.95397,-0.36440
2294.52879,-0.36293
2293.10362,-0.36136
2291.67845,-0.35978
2290.25327,-0.35826
2288.82810,-0.35685
2287.40293,-0.35556
2285.97775,-0.35439
2284.55258,-0.35333
2283.12741,-0.35237
2281.70223,-0.35135
2280.27706,-0.35007
2278.85189,-0.34859
2277.42672,-0.34724
2276.00154,-0.34615
2274.57637,-0.34498
2273.15120,-0.34345
2271.72602,-0.34175
2270.30085,-0.34033
2268.87568,-0.33924
2267.45050,-0.33812
2266.02533,-0.33680
2264.60016,-0.33548
2263.17498,-0.33433
2261.74981,-0.33320
2260.32464,-0.33188
2258.89946,-0.33035
2257.47429,-0.32882
2256.04912,-0.32752
2254.62394,-0.32640
2253.19877,-0.32511
2251.77360,-0.32342
2250.34843,-0.32135
2248.92325,-0.31917
2247.49808,-0.31710
2246.07291,-0.31515
2244.64773,-0.31319
2243.22256,-0.31118
2241.79739,-0.30917
2240.37221,-0.30704
2238.94704,-0.30455
2237.52187,-0.30160
2236.09669,-0.29837
2234.67152,-0.29508
2233.24635,-0.29178
2231.82117,-0.28841
2230.39600,-0.28495
2228.97083,-0.28147
2227.54565,-0.27790
2226.12048,-0.27409
2224.69531,-0.26997
2223.27013,-0.26560
2221.84496,-0.26109
2220.41979,-0.25658
2218.99462,-0.25217
2217.56944,-0.24779
2216.14427,-0.24334
2214.71910,-0.23878
2213.29392,-0.23406
2211.86875,-0.22917
2210.44358,-0.22418
2209.01840,-0.21925
2207.59323,-0.21449
2206.16806,-0.20989
2204.74288,-0.20539
2203.31771,-0.20093
2201.89254,-0.19640
2200.46736,-0.19178
2199.04219,-0.18713
2197.61702,-0.18256
2196.19184,-0.17812
2194.76667,-0.17377
2193.34150,-0.16947
2191.91633,-0.16519
2190.49115,-0.16093
2189.06598,-0.15671
2187.64081,-0.15264
2186.21563,-0.14878
2184.79046,-0.14513
2183.36529,-0.14161
2181.94011,-0.13816
2180.51494,-0.13474
2179.08977,-0.13141
2177.66459,-0.12818
2176.23942,-0.12506
2174.81425,-0.12204
2173.38907,-0.11913
2171.96390,-0.11633
2170.53873,-0.11364
2169.11355,-0.11110
2167.68838,-0.10873
2166.26321,-0.10645
2164.83804,-0.10419
2163.41286,-0.10197
2161.98769,-0.09988
2160.56252,-0.09794
2159.13734,-0.09608
2157.71217,-0.09419
2156.28700,-0.09227
2154.86182,-0.09042
2153.43665,-0.08873
2152.01148,-0.08720
2150.58630,-0.08578
2149.16113,-0.08438
2147.73596,-0.08294
2146.31078,-0.08151
2144.88561,-0.08015
2143.46044,-0.07888
2142.03526,-0.07767
2140.61009,-0.07646
2139.18492,-0.07517
2137.75975,-0.07381
2136.33457,-0.07244
2134.90940,-0.07116
2133.48423,-0.06995
2132.05905,-0.06877
2130.63388,-0.06758
2129.20871,-0.06639
2127.78353,-0.06523
2126.35836,-0.06408
2124.93319,-0.06294
2123.50801,-0.06179
2122.08284,-0.06063
2120.65767,-0.05945
2119.23249,-0.05827
2117.80732,-0.05707
2116.38215,-0.05587
2114.95697,-0.05469
2113.53180,-0.05352
2112.10663,-0.05235
2110.68146,-0.05122
2109.25628,-0.05016
2107.83111,-0.04914
2106.40594,-0.04812
2104.98076,-0.04703
2103.55559,-0.04590
2102.13042,-0.04477
2100.70524,-0.04367
2099.28007,-0.04261
2097.85490,-0.04156
2096.42972,-0.04050
2095.00455,-0.03943
2093.57938,-0.03839
2092.15420,-0.03739
2090.72903,-0.03642
2089.30386,-0.03551
2087.87868,-0.03466
2086.45351,-0.03385
2085.02834,-0.03303
2083.60316,-0.03219
2082.17799,-0.03138
2080.75282,-0.03062
2079.32765,-0.02991
2077.90247,-0.02924
2076.47730,-0.02861
2075.05213,-0.02802
2073.62695,-0.02746
2072.20178,-0.02691
2070.77661,-0.02638
2069.35143,-0.02586
2067.92626,-0.02537
2066.50109,-0.02490
2065.07591,-0.02444
2063.65074,-0.02401
2062.22557,-0.02363
2060.80039,-0.02332
2059.37522,-0.02305
2057.95005,-0.02279
2056.52487,-0.02256
2055.09970,-0.02234
2053.67453,-0.02211
2052.24936,-0.02189
2050.82418,-0.02169
2049.39901,-0.02150
2047.97384,-0.02135
2046.54866,-0.02125
2045.12349,-0.02119
2043.69832,-0.02112
2042.27314,-0.02104
2040.84797,-0.02095
2039.42280,-0.02087
2037.99762,-0.02079
2036.57245,-0.02069
2035.14728,-0.02058
2033.72210,-0.02047
2032.29693,-0.02038
2030.87176,-0.02030
2029.44658,-0.02022
2028.02141,-0.02013
2026.59624,-0.02003
2025.17107,-0.01989
2023.74589,-0.01972
2022.32072,-0.01954
2020.89555,-0.01935
2019.47037,-0.01913
2018.04520,-0.01889
2016.62003,-0.01864
2015.19485,-0.01841
2013.76968,-0.01822
2012.34451,-0.01801
2010.91933,-0.01775
2009.49416,-0.01745
2008.06899,-0.01715
2006.64381,-0.01686
2005.21864,-0.01656
2003.79347,-0.01624
2002.36829,-0.01592
2000.94312,-0.01560
1999.51795,-0.01526
1998.09278,-0.01489
1996.66760,-0.01450
1995.24243,-0.01413
1993.81726,-0.01379
1992.39208,-0.01347
1990.96691,-0.01317
1989.54174,-0.01289
1988.11656,-0.01258
1986.69139,-0.01223
1985.26622,-0.01189
1983.84104,-0.01157
1982.41587,-0.01131
1980.99070,-0.01107
1979.56552,-0.01085
1978.14035,-0.01064
1976.71518,-0.01046
1975.29000,-0.01030
1973.86483,-0.01016
1972.43966,-0.01003
1971.01449,-0.00991
1969.58931,-0.00980
1968.16414,-0.00970
1966.73897,-0.00961
1965.31379,-0.00955
1963.88862,-0.00951
1962.46345,-0.00949
1961.03827,-0.00950
1959.61310,-0.00951
1958.18793,-0.00953
1956.76275,-0.00956
1955.33758,-0.00961
1953.91241,-0.00970
1952.48723,-0.00979
1951.06206,-0.00988
1949.63689,-0.00996
1948.21171,-0.01007
1946.78654,-0.01019
1945.36137,-0.01030
1943.93619,-0.01040
1942.51102,-0.01051
1941.08585,-0.01063
1939.66068,-0.01077
1938.23550,-0.01094
1936.81033,-0.01111
1935.38516,-0.01126
1933.95998,-0.01138
1932.53481,-0.01146
1931.10964,-0.01154
1929.68446,-0.01164
1928.25929,-0.01176
1926.83412,-0.01187
1925.40894,-0.01196
1923.98377,-0.01203
1922.55860,-0.01210
1921.13342,-0.01219
1919.70825,-0.01226
1918.28308,-0.01229
1916.85790,-0.01230
1915.43273,-0.01231
1914.00756,-0.01234
1912.58239,-0.01234
1911.15721,-0.01229
1909.73204,-0.01220
1908.30687,-0.01211
1906.88169,-0.01204
1905.45652,-0.01197
1904.03135,-0.01187
1902.60617,-0.01174
1901.18100,-0.01159
1899.75583,-0.01146
1898.33065,-0.01134
1896.90548,-0.01121
1895.48031,-0.01107
1894.05513,-0.01094
1892.62996,-0.01082
1891.20479,-0.01066
1889.77961,-0.01047
1888.35444,-0.01029
1886.92927,-0.01015
1885.50410,-0.01005
1884.07892,-0.00995
1882.65375,-0.00986
1881.22858,-0.00974
1879.80340,-0.00960
1878.37823,-0.00945
1876.95306,-0.00931
1875.52788,-0.00921
1874.10271,-0.00913
1872.67754,-0.00907
1871.25236,-0.00900
1869.82719,-0.00890
1868.40202,-0.00881
1866.97684,-0.00878
1865.55167,-0.00881
1864.12650,-0.00885
1862.70132,-0.00889
1861.27615,-0.00893
1859.85098,-0.00900
1858.42581,-0.00911
1857.00063,-0.00925
1855.57546,-0.00940
1854.15029,-0.00955
1852.72511,-0.00971
1851.29994,-0.00988
1849.87477,-0.01006
1848.44959,-0.01026
1847.02442,-0.01044
1845.59925,-0.01060
1844.17407,-0.01078
1842.74890,-0.01102
1841.32373,-0.01132
1839.89855,-0.01161
1838.47338,-0.01188
1837.04821,-0.01214
1835.62303,-0.01240
1834.19786,-0.01266
1832.77269,-0.01289
1831.34751,-0.01310
1829.92234,-0.01331
1828.49717,-0.01355
1827.07200,-0.01379
1825.64682,-0.01400
1824.22165,-0.01419
1822.79648,-0.01438
1821.37130,-0.01457
1819.94613,-0.01473
1818.52096,-0.01483
1817.09578,-0.01489
1815.67061,-0.01493
1814.24544,-0.01499
1812.82026,-0.01503
1811.39509,-0.01506
1809.96992,-0.01507
1808.54474,-0.01510
1807.11957,-0.01514
1805.69440,-0.01516
1804.26922,-0.01514
1802.84405,-0.01506
1801.41888,-0.01494
1799.99371,-0.01478
1798.56853,-0.01460
1797.14336,-0.01444
1795.71819,-0.01429
1794.29301,-0.01414
1792.86784,-0.01396
1791.44267,-0.01377
1790.01749,-0.01367
1788.59232,-0.01363
1787.16715,-0.01357
1785.74197,-0.01345
1784.31680,-0.01329
1782.89163,-0.01314
1781.46645,-0.01300
1780.04128,-0.01288
1778.61611,-0.01278
1777.19093,-0.01270
1775.76576,-0.01262
1774.34059,-0.01251
1772.91542,-0.01236
1771.49024,-0.01224
1770.06507,-0.01222
1768.63990,-0.01227
1767.21472,-0.01234
1765.78955,-0.01241
1764.36438,-0.01245
1762.93920,-0.01243
1761.51403,-0.01237
1760.08886,-0.01234
1758.66368,-0.01235
1757.23851,-0.01238
1755.81334,-0.01243
1754.38816,-0.01251
1752.96299,-0.01259
1751.53782,-0.01256
1750.11264,-0.01244
1748.68747,-0.01231
1747.26230,-0.01223
1745.83713,-0.01219
1744.41195,-0.01217
1742.98678,-0.01214
1741.56161,-0.01208
1740.13643,-0.01201
1738.71126,-0.01202
1737.28609,-0.01211
1735.86091,-0.01221
1734.43574,-0.01222
1733.01057,-0.01225
1731.58539,-0.01242
1730.16022,-0.01267
1728.73505,-0.01291
1727.30987,-0.01311
1725.88470,-0.01326
1724.45953,-0.01338
1723.03435,-0.01350
1721.60918,-0.01362
1720.18401,-0.01366
1718.75884,-0.01354
1717.33366,-0.01332
1715.90849,-0.01321
1714.48332,-0.01327
1713.05814,-0.01339
1711.63297,-0.01348
1710.20780,-0.01351
1708.78262,-0.01348
1707.35745,-0.01336
1705.93228,-0.01320
1704.50710,-0.01311
1703.08193,-0.01307
1701.65676,-0.01296
1700.23158,-0.01272
1698.80641,-0.01246
1697.38124,-0.01216
1695.95606,-0.01168
1694.53089,-0.01109
1693.10572,-0.01055
1691.68054,-0.00996
1690.25537,-0.00914
1688.83020,-0.00818
1687.40503,-0.00718
1685.97985,-0.00580
1684.55468,-0.00361
1683.12951,-0.00119
1681.70433,0.00065
1680.27916,0.00207
1678.85399,0.00347
1677.42881,0.00513
1676.00364,0.00727
1674.57847,0.00969
1673.15329,0.01196
1671.72812,0.01421
1670.30295,0.01698
1668.87777,0.02020
1667.45260,0.02303
1666.02743,0.02526
1664.60225,0.02731
1663.17708,0.02935
1661.75191,0.03099
1660.32674,0.03190
1658.90156,0.03226
1657.47639,0.03234
1656.05122,0.03240
1654.62604,0.03279
1653.20087,0.03381
1651.77570,0.03482
1650.35052,0.03551
1648.92535,0.03650
1647.50018,0.03850
1646.07500,0.04144
1644.64983,0.04438
1643.22466,0.04712
1641.79948,0.05010
1640.37431,0.05346
1638.94914,0.05725
1637.52396,0.06211
1636.09879,0.06891
1634.67362,0.07663
1633.24845,0.08332
1631.82327,0.08917
1630.39810,0.09534
1628.97293,0.10225
1627.54775,0.10899
1626.12258,0.11400
1624.69741,0.11601
1623.27223,0.11415
1621.84706,0.10877
1620.42189,0.10127
1618.99671,0.09194
1617.57154,0.07994
1616.14637,0.06637
1614.72119,0.05432
1613.29602,0.04449
1611.87085,0.03561
1610.44567,0.02711
1609.02050,0.01924
1607.59533,0.01230
1606.17016,0.00631
1604.74498,0.00118
1603.31981,-0.00324
1601.89464,-0.00703
1600.46946,-0.01021
1599.04429,-0.01285
1597.61912,-0.01503
1596.19394,-0.01690
1594.76877,-0.01852
1593.34360,-0.01990
1591.91842,-0.02107
1590.49325,-0.02207
1589.06808,-0.02295
1587.64290,-0.02378
1586.21773,-0.02457
1584.79256,-0.02532
1583.36738,-0.02604
1581.94221,-0.02680
1580.51704,-0.02760
1579.09187,-0.02836
1577.66669,-0.02901
1576.24152,-0.02960
1574.81635,-0.03029
1573.39117,-0.03110
1571.96600,-0.03188
1570.54083,-0.03248
1569.11565,-0.03294
1567.69048,-0.03346
1566.26531,-0.03408
1564.84013,-0.03477
1563.41496,-0.03547
1561.98979,-0.03613
1560.56461,-0.03655
1559.13944,-0.03659
1557.71427,-0.03669
1556.28909,-0.03723
1554.86392,-0.03799
1553.43875,-0.03876
1552.01357,-0.03944
1550.58840,-0.04002
1549.16323,-0.04058
1547.73806,-0.04119
1546.31288,-0.04186
1544.88771,-0.04258
1543.46254,-0.04331
1542.03736,-0.04402
1540.61219,-0.04472
1539.18702,-0.04552
1537.76184,-0.04645
1536.33667,-0.04737
1534.91150,-0.04816
1533.48632,-0.04885
1532.06115,-0.04956
1530.63598,-0.05037
1529.21080,-0.05118
1527.78563,-0.05185
1526.36046,-0.05237
1524.93528,-0.05283
1523.51011,-0.05317
1522.08494,-0.05313
1520.65977,-0.05265
1519.23459,-0.05197
1517.80942,-0.05135
1516.38425,-0.05110
1514.95907,-0.05168
1513.53390,-0.05317
1512.10873,-0.05522
1510.68355,-0.05738
1509.25838,-0.05926
1507.83321,-0.06066
1506.40803,-0.06171
1504.98286,-0.06281
1503.55769,-0.06404
1502.13251,-0.06526
1500.70734,-0.06632
1499.28217,-0.06715
1497.85699,-0.06781
1496.43182,-0.06854
1495.00665,-0.06948
1493.58148,-0.07056
1492.15630,-0.07163
1490.73113,-0.07255
1489.30596,-0.07328
1487.88078,-0.07392
1486.45561,-0.07454
1485.03044,-0.07513
1483.60526,-0.07564
1482.18009,-0.07600
1480.75492,-0.07621
1479.32974,-0.07631
1477.90457,-0.07635
1476.47940,-0.07633
1475.05422,-0.07616
1473.62905,-0.07570
1472.20388,-0.07509
1470.77870,-0.07488
1469.35353,-0.07524
1467.92836,-0.07578
1466.50319,-0.07612
1465.07801,-0.07614
1463.65284,-0.07616
1462.22767,-0.07644
1460.80249,-0.07681
1459.37732,-0.07669
1457.95215,-0.07541
1456.52697,-0.07341
1455.10180,-0.07202
1453.67663,-0.07132
1452.25145,-0.07062
1450.82628,-0.06959
1449.40111,-0.06818
1447.97593,-0.06650
1446.55076,-0.06479
1445.12559,-0.06325
1443.70041,-0.06184
1442.27524,-0.06050
1440.85007,-0.05929
1439.42490,-0.05813
1437.99972,-0.05668
1436.57455,-0.05500
1435.14938,-0.05379
1433.72420,-0.05330
1432.29903,-0.05306
1430.87386,-0.05274
1429.44868,-0.05238
1428.02351,-0.05218
1426.59834,-0.05206
1425.17316,-0.05183
1423.74799,-0.05144
1422.32282,-0.05097
1420.89764,-0.05036
1419.47247,-0.04950
1418.04730,-0.04862
1416.62212,-0.04805
1415.19695,-0.04764
1413.77178,-0.04712
1412.34660,-0.04643
1410.92143,-0.04570
1409.49626,-0.04499
1408.07109,-0.04425
1406.64591,-0.04340
1405.22074,-0.04249
1403.79557,-0.04165
1402.37039,-0.04093
1400.94522,-0.04018
1399.52005,-0.03929
1398.09487,-0.03834
1396.66970,-0.03742
1395.24453,-0.03649
1393.81935,-0.03555
1392.39418,-0.03468
1390.96901,-0.03385
1389.54383,-0.03296
1388.11866,-0.03200
1386.69349,-0.03113
1385.26831,-0.03046
1383.84314,-0.02992
1382.41797,-0.02935
1380.99280,-0.02870
1379.56762,-0.02804
1378.14245,-0.02745
1376.71728,-0.02690
1375.29210,-0.02636
1373.86693,-0.02582
1372.44176,-0.02534
1371.01658,-0.02494
1369.59141,-0.02460
1368.16624,-0.02431
1366.74106,-0.02410
1365.31589,-0.02396
1363.89072,-0.02385
1362.46554,-0.02378
1361.04037,-0.02379
1359.61520,-0.02389
1358.19002,-0.02400
1356.76485,-0.02408
1355.33968,-0.02414
1353.91451,-0.02420
1352.48933,-0.02434
1351.06416,-0.02454
1349.63899,-0.02478
1348.21381,-0.02501
1346.78864,-0.02521
1345.36347,-0.02542
1343.93829,-0.02569
1342.51312,-0.02605
1341.08795,-0.02645
1339.66277,-0.02691
1338.23760,-0.02745
1336.81243,-0.02808
1335.38725,-0.02878
1333.96208,-0.02951
1332.53691,-0.03024
1331.11173,-0.03092
1329.68656,-0.03155
1328.26139,-0.03217
1326.83622,-0.03283
1325.41104,-0.03357
1323.98587,-0.03440
1322.56070,-0.03526
1321.13552,-0.03604
1319.71035,-0.03672
1318.28518,-0.03736
1316.86000,-0.03800
1315.43483,-0.03866
1314.00966,-0.03933
1312.58448,-0.04007
1311.15931,-0.04090
1309.73414,-0.04184
1308.30896,-0.04282
1306.88379,-0.04380
1305.45862,-0.04477
1304.03344,-0.04574
1302.60827,-0.04675
1301.18310,-0.04785
1299.75793,-0.04908
1298.33275,-0.05046
1296.90758,-0.05198
1295.48241,-0.05356
1294.05723,-0.05518
1292.63206,-0.05684
1291.20689,-0.05859
1289.78171,-0.06043
1288.35654,-0.06243
1286.93137,-0.06463
1285.50619,-0.06701
1284.08102,-0.06949
1282.65585,-0.07209
1281.23067,-0.07486
1279.80550,-0.07784
1278.38033,-0.08106
1276.95515,-0.08457
1275.52998,-0.08843
1274.10481,-0.09266
1272.67963,-0.09734
1271.25446,-0.10255
1269.82929,-0.10822
1268.40412,-0.11424
1266.97894,-0.12058
1265.55377,-0.12742
1264.12860,-0.13497
1262.70342,-0.14336
1261.27825,-0.15267
1259.85308,-0.16288
1258.42790,-0.17390
1257.00273,-0.18576
1255.57756,-0.19864
1254.15238,-0.21258
1252.72721,-0.22744
1251.30204,-0.24296
1249.87686,-0.25889
1248.45169,-0.27484
1247.02652,-0.29042
1245.60134,-0.30547
1244.17617,-0.32003
1242.75100,-0.33396
1241.32583,-0.34678
1239.90065,-0.35814
1238.47548,-0.36803
1237.05031,-0.37650
1235.62513,-0.38347
1234.19996,-0.38880
1232.77479,-0.39256
1231.34961,-0.39502
1229.92444,-0.39646
1228.49927,-0.39704
1227.07409,-0.39707
1225.64892,-0.39686
1224.22375,-0.39625
1222.79857,-0.39497
1221.37340,-0.39318
1219.94823,-0.39130
1218.52305,-0.38953
1217.09788,-0.38806
1215.67271,-0.38707
1214.24754,-0.38660
1212.82236,-0.38644
1211.39719,-0.38624
1209.97202,-0.38586
1208.54684,-0.38552
1207.12167,-0.38567
1205.69650,-0.38663
1204.27132,-0.38854
1202.84615,-0.39105
1201.42098,-0.39321
1199.99580,-0.39440
1198.57063,-0.39512
1197.14546,-0.39640
1195.72028,-0.39883
1194.29511,-0.40222
1192.86994,-0.40584
1191.44476,-0.40892
1190.01959,-0.41104
1188.59442,-0.41186
1187.16925,-0.41112
1185.74407,-0.40901
1184.31890,-0.40612
1182.89373,-0.40264
1181.46855,-0.39831
1180.04338,-0.39278
1178.61821,-0.38604
1177.19303,-0.37824
1175.76786,-0.36933
1174.34269,-0.35920
1172.91751,-0.34827
1171.49234,-0.33740
1170.06717,-0.32686
1168.64199,-0.31610
1167.21682,-0.30468
1165.79165,-0.29299
1164.36647,-0.28177
1162.94130,-0.27129
1161.51613,-0.26134
1160.09096,-0.25181
1158.66578,-0.24277
1157.24061,-0.23427
1155.81544,-0.22637
1154.39026,-0.21917
1152.96509,-0.21257
1151.53992,-0.20621
1150.11474,-0.19979
1148.68957,-0.19335
1147.26440,-0.18717
1145.83922,-0.18164
1144.41405,-0.17703
1142.98888,-0.17330
1141.56370,-0.17010
1140.13853,-0.16690
1138.71336,-0.16341
1137.28818,-0.15966
1135.86301,-0.15596
1134.43784,-0.15251
1133.01266,-0.14947
1131.58749,-0.14696
1130.16232,-0.14499
1128.73715,-0.14329
1127.31197,-0.14150
1125.88680,-0.13945
1124.46163,-0.13736
1123.03645,-0.13559
1121.61128,-0.13417
1120.18611,-0.13278
1118.76093,-0.13114
1117.33576,-0.12935
1115.91059,-0.12767
1114.48541,-0.12629
1113.06024,-0.12520
1111.63507,-0.12430
1110.20989,-0.12336
1108.78472,-0.12219
1107.35955,-0.12080
1105.93437,-0.11936
1104.50920,-0.11815
1103.08403,-0.11725
1101.65886,-0.11645
1100.23368,-0.11549
1098.80851,-0.11434
1097.38334,-0.11327
1095.95816,-0.11255
1094.53299,-0.11206
1093.10782,-0.11138
1091.68264,-0.11035
1090.25747,-0.10926
1088.83230,-0.10841
1087.40712,-0.10768
1085.98195,-0.10686
1084.55678,-0.10601
1083.13160,-0.10530
1081.70643,-0.10471
1080.28126,-0.10411
1078.85608,-0.10347
1077.43091,-0.10286
1076.00574,-0.10232
1074.58057,-0.10189
1073.15539,-0.10158
1071.73022,-0.10134
1070.30505,-0.10093
1068.87987,-0.10009
1067.45470,-0.09888
1066.02953,-0.09787
1064.60435,-0.09762
1063.17918,-0.09812
1061.75401,-0.09879
1060.32883,-0.09908
1058.90366,-0.09904
1057.47849,-0.09923
1056.05331,-0.09986
1054.62814,-0.10035
1053.20297,-0.10009
1051.77779,-0.09935
1050.35262,-0.09896
1048.92745,-0.09930
1047.50228,-0.09994
1046.07710,-0.10032
1044.65193,-0.10025
1043.22676,-0.09993
1041.80158,-0.09951
1040.37641,-0.09913
1038.95124,-0.09915
1037.52606,-0.10002
1036.10089,-0.10153
1034.67572,-0.10278
1033.25054,-0.10301
1031.82537,-0.10228
1030.40020,-0.10133
1028.97502,-0.10095
1027.54985,-0.10140
1026.12468,-0.10221
1024.69950,-0.10264
1023.27433,-0.10257
1021.84916,-0.10255
1020.42399,-0.10278
1018.99881,-0.10275
1017.57364,-0.10206
1016.14847,-0.10135
1014.72329,-0.10150
1013.29812,-0.10249
1011.87295,-0.10355
1010.44777,-0.10404
1009.02260,-0.10389
1007.59743,-0.10350
1006.17225,-0.10340
1004.74708,-0.10373
1003.32191,-0.10395
1001.89673,-0.10384
1000.47156,-0.10418
999.04639,-0.10576
997.62121,-0.10799
996.19604,-0.10945
994.77087,-0.10944
993.34569,-0.10865
991.92052,-0.10790
990.49535,-0.10691
989.07018,-0.10491
987.64500,-0.10239
986.21983,-0.10101
984.79466,-0.10183
983.36948,-0.10463
981.94431,-0.10861
980.51914,-0.11263
979.09396,-0.11512
977.66879,-0.11532
976.24362,-0.11408
974.81844,-0.11287
973.39327,-0.11238
971.96810,-0.11250
970.54292,-0.11256
969.11775,-0.11160
967.69258,-0.10921
966.26740,-0.10668
964.84223,-0.10680
963.41706,-0.11084
961.99189,-0.11600
960.56671,-0.11789
959.14154,-0.11533
957.71637,-0.11012
956.29119,-0.10364
954.86602,-0.09707
953.44085,-0.09437
952.01567,-0.10073
950.59050,-0.11654
949.16533,-0.13480
947.74015,-0.14325
946.31498,-0.13302
944.88981,-0.10785
943.46463,-0.08006
942.03946,-0.06080
940.61429,-0.05448
939.18911,-0.05486
937.76394,-0.05117
936.33877,-0.04282
934.91360,-0.04345
933.48842,-0.06290
932.06325,-0.09037
930.63808,-0.11278
929.21290,-0.12916
927.78773,-0.14115
926.36256,-0.13834
924.93738,-0.11819
923.51221,-0.10361
922.08704,-0.10200
920.66186,-0.10232
919.23669,-0.11704
917.81152,-0.13930
916.38634,-0.10242
914.96117,-0.04879
913.53600,-0.04887
912.11082,-0.09374
910.68565,-0.13976
909.26048,-0.12581
907.83531,-0.13239
906.41013,-0.20905
904.98496,-0.29429
903.55979,-0.31094
902.13461,-0.11769
900.70944,0.01858
899.28427,0.01795
897.85909,-0.07870
896.43392,-0.21768
895.00875,-0.37294
893.58357,-0.37211
892.15840,-0.29115
890.73323,-0.18012
889.30805,-0.10128
887.88288,-0.12467
886.45771,-0.22143
885.03253,-0.20139
883.60736,-0.07137
882.18219,0.04757
880.75701,0.00099
879.33184,-0.15548
877.90667,-0.18353
876.48150,-0.04529
875.05632,-0.03350
873.63115,-0.08176
872.20598,-0.20602
870.78080,-0.33832
869.35563,-0.34596
867.93046,-0.25589
866.50528,-0.29408
865.08011,-0.27545
863.65494,-0.23617
862.22976,-0.26866
860.80459,-0.28479
859.37942,-0.26064
857.95424,-0.19738
856.52907,0.09266
855.10390,0.10299
853.67872,0.08069
852.25355,0.13149
850.82838,0.20907
849.40321,0.12550
847.97803,0.06265
846.55286,0.01884
845.12769,-0.33569
843.70251,-0.60152
842.27734,-0.34314
840.85217,-0.15251
839.42699,-0.09101
838.00182,-0.16778
836.57665,-0.13805
835.15147,0.00394
833.72630,0.10894
832.30113,-0.10166
830.87595,-0.35073
829.45078,-0.12024
828.02561,-0.17569
826.60043,-0.33679
825.17526,-0.16462
823.75009,-0.15350
822.32492,-0.28415
820.89974,-0.30697
819.47457,-0.14187
818.04940,0.02132
816.62422,0.03195
815.19905,0.04797
813.77388,0.04340
812.34870,0.02060
810.92353,-0.05774
809.49836,-0.08747
808.07318,-0.05315
806.64801,-0.01919
805.22284,0.02139
803.79766,-0.06904
802.37249,-0.18774
800.94732,-0.17652
799.52214,-0.11564
798.09697,0.11813
796.67180,0.29448
795.24663,0.15369
793.82145,-0.01084
792.39628,0.05637
790.97111,0.17197
789.54593,-0.05791
788.12076,-0.16039
786.69559,0.12007
785.27041,0.46085
783.84524,0.53146
782.42007,0.10977
780.99489,-0.11127
779.56972,-0.17255
778.14455,-0.22428
776.71937,-0.29437
775.29420,-0.16909
773.86903,-0.04868
772.44385,0.02545
771.01868,0.10394
769.59351,0.05417
768.16834,-0.14228
766.74316,-0.46496
765.31799,-0.27942
763.89282,-0.01398
762.46764,-0.11160
761.04247,-0.21154
759.61730,0.00936
758.19212,0.05731
756.76695,0.02066
755.34178,0.01171
753.91660,-0.00169
752.49143,0.03439
751.06626,0.14708
749.64108,0.13984
748.21591,0.06458
746.79074,0.09527
745.36556,0.17079
743.94039,0.20568
742.51522,0.16012
741.09004,0.07006
739.66487,-0.10309
738.23970,-0.30433
736.81453,-0.35814
735.38935,-0.25689
733.96418,-0.19564
732.53901,-0.13667
731.11383,-0.00130
729.68866,0.19573
728.26349,0.35896
726.83831,0.19925
725.41314,-0.06287
723.98797,-0.13386
722.56279,-0.09844
721.13762,-0.18038
719.71245,-0.21155
718.28727,-0.32895
716.86210,-0.32243
715.43693,-0.10651
714.01175,-0.01628
712.58658,0.03508
711.16141,0.05860
709.73624,0.01206
708.31106,-0.04191
706.88589,-0.02274
705.46072,0.04970
704.03554,0.16583
702.61037,0.20350
701.18520,0.18749
699.76002,0.20060
698.33485,0.23317
696.90968,0.13180
695.48450,-0.00404
694.05933,-0.08388
692.63416,-0.14777
691.20898,-0.08448
689.78381,-0.21032
688.35864,-0.23004
686.93346,0.12625
685.50829,0.23202
684.08312,0.05322
682.65795,-0.07403
681.23277,-0.13517
679.80760,-0.17572
678.38243,-0.11036
676.95725,0.22870
675.53208,0.14354
674.10691,-0.05507
672.68173,-0.11652
671.25656,-0.18575
669.83139,-0.19101
668.40621,-0.13189
666.98104,-0.09397
665.55587,0.03638
664.13069,0.07235
662.70552,-0.01396
661.28035,-0.05560
659.85517,-0.06629
658.43000,0.01826
657.00483,0.10283
655.57966,0.04267
654.15448,-0.05180
652.72931,-0.10653
651.30414,-0.12948
649.87896,-0.18727
648.45379,-0.19733
647.02862,-0.11258
645.60344,-0.01072
644.17827,-0.09592
642.75310,-0.22821
641.32792,-0.07194
639.90275,0.11887
638.47758,0.21104
637.05240,0.28194
635.62723,0.22210
634.20206,0.09065
632.77688,-0.06895
631.35171,0.22299
629.92654,0.36244
628.50137,0.25092
627.07619,0.15344
625.65102,0.07152
624.22585,-0.06553
622.80067,-0.13886
621.37550,0.00518
619.95033,0.22181
618.52515,0.12035
617.09998,0.04393
615.67481,-0.01364
614.24963,-0.11269
612.82446,-0.10282
611.39929,-0.15164
609.97411,-0.37959
608.54894,-0.59272
607.12377,-0.56648
605.69859,-0.28460
604.27342,-0.30099
602.84825,-0.11622
601.42307,-0.00994
599.99790,0.00532
598.57273,0.00132
597.14756,0.02756
595.72238,-0.01759
594.29721,-0.09988
592.87204,-0.17873
591.44686,-0.16421
590.02169,-0.08998
588.59652,-0.07453
587.17134,-0.01881
585.74617,0.10967
584.32100,0.06475
582.89582,-0.01813
581.47065,0.05642
580.04548,0.41386
578.62030,0.33549
577.19513,0.04593
575.76996,-0.14926
574.34478,-0.08759
572.91961,-0.11322
571.49444,-0.18761
570.06927,-0.21823
568.64409,-0.07145
567.21892,0.13587
565.79375,0.21804
564.36857,0.23490
562.94340,0.28039
561.51823,0.24696
560.09305,0.21786
558.66788,0.07531
557.24271,0.09748
555.81753,0.31783
554.39236,0.73123
552.96719,0.29880
551.54201,-0.22504
550.11684,-0.72411
548.69167,-0.73817
547.26649,-0.76330
545.84132,-1.01526
544.41615,-0.65162
542.99098,-0.34930
541.56580,-0.33083
540.14063,-0.26218
538.71546,-0.30249
537.29028,-0.47783
535.86511,-0.56735
534.43994,0.11006
533.01476,0.47874
531.58959,0.33437
530.16442,0.04184
528.73924,-0.10823
527.31407,-0.33970
525.88890,-0.34736
524.46372,-0.27231
523.03855,-0.16196
521.61338,0.00610
520.18820,-0.00682
518.76303,-0.20698
517.33786,-0.22636
515.91269,-0.08904
514.48751,-0.03541
513.06234,-0.08192
511.63717,-0.15005
510.21199,-0.24943
508.78682,-0.24903
507.36165,-0.25218
505.93647,-0.35201
504.51130,-0.35862
503.08613,-0.14330
501.66095,0.25619
500.23578,0.34896
498.81061,-0.01185
497.38543,-0.36106
495.96026,-0.46037
494.53509,-0.62613
493.10991,-0.54869
491.68474,0.08687
490.25957,0.07196
488.83440,-0.31368
487.40922,-0.45573
485.98405,-0.57287
484.55888,-0.39960
483.13370,-0.25826
481.70853,-0.19890
480.28336,-0.19983
478.85818,-0.18217
477.43301,-0.18792
476.00784,-0.19625
474.58266,-0.34203
473.15749,-0.62911
471.73232,-0.42196
470.30714,-0.14910
468.88197,-0.12878
467.45680,-0.03043
466.03162,0.04404
464.60645,-0.06285
463.18128,-0.21087
461.75610,-0.12107
460.33093,0.06143
458.90576,0.15072
457.48059,-0.00298
456.05541,-0.02282
454.63024,0.27180
453.20507,0.31769
451.77989,0.00938
450.35472,-0.14275
448.92955,-0.06285
447.50437,0.15478
446.07920,0.45435
444.65403,0.69003
443.22885,0.26897
441.80368,0.01868
440.37851,-0.15907
438.95333,-0.58003
437.52816,-0.18424
436.10299,0.03443
434.67781,0.08722
433.25264,-0.04412
431.82747,-0.24568
430.40230,-0.45002
428.97712,-0.60132
427.55195,-0.88052
426.12678,-0.90495
424.70160,-0.97388
423.27643,-0.56269
421.85126,-0.08612
420.42608,0.20519
419.00091,0.18223
417.57574,0.12557
416.15056,0.11220
414.72539,0.27128
413.30022,0.48835
411.87504,0.40734
410.44987,0.39149
409.02470,0.58276
407.59952,0.23039
406.17435,-0.06356
404.74918,-0.13703
403.32401,-0.05332
401.89883,0.17338
400.47366,0.10288
399.04849,-0.14237
