3997.61072,0.00412
3996.18555,0.00411
3994.76038,0.00414
3993.33520,0.00417
3991.91003,0.00416
3990.48486,0.00411
3989.05968,0.00405
3987.63451,0.00401
3986.20934,0.00400
3984.78416,0.00401
3983.35899,0.00403
3981.93382,0.00403
3980.50865,0.00401
3979.08347,0.00395
3977.65830,0.00384
3976.23313,0.00372
3974.80795,0.00367
3973.38278,0.00372
3971.95761,0.00381
3970.53243,0.00384
3969.10726,0.00376
3967.68209,0.00362
3966.25691,0.00349
3964.83174,0.00340
3963.40657,0.00332
3961.98139,0.00325
3960.55622,0.00321
3959.13105,0.00322
3957.70587,0.00321
3956.28070,0.00314
3954.85553,0.00301
3953.43036,0.00289
3952.00518,0.00283
3950.58001,0.00282
3949.15484,0.00280
3947.72966,0.00272
3946.30449,0.00259
3944.87932,0.00240
3943.45414,0.00218
3942.02897,0.00197
3940.60380,0.00181
3939.17862,0.00169
3937.75345,0.00159
3936.32828,0.00146
3934.90310,0.00133
3933.47793,0.00118
3932.05276,0.00100
3930.62758,0.00078
3929.20241,0.00054
3927.77724,0.00032
3926.35207,0.00012
3924.92689,-0.00006
3923.50172,-0.00024
3922.07655,-0.00043
3920.65137,-0.00068
3919.22620,-0.00100
3917.80103,-0.00130
3916.37585,-0.00153
3914.95068,-0.00171
3913.52551,-0.00192
3912.10033,-0.00220
3910.67516,-0.00258
3909.24999,-0.00300
3907.82481,-0.00341
3906.39964,-0.00373
3904.97447,-0.00399
3903.54929,-0.00422
3902.12412,-0.00448
3900.69895,-0.00476
3899.27378,-0.00506
3897.84860,-0.00541
3896.42343,-0.00578
3894.99826,-0.00609
3893.57308,-0.00631
3892.14791,-0.00645
3890.72274,-0.00662
3889.29756,-0.00690
3887.87239,-0.00723
3886.44722,-0.00751
3885.02204,-0.00774
3883.59687,-0.00795
3882.17170,-0.00810
3880.74652,-0.00814
3879.32135,-0.00818
3877.89618,-0.00832
3876.47100,-0.00855
3875.04583,-0.00878
3873.62066,-0.00896
3872.19548,-0.00903
3870.77031,-0.00894
3869.34514,-0.00882
3867.91997,-0.00884
3866.49479,-0.00893
3865.06962,-0.00896
3863.64445,-0.00892
3862.21927,-0.00892
3860.79410,-0.00897
3859.36893,-0.00905
3857.94375,-0.00917
3856.51858,-0.00929
3855.09341,-0.00926
3853.66823,-0.00897
3852.24306,-0.00869
3850.81789,-0.00864
3849.39271,-0.00873
3847.96754,-0.00881
3846.54237,-0.00886
3845.11719,-0.00885
3843.69202,-0.00879
3842.26685,-0.00867
3840.84168,-0.00850
3839.41650,-0.00828
3837.99133,-0.00808
3836.56616,-0.00798
3835.14098,-0.00797
3833.71581,-0.00795
3832.29064,-0.00784
3830.86546,-0.00768
3829.44029,-0.00754
3828.01512,-0.00743
3826.58994,-0.00735
3825.16477,-0.00729
3823.73960,-0.00718
3822.31442,-0.00690
3820.88925,-0.00654
3819.46408,-0.00634
3818.03890,-0.00626
3816.61373,-0.00607
3815.18856,-0.00577
3813.76339,-0.00556
3812.33821,-0.00551
3810.91304,-0.00551
3809.48787,-0.00548
3808.06269,-0.00533
3806.63752,-0.00512
3805.21235,-0.00499
3803.78717,-0.00491
3802.36200,-0.00472
3800.93683,-0.00442
3799.51165,-0.00414
3798.08648,-0.00392
3796.66131,-0.00371
3795.23613,-0.00353
3793.81096,-0.00342
3792.38579,-0.00334
3790.96061,-0.00325
3789.53544,-0.00317
3788.11027,-0.00311
3786.68510,-0.00301
3785.25992,-0.00284
3783.83475,-0.00265
3782.40958,-0.00247
3780.98440,-0.00229
3779.55923,-0.00209
3778.13406,-0.00194
3776.70888,-0.00192
3775.28371,-0.00199
3773.85854,-0.00205
3772.43336,-0.00204
3771.00819,-0.00198
3769.58302,-0.00192
3768.15784,-0.00185
3766.73267,-0.00175
3765.30750,-0.00164
3763.88232,-0.00161
3762.45715,-0.00168
3761.03198,-0.00175
3759.60681,-0.00174
3758.18163,-0.00168
3756.75646,-0.00167
3755.33129,-0.00171
3753.90611,-0.00174
3752.48094,-0.00168
3751.05577,-0.00154
3749.63059,-0.00150
3748.20542,-0.00156
3746.78025,-0.00160
3745.35507,-0.00153
3743.92990,-0.00147
3742.50473,-0.00158
3741.07955,-0.00180
3739.65438,-0.00200
3738.22921,-0.00209
3736.80403,-0.00204
3735.37886,-0.00189
3733.95369,-0.00173
3732.52851,-0.00164
3731.10334,-0.00161
3729.67817,-0.00165
3728.25300,-0.00170
3726.82782,-0.00174
3725.40265,-0.00175
3723.97748,-0.00172
3722.55230,-0.00166
3721.12713,-0.00160
3719.70196,-0.00155
3718.27678,-0.00152
3716.85161,-0.00146
3715.42644,-0.00139
3714.00126,-0.00130
3712.57609,-0.00120
3711.15092,-0.00111
3709.72574,-0.00109
3708.30057,-0.00113
3706.87540,-0.00120
3705.45022,-0.00125
3704.02505,-0.00127
3702.59988,-0.00127
3701.17471,-0.00127
3699.74953,-0.00128
3698.32436,-0.00131
3696.89919,-0.00138
3695.47401,-0.00148
3694.04884,-0.00157
3692.62367,-0.00161
3691.19849,-0.00164
3689.77332,-0.00168
3688.34815,-0.00179
3686.92297,-0.00196
3685.49780,-0.00217
3684.07263,-0.00239
3682.64745,-0.00262
3681.22228,-0.00283
3679.79711,-0.00300
3678.37193,-0.00311
3676.94676,-0.00316
3675.52159,-0.00325
3674.09642,-0.00347
3672.67124,-0.00378
3671.24607,-0.00411
3669.82090,-0.00446
3668.39572,-0.00487
3666.97055,-0.00531
3665.54538,-0.00576
3664.12020,-0.00621
3662.69503,-0.00663
3661.26986,-0.00703
3659.84468,-0.00741
3658.41951,-0.00780
3656.99434,-0.00823
3655.56916,-0.00876
3654.14399,-0.00934
3652.71882,-0.00990
3651.29364,-0.01042
3649.86847,-0.01093
3648.44330,-0.01148
3647.01813,-0.01209
3645.59295,-0.01273
3644.16778,-0.01340
3642.74261,-0.01411
3641.31743,-0.01484
3639.89226,-0.01556
3638.46709,-0.01625
3637.04191,-0.01697
3635.61674,-0.01776
3634.19157,-0.01863
3632.76639,-0.01952
3631.34122,-0.02035
3629.91605,-0.02101
3628.49087,-0.02155
3627.06570,-0.02212
3625.64053,-0.02283
3624.21535,-0.02361
3622.79018,-0.02440
3621.36501,-0.02517
3619.93984,-0.02588
3618.51466,-0.02659
3617.08949,-0.02735
3615.66432,-0.02816
3614.23914,-0.02893
3612.81397,-0.02965
3611.38880,-0.03038
3609.96362,-0.03114
3608.53845,-0.03188
3607.11328,-0.03261
3605.68810,-0.03342
3604.26293,-0.03436
3602.83776,-0.03534
3601.41258,-0.03623
3599.98741,-0.03700
3598.56224,-0.03776
3597.13706,-0.03852
3595.71189,-0.03927
3594.28672,-0.04002
3592.86154,-0.04083
3591.43637,-0.04171
3590.01120,-0.04255
3588.58603,-0.04328
3587.16085,-0.04399
3585.73568,-0.04486
3584.31051,-0.04591
3582.88533,-0.04702
3581.46016,-0.04809
3580.03499,-0.04911
3578.60981,-0.05013
3577.18464,-0.05122
3575.75947,-0.05239
3574.33429,-0.05359
3572.90912,-0.05476
3571.48395,-0.05594
3570.05877,-0.05710
3568.63360,-0.05817
3567.20843,-0.05917
3565.78325,-0.06022
3564.35808,-0.06137
3562.93291,-0.06259
3561.50774,-0.06388
3560.08256,-0.06519
3558.65739,-0.06653
3557.23222,-0.06789
3555.80704,-0.06924
3554.38187,-0.07055
3552.95670,-0.07178
3551.53152,-0.07301
3550.10635,-0.07437
3548.68118,-0.07588
3547.25600,-0.07744
3545.83083,-0.07893
3544.40566,-0.08032
3542.98048,-0.08165
3541.55531,-0.08299
3540.13014,-0.08437
3538.70496,-0.08575
3537.27979,-0.08712
3535.85462,-0.08856
3534.42945,-0.09012
3533.00427,-0.09174
3531.57910,-0.09334
3530.15393,-0.09485
3528.72875,-0.09625
3527.30358,-0.09761
3525.87841,-0.09895
3524.45323,-0.10027
3523.02806,-0.10159
3521.60289,-0.10300
3520.17771,-0.10450
3518.75254,-0.10594
3517.32737,-0.10722
3515.90219,-0.10832
3514.47702,-0.10943
3513.05185,-0.11072
3511.62667,-0.11216
3510.20150,-0.11361
3508.77633,-0.11501
3507.35116,-0.11639
3505.92598,-0.11772
3504.50081,-0.11890
3503.07564,-0.11994
3501.65046,-0.12097
3500.22529,-0.12209
3498.80012,-0.12324
3497.37494,-0.12433
3495.94977,-0.12538
3494.52460,-0.12643
3493.09942,-0.12751
3491.67425,-0.12862
3490.24908,-0.12970
3488.82390,-0.13072
3487.39873,-0.13181
3485.97356,-0.13310
3484.54838,-0.13443
3483.12321,-0.13550
3481.69804,-0.13629
3480.27287,-0.13708
3478.84769,-0.13816
3477.42252,-0.13945
3475.99735,-0.14065
3474.57217,-0.14163
3473.14700,-0.14247
3471.72183,-0.14327
3470.29665,-0.14408
3468.87148,-0.14493
3467.44631,-0.14586
3466.02113,-0.14687
3464.59596,-0.14788
3463.17079,-0.14876
3461.74561,-0.14947
3460.32044,-0.15023
3458.89527,-0.15117
3457.47009,-0.15219
3456.04492,-0.15307
3454.61975,-0.15377
3453.19457,-0.15443
3451.76940,-0.15522
3450.34423,-0.15593
3448.91906,-0.15623
3447.49388,-0.15618
3446.06871,-0.15627
3444.64354,-0.15670
3443.21836,-0.15726
3441.79319,-0.15769
3440.36802,-0.15790
3438.94284,-0.15787
3437.51767,-0.15770
3436.09250,-0.15760
3434.66732,-0.15763
3433.24215,-0.15762
3431.81698,-0.15738
3430.39180,-0.15699
3428.96663,-0.15670
3427.54146,-0.15659
3426.11628,-0.15651
3424.69111,-0.15633
3423.26594,-0.15594
3421.84077,-0.15525
3420.41559,-0.15435
3418.99042,-0.15347
3417.56525,-0.15272
3416.14007,-0.15205
3414.71490,-0.15133
3413.28973,-0.15052
3411.86455,-0.14957
3410.43938,-0.14852
3409.01421,-0.14741
3407.58903,-0.14631
3406.16386,-0.14519
3404.73869,-0.14398
3403.31351,-0.14265
3401.88834,-0.14135
3400.46317,-0.14022
3399.03799,-0.13926
3397.61282,-0.13832
3396.18765,-0.13724
3394.76248,-0.13595
3393.33730,-0.13451
3391.91213,-0.13314
3390.48696,-0.13204
3389.06178,-0.13114
3387.63661,-0.13021
3386.21144,-0.12902
3384.78626,-0.12759
3383.36109,-0.12609
3381.93592,-0.12461
3380.51074,-0.12315
3379.08557,-0.12174
3377.66040,-0.12044
3376.23522,-0.11922
3374.81005,-0.11805
3373.38488,-0.11687
3371.95970,-0.11569
3370.53453,-0.11453
3369.10936,-0.11339
3367.68419,-0.11229
3366.25901,-0.11124
3364.83384,-0.11019
3363.40867,-0.10907
3361.98349,-0.10785
3360.55832,-0.10656
3359.13315,-0.10532
3357.70797,-0.10414
3356.28280,-0.10297
3354.85763,-0.10172
3353.43245,-0.10041
3352.00728,-0.09914
3350.58211,-0.09802
3349.15693,-0.09701
3347.73176,-0.09594
3346.30659,-0.09470
3344.88141,-0.09340
3343.45624,-0.09215
3342.03107,-0.09094
3340.60590,-0.08967
3339.18072,-0.08837
3337.75555,-0.08717
3336.33038,-0.08609
3334.90520,-0.08503
3333.48003,-0.08396
3332.05486,-0.08285
3330.62968,-0.08166
3329.20451,-0.08036
3327.77934,-0.07901
3326.35416,-0.07767
3324.92899,-0.07635
3323.50382,-0.07510
3322.07864,-0.07392
3320.65347,-0.07277
3319.22830,-0.07157
3317.80312,-0.07032
3316.37795,-0.06906
3314.95278,-0.06788
3313.52760,-0.06679
3312.10243,-0.06574
3310.67726,-0.06457
3309.25209,-0.06325
3307.82691,-0.06186
3306.40174,-0.06058
3304.97657,-0.05948
3303.55139,-0.05851
3302.12622,-0.05758
3300.70105,-0.05662
3299.27587,-0.05562
3297.85070,-0.05460
3296.42553,-0.05356
3295.00035,-0.05253
3293.57518,-0.05153
3292.15001,-0.05062
3290.72483,-0.04976
3289.29966,-0.04890
3287.87449,-0.04802
3286.44931,-0.04714
3285.02414,-0.04629
3283.59897,-0.04545
3282.17380,-0.04463
3280.74862,-0.04386
3279.32345,-0.04315
3277.89828,-0.04249
3276.47310,-0.04185
3275.04793,-0.04122
3273.62276,-0.04059
3272.19758,-0.03999
3270.77241,-0.03948
3269.34724,-0.03906
3267.92206,-0.03864
3266.49689,-0.03816
3265.07172,-0.03763
3263.64654,-0.03714
3262.22137,-0.03671
3260.79620,-0.03631
3259.37102,-0.03587
3257.94585,-0.03538
3256.52068,-0.03485
3255.09551,-0.03433
3253.67033,-0.03388
3252.24516,-0.03348
3250.81999,-0.03313
3249.39481,-0.03276
3247.96964,-0.03237
3246.54447,-0.03195
3245.11929,-0.03154
3243.69412,-0.03119
3242.26895,-0.03087
3240.84377,-0.03054
3239.41860,-0.03019
3237.99343,-0.02981
3236.56825,-0.02940
3235.14308,-0.02901
3233.71791,-0.02870
3232.29273,-0.02845
3230.86756,-0.02818
3229.44239,-0.02784
3228.01722,-0.02744
3226.59204,-0.02701
3225.16687,-0.02657
3223.74170,-0.02614
3222.31652,-0.02575
3220.89135,-0.02537
3219.46618,-0.02499
3218.04100,-0.02458
3216.61583,-0.02416
3215.19066,-0.02376
3213.76548,-0.02338
3212.34031,-0.02304
3210.91514,-0.02273
3209.48996,-0.02240
3208.06479,-0.02202
3206.63962,-0.02160
3205.21444,-0.02117
3203.78927,-0.02076
3202.36410,-0.02037
3200.93893,-0.01999
3199.51375,-0.01961
3198.08858,-0.01919
3196.66341,-0.01876
3195.23823,-0.01834
3193.81306,-0.01795
3192.38789,-0.01759
3190.96271,-0.01725
3189.53754,-0.01694
3188.11237,-0.01664
3186.68719,-0.01634
3185.26202,-0.01603
3183.83685,-0.01573
3182.41167,-0.01544
3180.98650,-0.01514
3179.56133,-0.01484
3178.13615,-0.01449
3176.71098,-0.01412
3175.28581,-0.01382
3173.86063,-0.01363
3172.43546,-0.01352
3171.01029,-0.01339
3169.58512,-0.01321
3168.15994,-0.01303
3166.73477,-0.01289
3165.30960,-0.01279
3163.88442,-0.01268
3162.45925,-0.01254
3161.03408,-0.01241
3159.60890,-0.01232
3158.18373,-0.01229
3156.75856,-0.01229
3155.33338,-0.01227
3153.90821,-0.01222
3152.48304,-0.01214
3151.05786,-0.01206
3149.63269,-0.01199
3148.20752,-0.01193
3146.78234,-0.01190
3145.35717,-0.01189
3143.93200,-0.01189
3142.50683,-0.01191
3141.08165,-0.01192
3139.65648,-0.01191
3138.23131,-0.01187
3136.80613,-0.01179
3135.38096,-0.01170
3133.95579,-0.01160
3132.53061,-0.01148
3131.10544,-0.01137
3129.68027,-0.01127
3128.25509,-0.01122
3126.82992,-0.01120
3125.40475,-0.01115
3123.97957,-0.01106
3122.55440,-0.01093
3121.12923,-0.01076
3119.70405,-0.01058
3118.27888,-0.01040
3116.85371,-0.01021
3115.42854,-0.01004
3114.00336,-0.00986
3112.57819,-0.00967
3111.15302,-0.00950
3109.72784,-0.00934
3108.30267,-0.00921
3106.87750,-0.00909
3105.45232,-0.00900
3104.02715,-0.00891
3102.60198,-0.00878
3101.17680,-0.00861
3099.75163,-0.00844
3098.32646,-0.00828
3096.90128,-0.00815
3095.47611,-0.00802
3094.05094,-0.00790
3092.62576,-0.00781
3091.20059,-0.00773
3089.77542,-0.00766
3088.35025,-0.00760
3086.92507,-0.00755
3085.49990,-0.00753
3084.07473,-0.00752
3082.64955,-0.00751
3081.22438,-0.00749
3079.79921,-0.00746
3078.37403,-0.00746
3076.94886,-0.00747
3075.52369,-0.00746
3074.09851,-0.00742
3072.67334,-0.00736
3071.24817,-0.00731
3069.82299,-0.00726
3068.39782,-0.00723
3066.97265,-0.00721
3065.54747,-0.00723
3064.12230,-0.00726
3062.69713,-0.00727
3061.27196,-0.00727
3059.84678,-0.00731
3058.42161,-0.00736
3056.99644,-0.00743
3055.57126,-0.00748
3054.14609,-0.00753
3052.72092,-0.00756
3051.29574,-0.00758
3049.87057,-0.00759
3048.44540,-0.00765
3047.02022,-0.00776
3045.59505,-0.00790
3044.16988,-0.00803
3042.74470,-0.00813
3041.31953,-0.00818
3039.89436,-0.00821
3038.46918,-0.00824
3037.04401,-0.00830
3035.61884,-0.00841
3034.19366,-0.00856
3032.76849,-0.00874
3031.34332,-0.00891
3029.91815,-0.00906
3028.49297,-0.00920
3027.06780,-0.00934
3025.64263,-0.00950
3024.21745,-0.00964
3022.79228,-0.00974
3021.36711,-0.00982
3019.94193,-0.00988
3018.51676,-0.00992
3017.09159,-0.00992
3015.66641,-0.00992
3014.24124,-0.00992
3012.81607,-0.00991
3011.39089,-0.00986
3009.96572,-0.00980
3008.54055,-0.00974
3007.11537,-0.00970
3005.69020,-0.00964
3004.26503,-0.00953
3002.83986,-0.00938
3001.41468,-0.00922
2999.98951,-0.00906
2998.56434,-0.00890
2997.13916,-0.00877
2995.71399,-0.00865
2994.28882,-0.00851
2992.86364,-0.00835
2991.43847,-0.00815
2990.01330,-0.00793
2988.58812,-0.00770
2987.16295,-0.00747
2985.73778,-0.00722
2984.31260,-0.00696
2982.88743,-0.00669
2981.46226,-0.00638
2980.03708,-0.00606
2978.61191,-0.00572
2977.18674,-0.00538
2975.76157,-0.00504
2974.33639,-0.00473
2972.91122,-0.00447
2971.48605,-0.00428
2970.06087,-0.00415
2968.63570,-0.00408
2967.21053,-0.00408
2965.78535,-0.00416
2964.36018,-0.00430
2962.93501,-0.00450
2961.50983,-0.00474
2960.08466,-0.00505
2958.65949,-0.00546
2957.23431,-0.00597
2955.80914,-0.00653
2954.38397,-0.00711
2952.95879,-0.00767
2951.53362,-0.00820
2950.10845,-0.00869
2948.68328,-0.00916
2947.25810,-0.00956
2945.83293,-0.00986
2944.40776,-0.01006
2942.98258,-0.01019
2941.55741,-0.01033
2940.13224,-0.01048
2938.70706,-0.01063
2937.28189,-0.01078
2935.85672,-0.01097
2934.43154,-0.01121
2933.00637,-0.01147
2931.58120,-0.01173
2930.15602,-0.01198
2928.73085,-0.01223
2927.30568,-0.01247
2925.88050,-0.01271
2924.45533,-0.01294
2923.03016,-0.01316
2921.60498,-0.01337
2920.17981,-0.01358
2918.75464,-0.01380
2917.32947,-0.01400
2915.90429,-0.01421
2914.47912,-0.01442
2913.05395,-0.01465
2911.62877,-0.01486
2910.20360,-0.01503
2908.77843,-0.01515
2907.35325,-0.01524
2905.92808,-0.01530
2904.50291,-0.01536
2903.07773,-0.01542
2901.65256,-0.01549
2900.22739,-0.01557
2898.80221,-0.01566
2897.37704,-0.01576
2895.95187,-0.01582
2894.52669,-0.01580
2893.10152,-0.01569
2891.67635,-0.01556
2890.25118,-0.01544
2888.82600,-0.01534
2887.40083,-0.01522
2885.97566,-0.01503
2884.55048,-0.01480
2883.12531,-0.01461
2881.70014,-0.01446
2880.27496,-0.01434
2878.84979,-0.01423
2877.42462,-0.01414
2875.99944,-0.01408
2874.57427,-0.01406
2873.14910,-0.01411
2871.72392,-0.01423
2870.29875,-0.01441
2868.87358,-0.01467
2867.44840,-0.01501
2866.02323,-0.01542
2864.59806,-0.01585
2863.17289,-0.01627
2861.74771,-0.01666
2860.32254,-0.01702
2858.89737,-0.01740
2857.47219,-0.01780
2856.04702,-0.01825
2854.62185,-0.01870
2853.19667,-0.01915
2851.77150,-0.01959
2850.34633,-0.02002
2848.92115,-0.02043
2847.49598,-0.02083
2846.07081,-0.02124
2844.64563,-0.02169
2843.22046,-0.02215
2841.79529,-0.02256
2840.37011,-0.02291
2838.94494,-0.02324
2837.51977,-0.02361
2836.09460,-0.02400
2834.66942,-0.02435
2833.24425,-0.02464
2831.81908,-0.02494
2830.39390,-0.02528
2828.96873,-0.02567
2827.54356,-0.02608
2826.11838,-0.02650
2824.69321,-0.02692
2823.26804,-0.02735
2821.84286,-0.02777
2820.41769,-0.02818
2818.99252,-0.02861
2817.56734,-0.02904
2816.14217,-0.02949
2814.71700,-0.02997
2813.29182,-0.03050
2811.86665,-0.03107
2810.44148,-0.03165
2809.01631,-0.03228
2807.59113,-0.03295
2806.16596,-0.03366
2804.74079,-0.03435
2803.31561,-0.03498
2801.89044,-0.03556
2800.46527,-0.03616
2799.04009,-0.03681
2797.61492,-0.03751
2796.18975,-0.03824
2794.76457,-0.03898
2793.33940,-0.03977
2791.91423,-0.04062
2790.48905,-0.04155
2789.06388,-0.04259
2787.63871,-0.04378
2786.21353,-0.04511
2784.78836,-0.04656
2783.36319,-0.04815
2781.93801,-0.04994
2780.51284,-0.05197
2779.08767,-0.05421
2777.66250,-0.05664
2776.23732,-0.05928
2774.81215,-0.06222
2773.38698,-0.06551
2771.96180,-0.06915
2770.53663,-0.07310
2769.11146,-0.07737
2767.68628,-0.08200
2766.26111,-0.08709
2764.83594,-0.09273
2763.41076,-0.09900
2761.98559,-0.10598
2760.56042,-0.11370
2759.13524,-0.12220
2757.71007,-0.13154
2756.28490,-0.14182
2754.85972,-0.15318
2753.43455,-0.16581
2752.00938,-0.17977
2750.58421,-0.19493
2749.15903,-0.21116
2747.73386,-0.22852
2746.30869,-0.24707
2744.88351,-0.26654
2743.45834,-0.28646
2742.03317,-0.30654
2740.60799,-0.32670
2739.18282,-0.34675
2737.75765,-0.36615
2736.33247,-0.38425
2734.90730,-0.40046
2733.48213,-0.41431
2732.05695,-0.42560
2730.63178,-0.43444
2729.20661,-0.44109
2727.78143,-0.44593
2726.35626,-0.44936
2724.93109,-0.45162
2723.50592,-0.45268
2722.08074,-0.45262
2720.65557,-0.45182
2719.23040,-0.45066
2717.80522,-0.44914
2716.38005,-0.44702
2714.95488,-0.44417
2713.52970,-0.44081
2712.10453,-0.43729
2710.67936,-0.43378
2709.25418,-0.43019
2707.82901,-0.42645
2706.40384,-0.42264
2704.97866,-0.41888
2703.55349,-0.41506
2702.12832,-0.41089
2700.70314,-0.40641
2699.27797,-0.40207
2697.85280,-0.39810
2696.42763,-0.39411
2695.00245,-0.38974
2693.57728,-0.38532
2692.15211,-0.38132
2690.72693,-0.37780
2689.30176,-0.37447
2687.87659,-0.37109
2686.45141,-0.36745
2685.02624,-0.36343
2683.60107,-0.35925
2682.17589,-0.35539
2680.75072,-0.35211
2679.32555,-0.34921
2677.90037,-0.34651
2676.47520,-0.34426
2675.05003,-0.34270
2673.62485,-0.34155
2672.19968,-0.34026
2670.77451,-0.33861
2669.34934,-0.33691
2667.92416,-0.33562
2666.49899,-0.33499
2665.07382,-0.33494
2663.64864,-0.33509
2662.22347,-0.33498
2660.79830,-0.33454
2659.37312,-0.33408
2657.94795,-0.33402
2656.52278,-0.33447
2655.09760,-0.33532
2653.67243,-0.33627
2652.24726,-0.33701
2650.82208,-0.33747
2649.39691,-0.33802
2647.97174,-0.33898
2646.54656,-0.34023
2645.12139,-0.34139
2643.69622,-0.34239
2642.27104,-0.34341
2640.84587,-0.34454
2639.42070,-0.34576
2637.99553,-0.34703
2636.57035,-0.34832
2635.14518,-0.34953
2633.72001,-0.35058
2632.29483,-0.35139
2630.86966,-0.35190
2629.44449,-0.35210
2628.01931,-0.35199
2626.59414,-0.35175
2625.16897,-0.35167
2623.74379,-0.35183
2622.31862,-0.35203
2620.89345,-0.35200
2619.46827,-0.35158
2618.04310,-0.35074
2616.61793,-0.34956
2615.19275,-0.34829
2613.76758,-0.34720
2612.34241,-0.34628
2610.91724,-0.34532
2609.49206,-0.34418
2608.06689,-0.34288
2606.64172,-0.34132
2605.21654,-0.33933
2603.79137,-0.33690
2602.36620,-0.33423
2600.94102,-0.33160
2599.51585,-0.32907
2598.09068,-0.32642
2596.66550,-0.32350
2595.24033,-0.32057
2593.81516,-0.31806
2592.38998,-0.31608
2590.96481,-0.31429
2589.53964,-0.31225
2588.11446,-0.30989
2586.68929,-0.30751
2585.26412,-0.30532
2583.83895,-0.30316
2582.41377,-0.30099
2580.98860,-0.29914
2579.56343,-0.29784
2578.13825,-0.29680
2576.71308,-0.29568
2575.28791,-0.29460
2573.86273,-0.29375
2572.43756,-0.29303
2571.01239,-0.29214
2569.58721,-0.29109
2568.16204,-0.29025
2566.73687,-0.29000
2565.31169,-0.29025
2563.88652,-0.29076
2562.46135,-0.29146
2561.03617,-0.29239
2559.61100,-0.29344
2558.18583,-0.29456
2556.76066,-0.29576
2555.33548,-0.29710
2553.91031,-0.29849
2552.48514,-0.29983
2551.05996,-0.30118
2549.63479,-0.30276
2548.20962,-0.30462
2546.78444,-0.30661
2545.35927,-0.30850
2543.93410,-0.31018
2542.50892,-0.31166
2541.08375,-0.31307
2539.65858,-0.31447
2538.23340,-0.31584
2536.80823,-0.31728
2535.38306,-0.31888
2533.95788,-0.32036
2532.53271,-0.32135
2531.10754,-0.32189
2529.68237,-0.32235
2528.25719,-0.32291
2526.83202,-0.32347
2525.40685,-0.32396
2523.98167,-0.32436
2522.55650,-0.32447
2521.13133,-0.32402
2519.70615,-0.32311
2518.28098,-0.32210
2516.85581,-0.32124
2515.43063,-0.32054
2514.00546,-0.31988
2512.58029,-0.31903
2511.15511,-0.31771
2509.72994,-0.31590
2508.30477,-0.31388
2506.87959,-0.31191
2505.45442,-0.31002
2504.02925,-0.30797
2502.60407,-0.30551
2501.17890,-0.30273
2499.75373,-0.30013
2498.32856,-0.29806
2496.90338,-0.29632
2495.47821,-0.29455
2494.05304,-0.29269
2492.62786,-0.29088
2491.20269,-0.28930
2489.77752,-0.28790
2488.35234,-0.28640
2486.92717,-0.28467
2485.50200,-0.28299
2484.07682,-0.28178
2482.65165,-0.28112
2481.22648,-0.28075
2479.80130,-0.28048
2478.37613,-0.28031
2476.95096,-0.28028
2475.52578,-0.28035
2474.10061,-0.28058
2472.67544,-0.28120
2471.25027,-0.28226
2469.82509,-0.28363
2468.39992,-0.28524
2466.97475,-0.28709
2465.54957,-0.28919
2464.12440,-0.29148
2462.69923,-0.29392
2461.27405,-0.29650
2459.84888,-0.29928
2458.42371,-0.30224
2456.99853,-0.30529
2455.57336,-0.30852
2454.14819,-0.31210
2452.72301,-0.31586
2451.29784,-0.31941
2449.87267,-0.32264
2448.44749,-0.32583
2447.02232,-0.32922
2445.59715,-0.33277
2444.17198,-0.33616
2442.74680,-0.33910
2441.32163,-0.34151
2439.89646,-0.34367
2438.47128,-0.34599
2437.04611,-0.34857
2435.62094,-0.35111
2434.19576,-0.35324
2432.77059,-0.35489
2431.34542,-0.35627
2429.92024,-0.35757
2428.49507,-0.35883
2427.06990,-0.35990
2425.64472,-0.36062
2424.21955,-0.36108
2422.79438,-0.36157
2421.36920,-0.36217
2419.94403,-0.36272
2418.51886,-0.36306
2417.09369,-0.36311
2415.66851,-0.36292
2414.24334,-0.36248
2412.81817,-0.36168
2411.39299,-0.36040
2409.96782,-0.35888
2408.54265,-0.35747
2407.11747,-0.35611
2405.69230,-0.35456
2404.26713,-0.35287
2402.84195,-0.35124
2401.41678,-0.34978
2399.99161,-0.34862
2398.56643,-0.34783
2397.14126,-0.34727
2395.71609,-0.34673
2394.29091,-0.34624
2392.86574,-0.34591
2391.44057,-0.34568
2390.01540,-0.34532
2388.59022,-0.34465
2387.16505,-0.34394
2385.73988,-0.34357
2384.31470,-0.34366
2382.88953,-0.34418
2381.46436,-0.34535
2380.03918,-0.34754
2378.61401,-0.35063
2377.18884,-0.35372
2375.76366,-0.35572
2374.33849,-0.35637
2372.91332,-0.35651
2371.48814,-0.35735
2370.06297,-0.35946
2368.63780,-0.36234
2367.21262,-0.36481
2365.78745,-0.36659
2364.36228,-0.36918
2362.93710,-0.37346
2361.51193,-0.37719
2360.08676,-0.37753
2358.66159,-0.37536
2357.23641,-0.37416
2355.81124,-0.37579
2354.38607,-0.37951
2352.96089,-0.38412
2351.53572,-0.38944
2350.11055,-0.39543
2348.68537,-0.40131
2347.26020,-0.40590
2345.83503,-0.40875
2344.40985,-0.41096
2342.98468,-0.41393
2341.55951,-0.41717
2340.13433,-0.41936
2338.70916,-0.42048
2337.28399,-0.42190
2335.85881,-0.42490
2334.43364,-0.42897
2333.00847,-0.43210
2331.58330,-0.43283
2330.15812,-0.43206
2328.73295,-0.43205
2327.30778,-0.43375
2325.88260,-0.43609
2324.45743,-0.43771
2323.03226,-0.43854
2321.60708,-0.43924
2320.18191,-0.43970
2318.75674,-0.43949
2317.33156,-0.43900
2315.90639,-0.43885
2314.48122,-0.43868
2313.05604,-0.43766
2311.63087,-0.43599
2310.20570,-0.43470
2308.78052,-0.43411
2307.35535,-0.43356
2305.93018,-0.43258
2304.50501,-0.43132
2303.07983,-0.43002
2301.65466,-0.42855
2300.22949,-0.42659
2298.80431,-0.42416
2297.37914,-0.42167
2295.95397,-0.41945
2294.52879,-0.41731
2293.10362,-0.41492
2291.67845,-0.41238
2290.25327,-0.41012
2288.82810,-0.40834
2287.40293,-0.40680
2285.97775,-0.40504
2284.55258,-0.40288
2283.12741,-0.40052
2281.70223,-0.39820
2280.27706,-0.39599
2278.85189,-0.39396
2277.42672,-0.39221
2276.00154,-0.39053
2274.57637,-0.38859
2273.15120,-0.38631
2271.72602,-0.38400
2270.30085,-0.38193
2268.87568,-0.38002
2267.45050,-0.37800
2266.02533,-0.37581
2264.60016,-0.37356
2263.17498,-0.37135
2261.74981,-0.36926
2260.32464,-0.36728
2258.89946,-0.36516
2257.47429,-0.36263
2256.04912,-0.35983
2254.62394,-0.35715
2253.19877,-0.35481
2251.77360,-0.35253
2250.34843,-0.34986
2248.92325,-0.34663
2247.49808,-0.34315
2246.07291,-0.33985
2244.64773,-0.33674
2243.22256,-0.33352
2241.79739,-0.33002
2240.37221,-0.32628
2238.94704,-0.32243
2237.52187,-0.31843
2236.09669,-0.31419
2234.67152,-0.30973
2233.24635,-0.30527
2231.82117,-0.30092
2230.39600,-0.29660
2228.97083,-0.29218
2227.54565,-0.28765
2226.12048,-0.28303
2224.69531,-0.27825
2223.27013,-0.27322
2221.84496,-0.26791
2220.41979,-0.26247
2218.99462,-0.25706
2217.56944,-0.25164
2216.14427,-0.24607
2214.71910,-0.24040
2213.29392,-0.23485
2211.86875,-0.22951
2210.44358,-0.22421
2209.01840,-0.21883
2207.59323,-0.21344
2206.16806,-0.20814
2204.74288,-0.20286
2203.31771,-0.19759
2201.89254,-0.19238
2200.46736,-0.18728
2199.04219,-0.18226
2197.61702,-0.17728
2196.19184,-0.17233
2194.76667,-0.16747
2193.34150,-0.16274
2191.91633,-0.15812
2190.49115,-0.15358
2189.06598,-0.14914
2187.64081,-0.14489
2186.21563,-0.14087
2184.79046,-0.13710
2183.36529,-0.13345
2181.94011,-0.12982
2180.51494,-0.12625
2179.08977,-0.12286
2177.66459,-0.11964
2176.23942,-0.11645
2174.81425,-0.11327
2173.38907,-0.11025
2171.96390,-0.10750
2170.53873,-0.10498
2169.11355,-0.10258
2167.68838,-0.10020
2166.26321,-0.09785
2164.83804,-0.09558
2163.41286,-0.09340
2161.98769,-0.09131
2160.56252,-0.08928
2159.13734,-0.08734
2157.71217,-0.08549
2156.28700,-0.08372
2154.86182,-0.08202
2153.43665,-0.08043
2152.01148,-0.07893
2150.58630,-0.07747
2149.16113,-0.07600
2147.73596,-0.07455
2146.31078,-0.07322
2144.88561,-0.07200
2143.46044,-0.07080
2142.03526,-0.06956
2140.61009,-0.06831
2139.18492,-0.06714
2137.75975,-0.06603
2136.33457,-0.06493
2134.90940,-0.06382
2133.48423,-0.06271
2132.05905,-0.06160
2130.63388,-0.06047
2129.20871,-0.05933
2127.78353,-0.05820
2126.35836,-0.05709
2124.93319,-0.05603
2123.50801,-0.05498
2122.08284,-0.05390
2120.65767,-0.05278
2119.23249,-0.05164
2117.80732,-0.05051
2116.38215,-0.04940
2114.95697,-0.04830
2113.53180,-0.04721
2112.10663,-0.04613
2110.68146,-0.04507
2109.25628,-0.04400
2107.83111,-0.04290
2106.40594,-0.04176
2104.98076,-0.04061
2103.55559,-0.03952
2102.13042,-0.03853
2100.70524,-0.03761
2099.28007,-0.03672
2097.85490,-0.03581
2096.42972,-0.03483
2095.00455,-0.03380
2093.57938,-0.03278
2092.15420,-0.03185
2090.72903,-0.03100
2089.30386,-0.03019
2087.87868,-0.02939
2086.45351,-0.02859
2085.02834,-0.02780
2083.60316,-0.02705
2082.17799,-0.02634
2080.75282,-0.02565
2079.32765,-0.02501
2077.90247,-0.02442
2076.47730,-0.02388
2075.05213,-0.02335
2073.62695,-0.02282
2072.20178,-0.02232
2070.77661,-0.02185
2069.35143,-0.02140
2067.92626,-0.02096
2066.50109,-0.02054
2065.07591,-0.02017
2063.65074,-0.01983
2062.22557,-0.01951
2060.80039,-0.01921
2059.37522,-0.01896
2057.95005,-0.01875
2056.52487,-0.01857
2055.09970,-0.01838
2053.67453,-0.01817
2052.24936,-0.01797
2050.82418,-0.01779
2049.39901,-0.01766
2047.97384,-0.01755
2046.54866,-0.01746
2045.12349,-0.01739
2043.69832,-0.01734
2042.27314,-0.01733
2040.84797,-0.01734
2039.42280,-0.01733
2037.99762,-0.01728
2036.57245,-0.01719
2035.14728,-0.01710
2033.72210,-0.01703
2032.29693,-0.01698
2030.87176,-0.01694
2029.44658,-0.01691
2028.02141,-0.01687
2026.59624,-0.01679
2025.17107,-0.01667
2023.74589,-0.01652
2022.32072,-0.01635
2020.89555,-0.01620
2019.47037,-0.01605
2018.04520,-0.01587
2016.62003,-0.01566
2015.19485,-0.01544
2013.76968,-0.01524
2012.34451,-0.01504
2010.91933,-0.01482
2009.49416,-0.01456
2008.06899,-0.01429
2006.64381,-0.01401
2005.21864,-0.01375
2003.79347,-0.01349
2002.36829,-0.01321
2000.94312,-0.01290
1999.51795,-0.01255
1998.09278,-0.01221
1996.66760,-0.01189
1995.24243,-0.01159
1993.81726,-0.01128
1992.39208,-0.01095
1990.96691,-0.01062
1989.54174,-0.01032
1988.11656,-0.01005
1986.69139,-0.00977
1985.26622,-0.00951
1983.84104,-0.00928
1982.41587,-0.00907
1980.99070,-0.00887
1979.56552,-0.00867
1978.14035,-0.00847
1976.71518,-0.00828
1975.29000,-0.00808
1973.86483,-0.00790
1972.43966,-0.00775
1971.01449,-0.00765
1969.58931,-0.00757
1968.16414,-0.00747
1966.73897,-0.00739
1965.31379,-0.00734
1963.88862,-0.00733
1962.46345,-0.00734
1961.03827,-0.00734
1959.61310,-0.00736
1958.18793,-0.00740
1956.76275,-0.00744
1955.33758,-0.00748
1953.91241,-0.00752
1952.48723,-0.00759
1951.06206,-0.00767
1949.63689,-0.00779
1948.21171,-0.00796
1946.78654,-0.00816
1945.36137,-0.00836
1943.93619,-0.00853
1942.51102,-0.00864
1941.08585,-0.00872
1939.66068,-0.00882
1938.23550,-0.00895
1936.81033,-0.00910
1935.38516,-0.00925
1933.95998,-0.00941
1932.53481,-0.00958
1931.10964,-0.00974
1929.68446,-0.00986
1928.25929,-0.00997
1926.83412,-0.01004
1925.40894,-0.01010
1923.98377,-0.01014
1922.55860,-0.01018
1921.13342,-0.01021
1919.70825,-0.01023
1918.28308,-0.01024
1916.85790,-0.01026
1915.43273,-0.01029
1914.00756,-0.01033
1912.58239,-0.01033
1911.15721,-0.01028
1909.73204,-0.01020
1908.30687,-0.01010
1906.88169,-0.01000
1905.45652,-0.00992
1904.03135,-0.00983
1902.60617,-0.00973
1901.18100,-0.00960
1899.75583,-0.00946
1898.33065,-0.00931
1896.90548,-0.00918
1895.48031,-0.00906
1894.05513,-0.00894
1892.62996,-0.00883
1891.20479,-0.00870
1889.77961,-0.00854
1888.35444,-0.00836
1886.92927,-0.00818
1885.50410,-0.00802
1884.07892,-0.00789
1882.65375,-0.00776
1881.22858,-0.00765
1879.80340,-0.00752
1878.37823,-0.00739
1876.95306,-0.00726
1875.52788,-0.00718
1874.10271,-0.00712
1872.67754,-0.00706
1871.25236,-0.00699
1869.82719,-0.00690
1868.40202,-0.00683
1866.97684,-0.00682
1865.55167,-0.00686
1864.12650,-0.00693
1862.70132,-0.00698
1861.27615,-0.00702
1859.85098,-0.00707
1858.42581,-0.00714
1857.00063,-0.00722
1855.57546,-0.00732
1854.15029,-0.00745
1852.72511,-0.00760
1851.29994,-0.00778
1849.87477,-0.00796
1848.44959,-0.00814
1847.02442,-0.00831
1845.59925,-0.00849
1844.17407,-0.00870
1842.74890,-0.00894
1841.32373,-0.00919
1839.89855,-0.00942
1838.47338,-0.00965
1837.04821,-0.00989
1835.62303,-0.01017
1834.19786,-0.01047
1832.77269,-0.01076
1831.34751,-0.01101
1829.92234,-0.01121
1828.49717,-0.01141
1827.07200,-0.01160
1825.64682,-0.01177
1824.22165,-0.01189
1822.79648,-0.01203
1821.37130,-0.01219
1819.94613,-0.01235
1818.52096,-0.01248
1817.09578,-0.01259
1815.67061,-0.01269
1814.24544,-0.01277
1812.82026,-0.01280
1811.39509,-0.01280
1809.96992,-0.01279
1808.54474,-0.01278
1807.11957,-0.01276
1805.69440,-0.01273
1804.26922,-0.01268
1802.84405,-0.01261
1801.41888,-0.01251
1799.99371,-0.01238
1798.56853,-0.01224
1797.14336,-0.01213
1795.71819,-0.01203
1794.29301,-0.01188
1792.86784,-0.01164
1791.44267,-0.01135
1790.01749,-0.01112
1788.59232,-0.01096
1787.16715,-0.01080
1785.74197,-0.01062
1784.31680,-0.01046
1782.89163,-0.01033
1781.46645,-0.01024
1780.04128,-0.01015
1778.61611,-0.01006
1777.19093,-0.01000
1775.76576,-0.00994
1774.34059,-0.00984
1772.91542,-0.00969
1771.49024,-0.00956
1770.06507,-0.00951
1768.63990,-0.00953
1767.21472,-0.00955
1765.78955,-0.00956
1764.36438,-0.00956
1762.93920,-0.00955
1761.51403,-0.00955
1760.08886,-0.00958
1758.66368,-0.00963
1757.23851,-0.00966
1755.81334,-0.00969
1754.38816,-0.00973
1752.96299,-0.00978
1751.53782,-0.00977
1750.11264,-0.00970
1748.68747,-0.00965
1747.26230,-0.00963
1745.83713,-0.00963
1744.41195,-0.00963
1742.98678,-0.00960
1741.56161,-0.00953
1740.13643,-0.00944
1738.71126,-0.00943
1737.28609,-0.00953
1735.86091,-0.00965
1734.43574,-0.00966
1733.01057,-0.00958
1731.58539,-0.00955
1730.16022,-0.00956
1728.73505,-0.00956
1727.30987,-0.00955
1725.88470,-0.00954
1724.45953,-0.00954
1723.03435,-0.00959
1721.60918,-0.00968
1720.18401,-0.00977
1718.75884,-0.00976
1717.33366,-0.00961
1715.90849,-0.00938
1714.48332,-0.00917
1713.05814,-0.00900
1711.63297,-0.00886
1710.20780,-0.00878
1708.78262,-0.00873
1707.35745,-0.00860
1705.93228,-0.00836
1704.50710,-0.00814
1703.08193,-0.00796
1701.65676,-0.00765
1700.23158,-0.00710
1698.80641,-0.00650
1697.38124,-0.00592
1695.95606,-0.00520
1694.53089,-0.00435
1693.10572,-0.00352
1691.68054,-0.00257
1690.25537,-0.00129
1688.83020,0.00023
1687.40503,0.00179
1685.97985,0.00372
1684.55468,0.00651
1683.12951,0.00956
1681.70433,0.01195
1680.27916,0.01383
1678.85399,0.01563
1677.42881,0.01760
1676.00364,0.01997
1674.57847,0.02259
1673.15329,0.02503
1671.72812,0.02741
1670.30295,0.03028
1668.87777,0.03355
1667.45260,0.03640
1666.02743,0.03865
1664.60225,0.04076
1663.17708,0.04302
1661.75191,0.04515
1660.32674,0.04678
1658.90156,0.04790
1657.47639,0.04866
1656.05122,0.04925
1654.62604,0.05010
1653.20087,0.05143
1651.77570,0.05249
1650.35052,0.05286
1648.92535,0.05308
1647.50018,0.05365
1646.07500,0.05459
1644.64983,0.05546
1643.22466,0.05612
1641.79948,0.05674
1640.37431,0.05742
1638.94914,0.05823
1637.52396,0.05943
1636.09879,0.06139
1634.67362,0.06375
1633.24845,0.06579
1631.82327,0.06751
1630.39810,0.06929
1628.97293,0.07131
1627.54775,0.07325
1626.12258,0.07453
1624.69741,0.07447
1623.27223,0.07256
1621.84706,0.06896
1620.42189,0.06436
1618.99671,0.05875
1617.57154,0.05147
1616.14637,0.04303
1614.72119,0.03531
1613.29602,0.02880
1611.87085,0.02279
1610.44567,0.01697
1609.02050,0.01152
1607.59533,0.00669
1606.17016,0.00249
1604.74498,-0.00118
1603.31981,-0.00437
1601.89464,-0.00711
1600.46946,-0.00944
1599.04429,-0.01142
1597.61912,-0.01310
1596.19394,-0.01453
1594.76877,-0.01575
1593.34360,-0.01677
1591.91842,-0.01761
1590.49325,-0.01830
1589.06808,-0.01890
1587.64290,-0.01949
1586.21773,-0.02011
1584.79256,-0.02072
1583.36738,-0.02131
1581.94221,-0.02189
1580.51704,-0.02247
1579.09187,-0.02304
1577.66669,-0.02360
1576.24152,-0.02417
1574.81635,-0.02478
1573.39117,-0.02543
1571.96600,-0.02607
1570.54083,-0.02667
1569.11565,-0.02723
1567.69048,-0.02780
1566.26531,-0.02837
1564.84013,-0.02897
1563.41496,-0.02964
1561.98979,-0.03036
1560.56461,-0.03101
1559.13944,-0.03138
1557.71427,-0.03160
1556.28909,-0.03200
1554.86392,-0.03259
1553.43875,-0.03323
1552.01357,-0.03384
1550.58840,-0.03442
1549.16323,-0.03501
1547.73806,-0.03568
1546.31288,-0.03648
1544.88771,-0.03733
1543.46254,-0.03812
1542.03736,-0.03878
1540.61219,-0.03933
1539.18702,-0.03991
1537.76184,-0.04065
1536.33667,-0.04148
1534.91150,-0.04230
1533.48632,-0.04306
1532.06115,-0.04377
1530.63598,-0.04442
1529.21080,-0.04501
1527.78563,-0.04561
1526.36046,-0.04626
1524.93528,-0.04691
1523.51011,-0.04738
1522.08494,-0.04736
1520.65977,-0.04677
1519.23459,-0.04588
1517.80942,-0.04502
1516.38425,-0.04458
1514.95907,-0.04501
1513.53390,-0.04638
1512.10873,-0.04828
1510.68355,-0.05028
1509.25838,-0.05205
1507.83321,-0.05351
1506.40803,-0.05467
1504.98286,-0.05565
1503.55769,-0.05654
1502.13251,-0.05741
1500.70734,-0.05823
1499.28217,-0.05895
1497.85699,-0.05962
1496.43182,-0.06038
1495.00665,-0.06134
1493.58148,-0.06239
1492.15630,-0.06336
1490.73113,-0.06414
1489.30596,-0.06474
1487.88078,-0.06526
1486.45561,-0.06578
1485.03044,-0.06628
1483.60526,-0.06669
1482.18009,-0.06697
1480.75492,-0.06714
1479.32974,-0.06723
1477.90457,-0.06723
1476.47940,-0.06705
1475.05422,-0.06663
1473.62905,-0.06601
1472.20388,-0.06545
1470.77870,-0.06534
1469.35353,-0.06567
1467.92836,-0.06611
1466.50319,-0.06635
1465.07801,-0.06628
1463.65284,-0.06614
1462.22767,-0.06621
1460.80249,-0.06643
1459.37732,-0.06638
1457.95215,-0.06551
1456.52697,-0.06403
1455.10180,-0.06291
1453.67663,-0.06229
1452.25145,-0.06176
1450.82628,-0.06102
1449.40111,-0.05994
1447.97593,-0.05853
1446.55076,-0.05697
1445.12559,-0.05551
1443.70041,-0.05419
1442.27524,-0.05296
1440.85007,-0.05183
1439.42490,-0.05072
1437.99972,-0.04935
1436.57455,-0.04774
1435.14938,-0.04647
1433.72420,-0.04579
1432.29903,-0.04538
1430.87386,-0.04491
1429.44868,-0.04439
1428.02351,-0.04399
1426.59834,-0.04370
1425.17316,-0.04338
1423.74799,-0.04300
1422.32282,-0.04258
1420.89764,-0.04205
1419.47247,-0.04132
1418.04730,-0.04050
1416.62212,-0.03981
1415.19695,-0.03923
1413.77178,-0.03862
1412.34660,-0.03797
1410.92143,-0.03730
1409.49626,-0.03662
1408.07109,-0.03593
1406.64591,-0.03522
1405.22074,-0.03448
1403.79557,-0.03381
1402.37039,-0.03323
1400.94522,-0.03263
1399.52005,-0.03189
1398.09487,-0.03104
1396.66970,-0.03021
1395.24453,-0.02941
1393.81935,-0.02860
1392.39418,-0.02781
1390.96901,-0.02705
1389.54383,-0.02627
1388.11866,-0.02547
1386.69349,-0.02473
1385.26831,-0.02413
1383.84314,-0.02362
1382.41797,-0.02310
1380.99280,-0.02253
1379.56762,-0.02193
1378.14245,-0.02132
1376.71728,-0.02068
1375.29210,-0.01999
1373.86693,-0.01929
1372.44176,-0.01869
1371.01658,-0.01823
1369.59141,-0.01787
1368.16624,-0.01765
1366.74106,-0.01756
1365.31589,-0.01754
1363.89072,-0.01748
1362.46554,-0.01736
1361.04037,-0.01725
1359.61520,-0.01720
1358.19002,-0.01721
1356.76485,-0.01725
1355.33968,-0.01732
1353.91451,-0.01742
1352.48933,-0.01755
1351.06416,-0.01770
1349.63899,-0.01789
1348.21381,-0.01813
1346.78864,-0.01843
1345.36347,-0.01881
1343.93829,-0.01924
1342.51312,-0.01971
1341.08795,-0.02020
1339.66277,-0.02074
1338.23760,-0.02134
1336.81243,-0.02196
1335.38725,-0.02260
1333.96208,-0.02326
1332.53691,-0.02394
1331.11173,-0.02464
1329.68656,-0.02537
1328.26139,-0.02615
1326.83622,-0.02696
1325.41104,-0.02775
1323.98587,-0.02846
1322.56070,-0.02911
1321.13552,-0.02976
1319.71035,-0.03045
1318.28518,-0.03119
1316.86000,-0.03194
1315.43483,-0.03268
1314.00966,-0.03341
1312.58448,-0.03416
1311.15931,-0.03493
1309.73414,-0.03573
1308.30896,-0.03657
1306.88379,-0.03748
1305.45862,-0.03841
1304.03344,-0.03937
1302.60827,-0.04034
1301.18310,-0.04138
1299.75793,-0.04250
1298.33275,-0.04370
1296.90758,-0.04497
1295.48241,-0.04628
1294.05723,-0.04764
1292.63206,-0.04909
1291.20689,-0.05073
1289.78171,-0.05255
1288.35654,-0.05450
1286.93137,-0.05650
1285.50619,-0.05857
1284.08102,-0.06078
1282.65585,-0.06313
1281.23067,-0.06568
1279.80550,-0.06847
1278.38033,-0.07157
1276.95515,-0.07496
1275.52998,-0.07860
1274.10481,-0.08251
1272.67963,-0.08677
1271.25446,-0.09152
1269.82929,-0.09679
1268.40412,-0.10261
1266.97894,-0.10901
1265.55377,-0.11608
1264.12860,-0.12390
1262.70342,-0.13256
1261.27825,-0.14224
1259.85308,-0.15307
1258.42790,-0.16508
1257.00273,-0.17821
1255.57756,-0.19244
1254.15238,-0.20799
1252.72721,-0.22509
1251.30204,-0.24350
1249.87686,-0.26268
1248.45169,-0.28226
1247.02652,-0.30216
1245.60134,-0.32211
1244.17617,-0.34184
1242.75100,-0.36112
1241.32583,-0.37946
1239.90065,-0.39601
1238.47548,-0.41026
1237.05031,-0.42238
1235.62513,-0.43292
1234.19996,-0.44215
1232.77479,-0.44981
1231.34961,-0.45578
1229.92444,-0.46027
1228.49927,-0.46349
1227.07409,-0.46558
1225.64892,-0.46688
1224.22375,-0.46778
1222.79857,-0.46856
1221.37340,-0.46932
1219.94823,-0.46989
1218.52305,-0.47014
1217.09788,-0.47025
1215.67271,-0.47036
1214.24754,-0.47036
1212.82236,-0.47048
1211.39719,-0.47116
1209.97202,-0.47218
1208.54684,-0.47290
1207.12167,-0.47294
1205.69650,-0.47237
1204.27132,-0.47188
1202.84615,-0.47238
1201.42098,-0.47390
1199.99580,-0.47538
1198.57063,-0.47629
1197.14546,-0.47734
1195.72028,-0.47917
1194.29511,-0.48123
1192.86994,-0.48243
1191.44476,-0.48224
1190.01959,-0.48080
1188.59442,-0.47842
1187.16925,-0.47540
1185.74407,-0.47184
1184.31890,-0.46744
1182.89373,-0.46169
1181.46855,-0.45418
1180.04338,-0.44455
1178.61821,-0.43255
1177.19303,-0.41878
1175.76786,-0.40454
1174.34269,-0.39046
1172.91751,-0.37613
1171.49234,-0.36095
1170.06717,-0.34512
1168.64199,-0.32959
1167.21682,-0.31524
1165.79165,-0.30207
1164.36647,-0.28928
1162.94130,-0.27621
1161.51613,-0.26309
1160.09096,-0.25062
1158.66578,-0.23935
1157.24061,-0.22941
1155.81544,-0.22070
1154.39026,-0.21283
1152.96509,-0.20538
1151.53992,-0.19827
1150.11474,-0.19179
1148.68957,-0.18609
1147.26440,-0.18094
1145.83922,-0.17604
1144.41405,-0.17124
1142.98888,-0.16645
1141.56370,-0.16164
1140.13853,-0.15703
1138.71336,-0.15295
1137.28818,-0.14954
1135.86301,-0.14658
1134.43784,-0.14379
1133.01266,-0.14117
1131.58749,-0.13889
1130.16232,-0.13699
1128.73715,-0.13530
1127.31197,-0.13358
1125.88680,-0.13167
1124.46163,-0.12949
1123.03645,-0.12715
1121.61128,-0.12496
1120.18611,-0.12330
1118.76093,-0.12224
1117.33576,-0.12143
1115.91059,-0.12036
1114.48541,-0.11884
1113.06024,-0.11711
1111.63507,-0.11553
1110.20989,-0.11431
1108.78472,-0.11333
1107.35955,-0.11236
1105.93437,-0.11122
1104.50920,-0.10990
1103.08403,-0.10846
1101.65886,-0.10700
1100.23368,-0.10565
1098.80851,-0.10446
1097.38334,-0.10327
1095.95816,-0.10199
1094.53299,-0.10083
1093.10782,-0.10010
1091.68264,-0.09984
1090.25747,-0.09961
1088.83230,-0.09898
1087.40712,-0.09789
1085.98195,-0.09663
1084.55678,-0.09545
1083.13160,-0.09433
1081.70643,-0.09315
1080.28126,-0.09193
1078.85608,-0.09086
1077.43091,-0.09008
1076.00574,-0.08951
1074.58057,-0.08899
1073.15539,-0.08847
1071.73022,-0.08812
1070.30505,-0.08811
1068.87987,-0.08830
1067.45470,-0.08835
1066.02953,-0.08811
1064.60435,-0.08770
1063.17918,-0.08734
1061.75401,-0.08708
1060.32883,-0.08697
1058.90366,-0.08703
1057.47849,-0.08721
1056.05331,-0.08733
1054.62814,-0.08737
1053.20297,-0.08743
1051.77779,-0.08746
1050.35262,-0.08716
1048.92745,-0.08648
1047.50228,-0.08588
1046.07710,-0.08580
1044.65193,-0.08612
1043.22676,-0.08648
1041.80158,-0.08676
1040.37641,-0.08723
1038.95124,-0.08825
1037.52606,-0.08983
1036.10089,-0.09132
1034.67572,-0.09194
1033.25054,-0.09167
1031.82537,-0.09138
1030.40020,-0.09186
1028.97502,-0.09287
1027.54985,-0.09312
1026.12468,-0.09174
1024.69950,-0.08966
1023.27433,-0.08863
1021.84916,-0.08898
1020.42399,-0.08970
1018.99881,-0.09040
1017.57364,-0.09139
1016.14847,-0.09212
1014.72329,-0.09178
1013.29812,-0.09135
1011.87295,-0.09274
1010.44777,-0.09554
1009.02260,-0.09708
1007.59743,-0.09598
1006.17225,-0.09357
1004.74708,-0.09170
1003.32191,-0.09099
1001.89673,-0.09130
1000.47156,-0.09199
999.04639,-0.09187
997.62121,-0.09043
996.19604,-0.08871
994.77087,-0.08776
993.34569,-0.08717
991.92052,-0.08636
990.49535,-0.08620
989.07018,-0.08790
987.64500,-0.09087
986.21983,-0.09349
984.79466,-0.09529
983.36948,-0.09704
981.94431,-0.09884
980.51914,-0.09983
979.09396,-0.09990
977.66879,-0.10033
976.24362,-0.10236
974.81844,-0.10558
973.39327,-0.10718
971.96810,-0.10322
970.54292,-0.09298
969.11775,-0.08229
967.69258,-0.07981
966.26740,-0.08837
964.84223,-0.10080
963.41706,-0.10697
961.99189,-0.10572
960.56671,-0.10553
959.14154,-0.11303
957.71637,-0.12410
956.29119,-0.12827
954.86602,-0.12160
953.44085,-0.10996
952.01567,-0.09965
950.59050,-0.09166
949.16533,-0.08541
947.74015,-0.08141
946.31498,-0.07826
944.88981,-0.07164
943.46463,-0.05792
942.03946,-0.04030
940.61429,-0.03114
939.18911,-0.04026
937.76394,-0.06281
936.33877,-0.08372
934.91360,-0.08922
933.48842,-0.07840
932.06325,-0.06151
930.63808,-0.04823
929.21290,-0.04879
927.78773,-0.06769
926.36256,-0.08839
924.93738,-0.09009
923.51221,-0.08118
922.08704,-0.09074
920.66186,-0.12414
919.23669,-0.16396
917.81152,-0.18081
916.38634,-0.16006
914.96117,-0.13842
913.53600,-0.14576
912.11082,-0.17313
910.68565,-0.20084
909.26048,-0.19229
907.83531,-0.12482
906.41013,0.00212
904.98496,0.01506
903.55979,-0.18156
902.13461,-0.35715
900.70944,-0.56943
899.28427,-0.59461
897.85909,-0.19485
896.43392,-0.20958
895.00875,-0.25172
893.58357,-0.19691
892.15840,-0.21273
890.73323,-0.20894
889.30805,-0.15483
887.88288,-0.19600
886.45771,-0.28056
885.03253,-0.26058
883.60736,-0.16165
882.18219,-0.16521
880.75701,-0.28947
879.33184,-0.38824
877.90667,-0.33343
876.48150,0.16292
875.05632,0.27388
873.63115,0.28933
872.20598,0.33491
870.78080,0.28737
869.35563,0.18957
867.93046,0.11932
866.50528,0.04009
865.08011,-0.19277
863.65494,-0.56959
862.22976,-0.71010
860.80459,-0.52695
859.37942,-0.48299
857.95424,-0.41270
856.52907,0.00660
855.10390,0.28668
853.67872,-0.01366
852.25355,-0.27303
850.82838,-0.43474
849.40321,-0.26520
847.97803,-0.35138
846.55286,-0.63248
845.12769,-0.27930
843.70251,0.09934
842.27734,0.35311
840.85217,0.53239
839.42699,0.43420
838.00182,0.39516
836.57665,0.32096
835.15147,0.14688
833.72630,0.01270
832.30113,0.09220
830.87595,0.29473
829.45078,0.51744
828.02561,0.53970
826.60043,0.26216
825.17526,0.01520
823.75009,-0.20905
822.32492,-0.36457
820.89974,-0.36775
819.47457,-0.20528
818.04940,-0.06362
816.62422,-0.01543
815.19905,0.07654
813.77388,0.13090
812.34870,0.00562
810.92353,0.06428
809.49836,0.65338
808.07318,0.43075
806.64801,0.18792
805.22284,0.12762
803.79766,0.19948
802.37249,0.27392
800.94732,0.29351
799.52214,-0.11880
798.09697,-0.05866
796.67180,0.06490
795.24663,0.11614
793.82145,0.16416
792.39628,0.04772
790.97111,-0.34427
789.54593,-0.09564
788.12076,0.05337
786.69559,0.18790
785.27041,0.16053
783.84524,0.05835
782.42007,-0.19135
780.99489,-0.03435
779.56972,0.15088
778.14455,0.16684
776.71937,-0.01291
775.29420,-0.10093
773.86903,-0.26493
772.44385,-0.41832
771.01868,-0.39925
769.59351,-0.25194
768.16834,-0.09830
766.74316,0.08109
765.31799,-0.06260
763.89282,-0.13435
762.46764,-0.17947
761.04247,0.05657
759.61730,0.00017
758.19212,0.01383
756.76695,0.00965
755.34178,-0.01640
753.91660,-0.01753
752.49143,-0.10701
751.06626,-0.14278
749.64108,-0.17378
748.21591,-0.04411
746.79074,0.05733
745.36556,0.20243
743.94039,0.32328
742.51522,0.07476
741.09004,-0.01875
739.66487,-0.07005
738.23970,-0.00957
736.81453,0.12950
735.38935,0.20453
733.96418,0.09432
732.53901,0.05180
731.11383,0.26531
729.68866,0.53744
728.26349,0.25527
726.83831,0.11915
725.41314,-0.01295
723.98797,-0.01026
722.56279,0.27003
721.13762,0.49586
719.71245,-0.00985
718.28727,0.00091
716.86210,0.24325
715.43693,0.18852
714.01175,0.17289
712.58658,0.16496
711.16141,-0.05677
709.73624,-0.12716
708.31106,-0.31488
706.88589,-0.48407
705.46072,0.03451
704.03554,0.22793
702.61037,0.26423
701.18520,0.28228
699.76002,0.19909
698.33485,-0.03923
696.90968,-0.08081
695.48450,0.02129
694.05933,0.11435
692.63416,0.15338
691.20898,0.28891
689.78381,0.34385
688.35864,0.16289
686.93346,0.02582
685.50829,-0.10252
684.08312,-0.08749
682.65795,-0.10303
681.23277,-0.20835
679.80760,-0.22699
678.38243,-0.21728
676.95725,-0.13853
675.53208,-0.07582
674.10691,0.01181
672.68173,0.08710
671.25656,0.12834
669.83139,0.16724
668.40621,0.22321
666.98104,0.30587
665.55587,0.39556
664.13069,0.35998
662.70552,0.25248
661.28035,0.38046
659.85517,0.46158
658.43000,0.26775
657.00483,0.07651
655.57966,0.01208
654.15448,-0.00172
652.72931,0.05870
651.30414,0.06661
649.87896,0.03061
648.45379,0.23515
647.02862,0.55792
645.60344,0.52602
644.17827,0.41313
642.75310,0.39867
641.32792,0.24024
639.90275,0.07756
638.47758,0.13349
637.05240,0.22879
635.62723,0.24060
634.20206,0.25063
632.77688,0.26149
631.35171,0.27055
629.92654,0.23877
628.50137,-0.27324
627.07619,-0.50423
625.65102,-0.26653
624.22585,-0.05391
622.80067,0.08407
621.37550,0.40932
619.95033,0.41829
618.52515,0.30153
617.09998,0.22812
615.67481,0.11829
614.24963,0.16538
612.82446,0.20587
611.39929,0.19338
609.97411,-0.00646
608.54894,-0.17194
607.12377,-0.24406
605.69859,-0.28458
604.27342,-0.08713
602.84825,-0.02982
601.42307,-0.06651
599.99790,-0.09849
598.57273,-0.21248
597.14756,-0.26390
595.72238,0.08962
594.29721,0.51778
592.87204,0.15085
591.44686,0.13830
590.02169,0.37910
588.59652,0.47969
587.17134,0.62654
585.74617,0.75641
584.32100,0.43745
582.89582,0.19601
581.47065,-0.08918
580.04548,-0.49729
578.62030,-0.31242
577.19513,-0.06564
575.76996,0.05047
574.34478,0.41609
572.91961,0.71188
571.49444,0.41267
570.06927,0.26383
568.64409,0.32095
567.21892,0.63481
565.79375,0.27469
564.36857,0.04793
562.94340,0.09297
561.51823,0.11535
560.09305,-0.18976
558.66788,-0.26538
557.24271,-0.13595
555.81753,-0.04309
554.39236,-0.03232
552.96719,0.05864
551.54201,-0.07044
550.11684,-0.19663
548.69167,-0.15225
547.26649,0.00693
545.84132,0.08442
544.41615,0.06034
542.99098,0.04283
541.56580,0.09353
540.14063,0.03994
538.71546,0.07216
537.29028,0.13453
535.86511,0.06612
534.43994,-0.08093
533.01476,-0.25701
531.58959,-0.38268
530.16442,-0.18566
528.73924,0.30298
527.31407,0.51980
525.88890,0.36271
524.46372,0.18940
523.03855,0.17318
521.61338,0.36647
520.18820,0.15227
518.76303,0.13891
517.33786,0.37577
515.91269,0.51712
514.48751,0.36137
513.06234,0.03141
511.63717,-0.23779
510.21199,-0.18222
508.78682,-0.13459
507.36165,-0.14246
505.93647,-0.19904
504.51130,-0.32434
503.08613,-0.56254
501.66095,-0.27552
500.23578,0.02785
498.81061,0.17388
497.38543,0.24063
495.96026,0.45712
494.53509,0.64576
493.10991,0.72825
491.68474,0.44301
490.25957,0.24693
488.83440,-0.02862
487.40922,-0.01424
485.98405,0.17949
484.55888,0.60077
483.13370,0.37618
481.70853,0.10524
480.28336,-0.00396
478.85818,0.03714
477.43301,0.14815
476.00784,0.22129
474.58266,0.31732
473.15749,0.25083
471.73232,-0.04528
470.30714,-0.21023
468.88197,-0.13426
467.45680,-0.07527
466.03162,-0.13112
464.60645,-0.13028
463.18128,0.10735
461.75610,0.27843
460.33093,0.29326
458.90576,0.11264
457.48059,-0.13498
456.05541,-0.04091
454.63024,0.30653
453.20507,0.33169
451.77989,0.31804
450.35472,0.22052
448.92955,0.21172
447.50437,0.26757
446.07920,0.20980
444.65403,0.09688
443.22885,0.00364
441.80368,-0.05607
440.37851,0.03269
438.95333,0.15775
437.52816,0.10434
436.10299,-0.17196
434.67781,0.07410
433.25264,0.21646
431.82747,0.30326
430.40230,0.40342
428.97712,-0.06211
427.55195,-0.04792
426.12678,-0.19490
424.70160,0.20414
423.27643,0.56366
421.85126,0.56491
420.42608,0.19516
419.00091,0.10607
417.57574,0.15965
416.15056,0.29976
414.72539,-0.10147
413.30022,-0.64658
411.87504,-0.50804
410.44987,-0.40838
409.02470,-0.24025
407.59952,-0.12310
406.17435,0.05863
404.74918,0.23508
403.32401,-0.03214
401.89883,-0.23927
400.47366,-0.19150
399.04849,-0.07245
