3997.61072,0.00238
3996.18555,0.00243
3994.76038,0.00248
3993.33520,0.00250
3991.91003,0.00249
3990.48486,0.00249
3989.05968,0.00250
3987.63451,0.00254
3986.20934,0.00259
3984.78416,0.00262
3983.35899,0.00261
3981.93382,0.00256
3980.50865,0.00250
3979.08347,0.00246
3977.65830,0.00241
3976.23313,0.00238
3974.80795,0.00240
3973.38278,0.00248
3971.95761,0.00256
3970.53243,0.00259
3969.10726,0.00256
3967.68209,0.00253
3966.25691,0.00252
3964.83174,0.00248
3963.40657,0.00242
3961.98139,0.00234
3960.55622,0.00230
3959.13105,0.00227
3957.70587,0.00222
3956.28070,0.00216
3954.85553,0.00211
3953.43036,0.00210
3952.00518,0.00209
3950.58001,0.00203
3949.15484,0.00193
3947.72966,0.00182
3946.30449,0.00172
3944.87932,0.00165
3943.45414,0.00158
3942.02897,0.00150
3940.60380,0.00139
3939.17862,0.00126
3937.75345,0.00110
3936.32828,0.00091
3934.90310,0.00076
3933.47793,0.00070
3932.05276,0.00070
3930.62758,0.00066
3929.20241,0.00051
3927.77724,0.00028
3926.35207,0.00004
3924.92689,-0.00016
3923.50172,-0.00032
3922.07655,-0.00047
3920.65137,-0.00058
3919.22620,-0.00068
3917.80103,-0.00081
3916.37585,-0.00098
3914.95068,-0.00119
3913.52551,-0.00143
3912.10033,-0.00170
3910.67516,-0.00197
3909.24999,-0.00222
3907.82481,-0.00242
3906.39964,-0.00259
3904.97447,-0.00274
3903.54929,-0.00288
3902.12412,-0.00302
3900.69895,-0.00315
3899.27378,-0.00326
3897.84860,-0.00337
3896.42343,-0.00351
3894.99826,-0.00370
3893.57308,-0.00386
3892.14791,-0.00399
3890.72274,-0.00415
3889.29756,-0.00440
3887.87239,-0.00467
3886.44722,-0.00486
3885.02204,-0.00495
3883.59687,-0.00503
3882.17170,-0.00510
3880.74652,-0.00513
3879.32135,-0.00520
3877.89618,-0.00537
3876.47100,-0.00555
3875.04583,-0.00564
3873.62066,-0.00565
3872.19548,-0.00567
3870.77031,-0.00566
3869.34514,-0.00564
3867.91997,-0.00562
3866.49479,-0.00560
3865.06962,-0.00552
3863.64445,-0.00547
3862.21927,-0.00550
3860.79410,-0.00560
3859.36893,-0.00567
3857.94375,-0.00570
3856.51858,-0.00569
3855.09341,-0.00555
3853.66823,-0.00529
3852.24306,-0.00518
3850.81789,-0.00529
3849.39271,-0.00546
3847.96754,-0.00558
3846.54237,-0.00567
3845.11719,-0.00573
3843.69202,-0.00577
3842.26685,-0.00579
3840.84168,-0.00580
3839.41650,-0.00575
3837.99133,-0.00566
3836.56616,-0.00560
3835.14098,-0.00556
3833.71581,-0.00548
3832.29064,-0.00534
3830.86546,-0.00519
3829.44029,-0.00508
3828.01512,-0.00501
3826.58994,-0.00497
3825.16477,-0.00498
3823.73960,-0.00499
3822.31442,-0.00490
3820.88925,-0.00473
3819.46408,-0.00460
3818.03890,-0.00450
3816.61373,-0.00434
3815.18856,-0.00419
3813.76339,-0.00413
3812.33821,-0.00412
3810.91304,-0.00409
3809.48787,-0.00400
3808.06269,-0.00381
3806.63752,-0.00360
3805.21235,-0.00348
3803.78717,-0.00343
3802.36200,-0.00332
3800.93683,-0.00312
3799.51165,-0.00290
3798.08648,-0.00268
3796.66131,-0.00246
3795.23613,-0.00229
3793.81096,-0.00222
3792.38579,-0.00218
3790.96061,-0.00212
3789.53544,-0.00201
3788.11027,-0.00188
3786.68510,-0.00175
3785.25992,-0.00164
3783.83475,-0.00155
3782.40958,-0.00148
3780.98440,-0.00137
3779.55923,-0.00121
3778.13406,-0.00106
3776.70888,-0.00100
3775.28371,-0.00100
3773.85854,-0.00100
3772.43336,-0.00094
3771.00819,-0.00086
3769.58302,-0.00082
3768.15784,-0.00085
3766.73267,-0.00090
3765.30750,-0.00091
3763.88232,-0.00089
3762.45715,-0.00088
3761.03198,-0.00086
3759.60681,-0.00081
3758.18163,-0.00076
3756.75646,-0.00076
3755.33129,-0.00082
3753.90611,-0.00088
3752.48094,-0.00089
3751.05577,-0.00085
3749.63059,-0.00085
3748.20542,-0.00094
3746.78025,-0.00105
3745.35507,-0.00108
3743.92990,-0.00104
3742.50473,-0.00106
3741.07955,-0.00118
3739.65438,-0.00131
3738.22921,-0.00135
3736.80403,-0.00129
3735.37886,-0.00119
3733.95369,-0.00111
3732.52851,-0.00109
3731.10334,-0.00112
3729.67817,-0.00119
3728.25300,-0.00125
3726.82782,-0.00128
3725.40265,-0.00128
3723.97748,-0.00127
3722.55230,-0.00127
3721.12713,-0.00126
3719.70196,-0.00124
3718.27678,-0.00121
3716.85161,-0.00120
3715.42644,-0.00123
3714.00126,-0.00127
3712.57609,-0.00124
3711.15092,-0.00116
3709.72574,-0.00111
3708.30057,-0.00110
3706.87540,-0.00112
3705.45022,-0.00112
3704.02505,-0.00107
3702.59988,-0.00100
3701.17471,-0.00095
3699.74953,-0.00095
3698.32436,-0.00097
3696.89919,-0.00101
3695.47401,-0.00107
3694.04884,-0.00114
3692.62367,-0.00119
3691.19849,-0.00120
3689.77332,-0.00121
3688.34815,-0.00127
3686.92297,-0.00139
3685.49780,-0.00155
3684.07263,-0.00171
3682.64745,-0.00186
3681.22228,-0.00199
3679.79711,-0.00213
3678.37193,-0.00227
3676.94676,-0.00239
3675.52159,-0.00249
3674.09642,-0.00265
3672.67124,-0.00289
3671.24607,-0.00314
3669.82090,-0.00340
3668.39572,-0.00368
3666.97055,-0.00401
3665.54538,-0.00438
3664.12020,-0.00478
3662.69503,-0.00518
3661.26986,-0.00554
3659.84468,-0.00583
3658.41951,-0.00607
3656.99434,-0.00635
3655.56916,-0.00676
3654.14399,-0.00725
3652.71882,-0.00773
3651.29364,-0.00813
3649.86847,-0.00848
3648.44330,-0.00891
3647.01813,-0.00944
3645.59295,-0.00999
3644.16778,-0.01052
3642.74261,-0.01108
3641.31743,-0.01169
3639.89226,-0.01234
3638.46709,-0.01299
3637.04191,-0.01357
3635.61674,-0.01411
3634.19157,-0.01466
3632.76639,-0.01521
3631.34122,-0.01571
3629.91605,-0.01615
3628.49087,-0.01666
3627.06570,-0.01733
3625.64053,-0.01807
3624.21535,-0.01880
3622.79018,-0.01945
3621.36501,-0.02001
3619.93984,-0.02049
3618.51466,-0.02098
3617.08949,-0.02156
3615.66432,-0.02218
3614.23914,-0.02279
3612.81397,-0.02340
3611.38880,-0.02404
3609.96362,-0.02466
3608.53845,-0.02516
3607.11328,-0.02561
3605.68810,-0.02613
3604.26293,-0.02675
3602.83776,-0.02744
3601.41258,-0.02814
3599.98741,-0.02881
3598.56224,-0.02945
3597.13706,-0.03008
3595.71189,-0.03074
3594.28672,-0.03147
3592.86154,-0.03230
3591.43637,-0.03320
3590.01120,-0.03403
3588.58603,-0.03461
3587.16085,-0.03494
3585.73568,-0.03530
3584.31051,-0.03586
3582.88533,-0.03657
3581.46016,-0.03734
3580.03499,-0.03810
3578.60981,-0.03879
3577.18464,-0.03947
3575.75947,-0.04022
3574.33429,-0.04104
3572.90912,-0.04191
3571.48395,-0.04281
3570.05877,-0.04369
3568.63360,-0.04447
3567.20843,-0.04519
3565.78325,-0.04606
3564.35808,-0.04717
3562.93291,-0.04832
3561.50774,-0.04930
3560.08256,-0.05014
3558.65739,-0.05101
3557.23222,-0.05201
3555.80704,-0.05309
3554.38187,-0.05423
3552.95670,-0.05546
3551.53152,-0.05676
3550.10635,-0.05801
3548.68118,-0.05912
3547.25600,-0.06010
3545.83083,-0.06106
3544.40566,-0.06213
3542.98048,-0.06333
3541.55531,-0.06463
3540.13014,-0.06594
3538.70496,-0.06719
3537.27979,-0.06836
3535.85462,-0.06954
3534.42945,-0.07080
3533.00427,-0.07212
3531.57910,-0.07349
3530.15393,-0.07489
3528.72875,-0.07626
3527.30358,-0.07753
3525.87841,-0.07862
3524.45323,-0.07955
3523.02806,-0.08052
3521.60289,-0.08165
3520.17771,-0.08288
3518.75254,-0.08404
3517.32737,-0.08508
3515.90219,-0.08602
3514.47702,-0.08695
3513.05185,-0.08797
3511.62667,-0.08909
3510.20150,-0.09022
3508.77633,-0.09136
3507.35116,-0.09245
3505.92598,-0.09338
3504.50081,-0.09412
3503.07564,-0.09478
3501.65046,-0.09560
3500.22529,-0.09666
3498.80012,-0.09781
3497.37494,-0.09885
3495.94977,-0.09976
3494.52460,-0.10060
3493.09942,-0.10145
3491.67425,-0.10232
3490.24908,-0.10319
3488.82390,-0.10400
3487.39873,-0.10479
3485.97356,-0.10556
3484.54838,-0.10623
3483.12321,-0.10678
3481.69804,-0.10730
3480.27287,-0.10791
3478.84769,-0.10870
3477.42252,-0.10960
3475.99735,-0.11046
3474.57217,-0.11119
3473.14700,-0.11185
3471.72183,-0.11248
3470.29665,-0.11315
3468.87148,-0.11396
3467.44631,-0.11498
3466.02113,-0.11607
3464.59596,-0.11701
3463.17079,-0.11771
3461.74561,-0.11835
3460.32044,-0.11912
3458.89527,-0.11997
3457.47009,-0.12066
3456.04492,-0.12118
3454.61975,-0.12166
3453.19457,-0.12222
3451.76940,-0.12288
3450.34423,-0.12361
3448.91906,-0.12427
3447.49388,-0.12471
3446.06871,-0.12492
3444.64354,-0.12507
3443.21836,-0.12528
3441.79319,-0.12548
3440.36802,-0.12554
3438.94284,-0.12547
3437.51767,-0.12544
3436.09250,-0.12564
3434.66732,-0.12599
3433.24215,-0.12625
3431.81698,-0.12631
3430.39180,-0.12622
3428.96663,-0.12612
3427.54146,-0.12609
3426.11628,-0.12608
3424.69111,-0.12597
3423.26594,-0.12566
3421.84077,-0.12516
3420.41559,-0.12465
3418.99042,-0.12426
3417.56525,-0.12391
3416.14007,-0.12337
3414.71490,-0.12257
3413.28973,-0.12159
3411.86455,-0.12058
3410.43938,-0.11962
3409.01421,-0.11877
3407.58903,-0.11800
3406.16386,-0.11709
3404.73869,-0.11584
3403.31351,-0.11431
3401.88834,-0.11283
3400.46317,-0.11166
3399.03799,-0.11081
3397.61282,-0.11008
3396.18765,-0.10925
3394.76248,-0.10821
3393.33730,-0.10704
3391.91213,-0.10591
3390.48696,-0.10495
3389.06178,-0.10406
3387.63661,-0.10299
3386.21144,-0.10164
3384.78626,-0.10017
3383.36109,-0.09880
3381.93592,-0.09763
3380.51074,-0.09657
3379.08557,-0.09550
3377.66040,-0.09439
3376.23522,-0.09332
3374.81005,-0.09236
3373.38488,-0.09142
3371.95970,-0.09043
3370.53453,-0.08936
3369.10936,-0.08824
3367.68419,-0.08712
3366.25901,-0.08616
3364.83384,-0.08541
3363.40867,-0.08476
3361.98349,-0.08404
3360.55832,-0.08319
3359.13315,-0.08221
3357.70797,-0.08117
3356.28280,-0.08011
3354.85763,-0.07908
3353.43245,-0.07809
3352.00728,-0.07717
3350.58211,-0.07634
3349.15693,-0.07557
3347.73176,-0.07482
3346.30659,-0.07399
3344.88141,-0.07306
3343.45624,-0.07204
3342.03107,-0.07101
3340.60590,-0.07002
3339.18072,-0.06910
3337.75555,-0.06827
3336.33038,-0.06752
3334.90520,-0.06676
3333.48003,-0.06590
3332.05486,-0.06497
3330.62968,-0.06397
3329.20451,-0.06294
3327.77934,-0.06193
3326.35416,-0.06100
3324.92899,-0.06017
3323.50382,-0.05938
3322.07864,-0.05852
3320.65347,-0.05755
3319.22830,-0.05651
3317.80312,-0.05549
3316.37795,-0.05457
3314.95278,-0.05367
3313.52760,-0.05273
3312.10243,-0.05168
3310.67726,-0.05055
3309.25209,-0.04941
3307.82691,-0.04832
3306.40174,-0.04734
3304.97657,-0.04648
3303.55139,-0.04569
3302.12622,-0.04490
3300.70105,-0.04403
3299.27587,-0.04309
3297.85070,-0.04216
3296.42553,-0.04129
3295.00035,-0.04049
3293.57518,-0.03973
3292.15001,-0.03903
3290.72483,-0.03837
3289.29966,-0.03774
3287.87449,-0.03712
3286.44931,-0.03645
3285.02414,-0.03571
3283.59897,-0.03494
3282.17380,-0.03418
3280.74862,-0.03350
3279.32345,-0.03286
3277.89828,-0.03225
3276.47310,-0.03165
3275.04793,-0.03109
3273.62276,-0.03058
3272.19758,-0.03014
3270.77241,-0.02978
3269.34724,-0.02950
3267.92206,-0.02924
3266.49689,-0.02894
3265.07172,-0.02856
3263.64654,-0.02816
3262.22137,-0.02777
3260.79620,-0.02737
3259.37102,-0.02697
3257.94585,-0.02657
3256.52068,-0.02623
3255.09551,-0.02597
3253.67033,-0.02575
3252.24516,-0.02551
3250.81999,-0.02525
3249.39481,-0.02496
3247.96964,-0.02468
3246.54447,-0.02443
3245.11929,-0.02421
3243.69412,-0.02400
3242.26895,-0.02379
3240.84377,-0.02356
3239.41860,-0.02327
3237.99343,-0.02292
3236.56825,-0.02258
3235.14308,-0.02230
3233.71791,-0.02212
3232.29273,-0.02196
3230.86756,-0.02174
3229.44239,-0.02147
3228.01722,-0.02120
3226.59204,-0.02099
3225.16687,-0.02084
3223.74170,-0.02066
3222.31652,-0.02040
3220.89135,-0.02010
3219.46618,-0.01984
3218.04100,-0.01960
3216.61583,-0.01933
3215.19066,-0.01902
3213.76548,-0.01869
3212.34031,-0.01837
3210.91514,-0.01807
3209.48996,-0.01778
3208.06479,-0.01750
3206.63962,-0.01720
3205.21444,-0.01689
3203.78927,-0.01658
3202.36410,-0.01627
3200.93893,-0.01595
3199.51375,-0.01560
3198.08858,-0.01523
3196.66341,-0.01488
3195.23823,-0.01454
3193.81306,-0.01420
3192.38789,-0.01382
3190.96271,-0.01341
3189.53754,-0.01302
3188.11237,-0.01267
3186.68719,-0.01240
3185.26202,-0.01216
3183.83685,-0.01193
3182.41167,-0.01168
3180.98650,-0.01143
3179.56133,-0.01119
3178.13615,-0.01095
3176.71098,-0.01067
3175.28581,-0.01034
3173.86063,-0.01001
3172.43546,-0.00975
3171.01029,-0.00956
3169.58512,-0.00942
3168.15994,-0.00930
3166.73477,-0.00920
3165.30960,-0.00912
3163.88442,-0.00905
3162.45925,-0.00898
3161.03408,-0.00891
3159.60890,-0.00883
3158.18373,-0.00876
3156.75856,-0.00870
3155.33338,-0.00865
3153.90821,-0.00863
3152.48304,-0.00862
3151.05786,-0.00862
3149.63269,-0.00861
3148.20752,-0.00862
3146.78234,-0.00865
3145.35717,-0.00870
3143.93200,-0.00873
3142.50683,-0.00877
3141.08165,-0.00883
3139.65648,-0.00892
3138.23131,-0.00899
3136.80613,-0.00903
3135.38096,-0.00903
3133.95579,-0.00900
3132.53061,-0.00895
3131.10544,-0.00890
3129.68027,-0.00885
3128.25509,-0.00879
3126.82992,-0.00873
3125.40475,-0.00868
3123.97957,-0.00862
3122.55440,-0.00852
3121.12923,-0.00840
3119.70405,-0.00830
3118.27888,-0.00823
3116.85371,-0.00821
3115.42854,-0.00817
3114.00336,-0.00806
3112.57819,-0.00788
3111.15302,-0.00769
3109.72784,-0.00750
3108.30267,-0.00734
3106.87750,-0.00715
3105.45232,-0.00696
3104.02715,-0.00678
3102.60198,-0.00665
3101.17680,-0.00656
3099.75163,-0.00644
3098.32646,-0.00626
3096.90128,-0.00607
3095.47611,-0.00593
3094.05094,-0.00584
3092.62576,-0.00576
3091.20059,-0.00567
3089.77542,-0.00558
3088.35025,-0.00546
3086.92507,-0.00533
3085.49990,-0.00523
3084.07473,-0.00517
3082.64955,-0.00514
3081.22438,-0.00510
3079.79921,-0.00504
3078.37403,-0.00500
3076.94886,-0.00500
3075.52369,-0.00500
3074.09851,-0.00499
3072.67334,-0.00495
3071.24817,-0.00489
3069.82299,-0.00480
3068.39782,-0.00471
3066.97265,-0.00466
3065.54747,-0.00463
3064.12230,-0.00462
3062.69713,-0.00463
3061.27196,-0.00466
3059.84678,-0.00470
3058.42161,-0.00474
3056.99644,-0.00479
3055.57126,-0.00488
3054.14609,-0.00497
3052.72092,-0.00504
3051.29574,-0.00506
3049.87057,-0.00507
3048.44540,-0.00509
3047.02022,-0.00514
3045.59505,-0.00519
3044.16988,-0.00523
3042.74470,-0.00528
3041.31953,-0.00535
3039.89436,-0.00543
3038.46918,-0.00550
3037.04401,-0.00558
3035.61884,-0.00569
3034.19366,-0.00583
3032.76849,-0.00599
3031.34332,-0.00616
3029.91815,-0.00632
3028.49297,-0.00645
3027.06780,-0.00655
3025.64263,-0.00664
3024.21745,-0.00677
3022.79228,-0.00692
3021.36711,-0.00705
3019.94193,-0.00716
3018.51676,-0.00725
3017.09159,-0.00732
3015.66641,-0.00735
3014.24124,-0.00731
3012.81607,-0.00722
3011.39089,-0.00712
3009.96572,-0.00706
3008.54055,-0.00705
3007.11537,-0.00705
3005.69020,-0.00701
3004.26503,-0.00689
3002.83986,-0.00670
3001.41468,-0.00650
2999.98951,-0.00633
2998.56434,-0.00619
2997.13916,-0.00604
2995.71399,-0.00586
2994.28882,-0.00561
2992.86364,-0.00534
2991.43847,-0.00506
2990.01330,-0.00479
2988.58812,-0.00452
2987.16295,-0.00418
2985.73778,-0.00377
2984.31260,-0.00333
2982.88743,-0.00290
2981.46226,-0.00252
2980.03708,-0.00215
2978.61191,-0.00176
2977.18674,-0.00134
2975.76157,-0.00094
2974.33639,-0.00061
2972.91122,-0.00036
2971.48605,-0.00013
2970.06087,0.00009
2968.63570,0.00030
2967.21053,0.00046
2965.78535,0.00055
2964.36018,0.00053
2962.93501,0.00041
2961.50983,0.00018
2960.08466,-0.00014
2958.65949,-0.00054
2957.23431,-0.00100
2955.80914,-0.00148
2954.38397,-0.00198
2952.95879,-0.00249
2951.53362,-0.00300
2950.10845,-0.00348
2948.68328,-0.00390
2947.25810,-0.00423
2945.83293,-0.00448
2944.40776,-0.00468
2942.98258,-0.00486
2941.55741,-0.00503
2940.13224,-0.00521
2938.70706,-0.00543
2937.28189,-0.00568
2935.85672,-0.00596
2934.43154,-0.00622
2933.00637,-0.00643
2931.58120,-0.00663
2930.15602,-0.00686
2928.73085,-0.00710
2927.30568,-0.00730
2925.88050,-0.00745
2924.45533,-0.00762
2923.03016,-0.00783
2921.60498,-0.00810
2920.17981,-0.00836
2918.75464,-0.00858
2917.32947,-0.00876
2915.90429,-0.00894
2914.47912,-0.00914
2913.05395,-0.00934
2911.62877,-0.00951
2910.20360,-0.00963
2908.77843,-0.00973
2907.35325,-0.00982
2905.92808,-0.00994
2904.50291,-0.01006
2903.07773,-0.01016
2901.65256,-0.01023
2900.22739,-0.01026
2898.80221,-0.01028
2897.37704,-0.01026
2895.95187,-0.01022
2894.52669,-0.01017
2893.10152,-0.01012
2891.67635,-0.01004
2890.25118,-0.00991
2888.82600,-0.00972
2887.40083,-0.00950
2885.97566,-0.00928
2884.55048,-0.00909
2883.12531,-0.00890
2881.70014,-0.00872
2880.27496,-0.00854
2878.84979,-0.00835
2877.42462,-0.00817
2875.99944,-0.00800
2874.57427,-0.00785
2873.14910,-0.00778
2871.72392,-0.00782
2870.29875,-0.00798
2868.87358,-0.00824
2867.44840,-0.00854
2866.02323,-0.00886
2864.59806,-0.00917
2863.17289,-0.00946
2861.74771,-0.00973
2860.32254,-0.01000
2858.89737,-0.01030
2857.47219,-0.01064
2856.04702,-0.01101
2854.62185,-0.01139
2853.19667,-0.01178
2851.77150,-0.01217
2850.34633,-0.01255
2848.92115,-0.01291
2847.49598,-0.01328
2846.07081,-0.01367
2844.64563,-0.01406
2843.22046,-0.01444
2841.79529,-0.01482
2840.37011,-0.01518
2838.94494,-0.01552
2837.51977,-0.01584
2836.09460,-0.01617
2834.66942,-0.01653
2833.24425,-0.01689
2831.81908,-0.01718
2830.39390,-0.01740
2828.96873,-0.01760
2827.54356,-0.01786
2826.11838,-0.01818
2824.69321,-0.01853
2823.26804,-0.01886
2821.84286,-0.01916
2820.41769,-0.01948
2818.99252,-0.01985
2817.56734,-0.02024
2816.14217,-0.02061
2814.71700,-0.02095
2813.29182,-0.02131
2811.86665,-0.02173
2810.44148,-0.02217
2809.01631,-0.02263
2807.59113,-0.02311
2806.16596,-0.02363
2804.74079,-0.02415
2803.31561,-0.02465
2801.89044,-0.02513
2800.46527,-0.02563
2799.04009,-0.02614
2797.61492,-0.02662
2796.18975,-0.02705
2794.76457,-0.02747
2793.33940,-0.02792
2791.91423,-0.02844
2790.48905,-0.02906
2789.06388,-0.02973
2787.63871,-0.03043
2786.21353,-0.03120
2784.78836,-0.03213
2783.36319,-0.03326
2781.93801,-0.03457
2780.51284,-0.03599
2779.08767,-0.03750
2777.66250,-0.03910
2776.23732,-0.04085
2774.81215,-0.04286
2773.38698,-0.04518
2771.96180,-0.04784
2770.53663,-0.05083
2769.11146,-0.05409
2767.68628,-0.05761
2766.26111,-0.06145
2764.83594,-0.06571
2763.41076,-0.07050
2761.98559,-0.07588
2760.56042,-0.08194
2759.13524,-0.08875
2757.71007,-0.09636
2756.28490,-0.10483
2754.85972,-0.11428
2753.43455,-0.12489
2752.00938,-0.13668
2750.58421,-0.14963
2749.15903,-0.16378
2747.73386,-0.17926
2746.30869,-0.19612
2744.88351,-0.21416
2743.45834,-0.23317
2742.03317,-0.25290
2740.60799,-0.27295
2739.18282,-0.29269
2737.75765,-0.31170
2736.33247,-0.32979
2734.90730,-0.34667
2733.48213,-0.36181
2732.05695,-0.37485
2730.63178,-0.38572
2729.20661,-0.39425
2727.78143,-0.40023
2726.35626,-0.40425
2724.93109,-0.40747
2723.50592,-0.41055
2722.08074,-0.41312
2720.65557,-0.41456
2719.23040,-0.41478
2717.80522,-0.41407
2716.38005,-0.41268
2714.95488,-0.41072
2713.52970,-0.40849
2712.10453,-0.40627
2710.67936,-0.40426
2709.25418,-0.40243
2707.82901,-0.40067
2706.40384,-0.39883
2704.97866,-0.39673
2703.55349,-0.39418
2702.12832,-0.39103
2700.70314,-0.38748
2699.27797,-0.38411
2697.85280,-0.38130
2696.42763,-0.37891
2695.00245,-0.37650
2693.57728,-0.37372
2692.15211,-0.37054
2690.72693,-0.36712
2689.30176,-0.36368
2687.87659,-0.36040
2686.45141,-0.35735
2685.02624,-0.35441
2683.60107,-0.35131
2682.17589,-0.34808
2680.75072,-0.34501
2679.32555,-0.34232
2677.90037,-0.33983
2676.47520,-0.33729
2675.05003,-0.33479
2673.62485,-0.33271
2672.19968,-0.33126
2670.77451,-0.33017
2669.34934,-0.32907
2667.92416,-0.32805
2666.49899,-0.32750
2665.07382,-0.32752
2663.64864,-0.32777
2662.22347,-0.32796
2660.79830,-0.32806
2659.37312,-0.32814
2657.94795,-0.32821
2656.52278,-0.32828
2655.09760,-0.32842
2653.67243,-0.32878
2652.24726,-0.32957
2650.82208,-0.33101
2649.39691,-0.33301
2647.97174,-0.33516
2646.54656,-0.33694
2645.12139,-0.33824
2643.69622,-0.33929
2642.27104,-0.34035
2640.84587,-0.34164
2639.42070,-0.34323
2637.99553,-0.34497
2636.57035,-0.34669
2635.14518,-0.34839
2633.72001,-0.35009
2632.29483,-0.35167
2630.86966,-0.35307
2629.44449,-0.35445
2628.01931,-0.35598
2626.59414,-0.35755
2625.16897,-0.35876
2623.74379,-0.35925
2622.31862,-0.35911
2620.89345,-0.35890
2619.46827,-0.35908
2618.04310,-0.35958
2616.61793,-0.35978
2615.19275,-0.35911
2613.76758,-0.35778
2612.34241,-0.35652
2610.91724,-0.35566
2609.49206,-0.35481
2608.06689,-0.35358
2606.64172,-0.35197
2605.21654,-0.35003
2603.79137,-0.34769
2602.36620,-0.34511
2600.94102,-0.34260
2599.51585,-0.34022
2598.09068,-0.33765
2596.66550,-0.33470
2595.24033,-0.33164
2593.81516,-0.32876
2592.38998,-0.32600
2590.96481,-0.32327
2589.53964,-0.32069
2588.11446,-0.31837
2586.68929,-0.31625
2585.26412,-0.31429
2583.83895,-0.31242
2582.41377,-0.31045
2580.98860,-0.30821
2579.56343,-0.30578
2578.13825,-0.30340
2576.71308,-0.30135
2575.28791,-0.29970
2573.86273,-0.29829
2572.43756,-0.29691
2571.01239,-0.29573
2569.58721,-0.29523
2568.16204,-0.29554
2566.73687,-0.29604
2565.31169,-0.29601
2563.88652,-0.29556
2562.46135,-0.29559
2561.03617,-0.29648
2559.61100,-0.29758
2558.18583,-0.29816
2556.76066,-0.29836
2555.33548,-0.29890
2553.91031,-0.30011
2552.48514,-0.30176
2551.05996,-0.30364
2549.63479,-0.30584
2548.20962,-0.30836
2546.78444,-0.31074
2545.35927,-0.31268
2543.93410,-0.31444
2542.50892,-0.31648
2541.08375,-0.31888
2539.65858,-0.32131
2538.23340,-0.32342
2536.80823,-0.32519
2535.38306,-0.32692
2533.95788,-0.32900
2532.53271,-0.33137
2531.10754,-0.33353
2529.68237,-0.33499
2528.25719,-0.33581
2526.83202,-0.33636
2525.40685,-0.33694
2523.98167,-0.33771
2522.55650,-0.33872
2521.13133,-0.33983
2519.70615,-0.34059
2518.28098,-0.34052
2516.85581,-0.33965
2515.43063,-0.33858
2514.00546,-0.33792
2512.58029,-0.33762
2511.15511,-0.33703
2509.72994,-0.33566
2508.30477,-0.33363
2506.87959,-0.33138
2505.45442,-0.32922
2504.02925,-0.32711
2502.60407,-0.32485
2501.17890,-0.32235
2499.75373,-0.31975
2498.32856,-0.31727
2496.90338,-0.31493
2495.47821,-0.31238
2494.05304,-0.30933
2492.62786,-0.30600
2491.20269,-0.30294
2489.77752,-0.30055
2488.35234,-0.29885
2486.92717,-0.29752
2485.50200,-0.29602
2484.07682,-0.29411
2482.65165,-0.29218
2481.22648,-0.29083
2479.80130,-0.29009
2478.37613,-0.28945
2476.95096,-0.28844
2475.52578,-0.28700
2474.10061,-0.28552
2472.67544,-0.28459
2471.25027,-0.28462
2469.82509,-0.28560
2468.39992,-0.28711
2466.97475,-0.28863
2465.54957,-0.28988
2464.12440,-0.29109
2462.69923,-0.29266
2461.27405,-0.29466
2459.84888,-0.29680
2458.42371,-0.29893
2456.99853,-0.30142
2455.57336,-0.30469
2454.14819,-0.30861
2452.72301,-0.31254
2451.29784,-0.31605
2449.87267,-0.31933
2448.44749,-0.32271
2447.02232,-0.32627
2445.59715,-0.32975
2444.17198,-0.33296
2442.74680,-0.33591
2441.32163,-0.33879
2439.89646,-0.34173
2438.47128,-0.34474
2437.04611,-0.34786
2435.62094,-0.35093
2434.19576,-0.35357
2432.77059,-0.35560
2431.34542,-0.35734
2429.92024,-0.35914
2428.49507,-0.36084
2427.06990,-0.36221
2425.64472,-0.36335
2424.21955,-0.36445
2422.79438,-0.36541
2421.36920,-0.36606
2419.94403,-0.36644
2418.51886,-0.36654
2417.09369,-0.36624
2415.66851,-0.36555
2414.24334,-0.36479
2412.81817,-0.36433
2411.39299,-0.36412
2409.96782,-0.36360
2408.54265,-0.36234
2407.11747,-0.36051
2405.69230,-0.35854
2404.26713,-0.35657
2402.84195,-0.35455
2401.41678,-0.35252
2399.99161,-0.35055
2398.56643,-0.34861
2397.14126,-0.34658
2395.71609,-0.34448
2394.29091,-0.34235
2392.86574,-0.34030
2391.44057,-0.33851
2390.01540,-0.33707
2388.59022,-0.33589
2387.16505,-0.33486
2385.73988,-0.33403
2384.31470,-0.33354
2382.88953,-0.33340
2381.46436,-0.33357
2380.03918,-0.33413
2378.61401,-0.33502
2377.18884,-0.33582
2375.76366,-0.33614
2374.33849,-0.33626
2372.91332,-0.33691
2371.48814,-0.33823
2370.06297,-0.33947
2368.63780,-0.33983
2367.21262,-0.33957
2365.78745,-0.34017
2364.36228,-0.34285
2362.93710,-0.34671
2361.51193,-0.34898
2360.08676,-0.34780
2358.66159,-0.34405
2357.23641,-0.34091
2355.81124,-0.34161
2354.38607,-0.34669
2352.96089,-0.35384
2351.53572,-0.36065
2350.11055,-0.36647
2348.68537,-0.37166
2347.26020,-0.37636
2345.83503,-0.38009
2344.40985,-0.38222
2342.98468,-0.38331
2341.55951,-0.38501
2340.13433,-0.38796
2338.70916,-0.39136
2337.28399,-0.39446
2335.85881,-0.39711
2334.43364,-0.39956
2333.00847,-0.40219
2331.58330,-0.40485
2330.15812,-0.40641
2328.73295,-0.40626
2327.30778,-0.40558
2325.88260,-0.40601
2324.45743,-0.40799
2323.03226,-0.41051
2321.60708,-0.41201
2320.18191,-0.41168
2318.75674,-0.41029
2317.33156,-0.40929
2315.90639,-0.40931
2314.48122,-0.40976
2313.05604,-0.40980
2311.63087,-0.40923
2310.20570,-0.40833
2308.78052,-0.40717
2307.35535,-0.40549
2305.93018,-0.40321
2304.50501,-0.40059
2303.07983,-0.39787
2301.65466,-0.39519
2300.22949,-0.39255
2298.80431,-0.38981
2297.37914,-0.38692
2295.95397,-0.38394
2294.52879,-0.38095
2293.10362,-0.37795
2291.67845,-0.37493
2290.25327,-0.37189
2288.82810,-0.36887
2287.40293,-0.36601
2285.97775,-0.36340
2284.55258,-0.36086
2283.12741,-0.35807
2281.70223,-0.35498
2280.27706,-0.35189
2278.85189,-0.34923
2277.42672,-0.34700
2276.00154,-0.34481
2274.57637,-0.34231
2273.15120,-0.33947
2271.72602,-0.33643
2270.30085,-0.33334
2268.87568,-0.33032
2267.45050,-0.32742
2266.02533,-0.32466
2264.60016,-0.32204
2263.17498,-0.31945
2261.74981,-0.31688
2260.32464,-0.31451
2258.89946,-0.31249
2257.47429,-0.31049
2256.04912,-0.30794
2254.62394,-0.30479
2253.19877,-0.30166
2251.77360,-0.29906
2250.34843,-0.29676
2248.92325,-0.29427
2247.49808,-0.29152
2246.07291,-0.28875
2244.64773,-0.28604
2243.22256,-0.28324
2241.79739,-0.28023
2240.37221,-0.27703
2238.94704,-0.27382
2237.52187,-0.27064
2236.09669,-0.26733
2234.67152,-0.26371
2233.24635,-0.25974
2231.82117,-0.25548
2230.39600,-0.25102
2228.97083,-0.24652
2227.54565,-0.24209
2226.12048,-0.23769
2224.69531,-0.23330
2223.27013,-0.22902
2221.84496,-0.22482
2220.41979,-0.22043
2218.99462,-0.21556
2217.56944,-0.21029
2216.14427,-0.20503
2214.71910,-0.20007
2213.29392,-0.19528
2211.86875,-0.19035
2210.44358,-0.18514
2209.01840,-0.17975
2207.59323,-0.17440
2206.16806,-0.16931
2204.74288,-0.16450
2203.31771,-0.15980
2201.89254,-0.15504
2200.46736,-0.15022
2199.04219,-0.14545
2197.61702,-0.14079
2196.19184,-0.13618
2194.76667,-0.13166
2193.34150,-0.12736
2191.91633,-0.12334
2190.49115,-0.11945
2189.06598,-0.11554
2187.64081,-0.11161
2186.21563,-0.10775
2184.79046,-0.10404
2183.36529,-0.10048
2181.94011,-0.09708
2180.51494,-0.09386
2179.08977,-0.09093
2177.66459,-0.08826
2176.23942,-0.08575
2174.81425,-0.08321
2173.38907,-0.08058
2171.96390,-0.07801
2170.53873,-0.07572
2169.11355,-0.07372
2167.68838,-0.07185
2166.26321,-0.06997
2164.83804,-0.06811
2163.41286,-0.06633
2161.98769,-0.06466
2160.56252,-0.06311
2159.13734,-0.06168
2157.71217,-0.06035
2156.28700,-0.05910
2154.86182,-0.05792
2153.43665,-0.05680
2152.01148,-0.05577
2150.58630,-0.05483
2149.16113,-0.05392
2147.73596,-0.05300
2146.31078,-0.05209
2144.88561,-0.05125
2143.46044,-0.05047
2142.03526,-0.04974
2140.61009,-0.04906
2139.18492,-0.04839
2137.75975,-0.04768
2136.33457,-0.04693
2134.90940,-0.04622
2133.48423,-0.04557
2132.05905,-0.04494
2130.63388,-0.04428
2129.20871,-0.04353
2127.78353,-0.04276
2126.35836,-0.04202
2124.93319,-0.04131
2123.50801,-0.04058
2122.08284,-0.03981
2120.65767,-0.03901
2119.23249,-0.03823
2117.80732,-0.03744
2116.38215,-0.03664
2114.95697,-0.03585
2113.53180,-0.03507
2112.10663,-0.03430
2110.68146,-0.03350
2109.25628,-0.03264
2107.83111,-0.03175
2106.40594,-0.03084
2104.98076,-0.02996
2103.55559,-0.02912
2102.13042,-0.02827
2100.70524,-0.02741
2099.28007,-0.02654
2097.85490,-0.02568
2096.42972,-0.02486
2095.00455,-0.02408
2093.57938,-0.02330
2092.15420,-0.02251
2090.72903,-0.02171
2089.30386,-0.02093
2087.87868,-0.02020
2086.45351,-0.01946
2085.02834,-0.01872
2083.60316,-0.01802
2082.17799,-0.01742
2080.75282,-0.01689
2079.32765,-0.01641
2077.90247,-0.01595
2076.47730,-0.01547
2075.05213,-0.01498
2073.62695,-0.01449
2072.20178,-0.01402
2070.77661,-0.01360
2069.35143,-0.01325
2067.92626,-0.01295
2066.50109,-0.01268
2065.07591,-0.01241
2063.65074,-0.01214
2062.22557,-0.01187
2060.80039,-0.01165
2059.37522,-0.01147
2057.95005,-0.01133
2056.52487,-0.01123
2055.09970,-0.01115
2053.67453,-0.01108
2052.24936,-0.01103
2050.82418,-0.01101
2049.39901,-0.01101
2047.97384,-0.01101
2046.54866,-0.01103
2045.12349,-0.01109
2043.69832,-0.01117
2042.27314,-0.01122
2040.84797,-0.01126
2039.42280,-0.01132
2037.99762,-0.01141
2036.57245,-0.01151
2035.14728,-0.01160
2033.72210,-0.01170
2032.29693,-0.01179
2030.87176,-0.01187
2029.44658,-0.01193
2028.02141,-0.01197
2026.59624,-0.01197
2025.17107,-0.01191
2023.74589,-0.01185
2022.32072,-0.01180
2020.89555,-0.01178
2019.47037,-0.01176
2018.04520,-0.01172
2016.62003,-0.01165
2015.19485,-0.01155
2013.76968,-0.01141
2012.34451,-0.01123
2010.91933,-0.01102
2009.49416,-0.01081
2008.06899,-0.01060
2006.64381,-0.01039
2005.21864,-0.01018
2003.79347,-0.00998
2002.36829,-0.00975
2000.94312,-0.00947
1999.51795,-0.00914
1998.09278,-0.00881
1996.66760,-0.00850
1995.24243,-0.00820
1993.81726,-0.00792
1992.39208,-0.00763
1990.96691,-0.00735
1989.54174,-0.00706
1988.11656,-0.00674
1986.69139,-0.00641
1985.26622,-0.00610
1983.84104,-0.00584
1982.41587,-0.00562
1980.99070,-0.00541
1979.56552,-0.00518
1978.14035,-0.00495
1976.71518,-0.00473
1975.29000,-0.00454
1973.86483,-0.00440
1972.43966,-0.00430
1971.01449,-0.00422
1969.58931,-0.00412
1968.16414,-0.00402
1966.73897,-0.00393
1965.31379,-0.00385
1963.88862,-0.00380
1962.46345,-0.00377
1961.03827,-0.00376
1959.61310,-0.00378
1958.18793,-0.00381
1956.76275,-0.00384
1955.33758,-0.00392
1953.91241,-0.00405
1952.48723,-0.00422
1951.06206,-0.00439
1949.63689,-0.00455
1948.21171,-0.00471
1946.78654,-0.00486
1945.36137,-0.00501
1943.93619,-0.00517
1942.51102,-0.00536
1941.08585,-0.00556
1939.66068,-0.00576
1938.23550,-0.00595
1936.81033,-0.00613
1935.38516,-0.00630
1933.95998,-0.00646
1932.53481,-0.00660
1931.10964,-0.00675
1929.68446,-0.00693
1928.25929,-0.00713
1926.83412,-0.00731
1925.40894,-0.00745
1923.98377,-0.00756
1922.55860,-0.00768
1921.13342,-0.00781
1919.70825,-0.00790
1918.28308,-0.00792
1916.85790,-0.00790
1915.43273,-0.00789
1914.00756,-0.00789
1912.58239,-0.00789
1911.15721,-0.00789
1909.73204,-0.00788
1908.30687,-0.00786
1906.88169,-0.00783
1905.45652,-0.00776
1904.03135,-0.00765
1902.60617,-0.00751
1901.18100,-0.00740
1899.75583,-0.00731
1898.33065,-0.00721
1896.90548,-0.00706
1895.48031,-0.00688
1894.05513,-0.00669
1892.62996,-0.00651
1891.20479,-0.00632
1889.77961,-0.00612
1888.35444,-0.00593
1886.92927,-0.00577
1885.50410,-0.00561
1884.07892,-0.00543
1882.65375,-0.00525
1881.22858,-0.00509
1879.80340,-0.00494
1878.37823,-0.00480
1876.95306,-0.00466
1875.52788,-0.00451
1874.10271,-0.00438
1872.67754,-0.00427
1871.25236,-0.00415
1869.82719,-0.00402
1868.40202,-0.00389
1866.97684,-0.00383
1865.55167,-0.00382
1864.12650,-0.00382
1862.70132,-0.00382
1861.27615,-0.00384
1859.85098,-0.00388
1858.42581,-0.00393
1857.00063,-0.00400
1855.57546,-0.00406
1854.15029,-0.00413
1852.72511,-0.00422
1851.29994,-0.00435
1849.87477,-0.00454
1848.44959,-0.00477
1847.02442,-0.00498
1845.59925,-0.00515
1844.17407,-0.00530
1842.74890,-0.00550
1841.32373,-0.00575
1839.89855,-0.00602
1838.47338,-0.00630
1837.04821,-0.00658
1835.62303,-0.00685
1834.19786,-0.00710
1832.77269,-0.00734
1831.34751,-0.00756
1829.92234,-0.00778
1828.49717,-0.00801
1827.07200,-0.00824
1825.64682,-0.00849
1824.22165,-0.00872
1822.79648,-0.00895
1821.37130,-0.00915
1819.94613,-0.00930
1818.52096,-0.00941
1817.09578,-0.00952
1815.67061,-0.00963
1814.24544,-0.00974
1812.82026,-0.00981
1811.39509,-0.00983
1809.96992,-0.00982
1808.54474,-0.00979
1807.11957,-0.00975
1805.69440,-0.00971
1804.26922,-0.00966
1802.84405,-0.00957
1801.41888,-0.00943
1799.99371,-0.00921
1798.56853,-0.00898
1797.14336,-0.00875
1795.71819,-0.00854
1794.29301,-0.00832
1792.86784,-0.00807
1791.44267,-0.00783
1790.01749,-0.00764
1788.59232,-0.00748
1787.16715,-0.00730
1785.74197,-0.00707
1784.31680,-0.00681
1782.89163,-0.00657
1781.46645,-0.00633
1780.04128,-0.00611
1778.61611,-0.00593
1777.19093,-0.00581
1775.76576,-0.00570
1774.34059,-0.00556
1772.91542,-0.00536
1771.49024,-0.00517
1770.06507,-0.00503
1768.63990,-0.00495
1767.21472,-0.00491
1765.78955,-0.00488
1764.36438,-0.00485
1762.93920,-0.00481
1761.51403,-0.00477
1760.08886,-0.00475
1758.66368,-0.00474
1757.23851,-0.00473
1755.81334,-0.00472
1754.38816,-0.00473
1752.96299,-0.00472
1751.53782,-0.00462
1750.11264,-0.00447
1748.68747,-0.00435
1747.26230,-0.00431
1745.83713,-0.00432
1744.41195,-0.00431
1742.98678,-0.00426
1741.56161,-0.00419
1740.13643,-0.00414
1738.71126,-0.00414
1737.28609,-0.00417
1735.86091,-0.00417
1734.43574,-0.00410
1733.01057,-0.00403
1731.58539,-0.00403
1730.16022,-0.00408
1728.73505,-0.00414
1727.30987,-0.00416
1725.88470,-0.00413
1724.45953,-0.00404
1723.03435,-0.00395
1721.60918,-0.00390
1720.18401,-0.00386
1718.75884,-0.00376
1717.33366,-0.00356
1715.90849,-0.00333
1714.48332,-0.00316
1713.05814,-0.00306
1711.63297,-0.00296
1710.20780,-0.00284
1708.78262,-0.00267
1707.35745,-0.00238
1705.93228,-0.00199
1704.50710,-0.00162
1703.08193,-0.00125
1701.65676,-0.00067
1700.23158,0.00020
1698.80641,0.00111
1697.38124,0.00190
1695.95606,0.00272
1694.53089,0.00360
1693.10572,0.00447
1691.68054,0.00549
1690.25537,0.00686
1688.83020,0.00851
1687.40503,0.01027
1685.97985,0.01253
1684.55468,0.01575
1683.12951,0.01919
1681.70433,0.02187
1680.27916,0.02404
1678.85399,0.02615
1677.42881,0.02850
1676.00364,0.03126
1674.57847,0.03421
1673.15329,0.03688
1671.72812,0.03941
1670.30295,0.04238
1668.87777,0.04577
1667.45260,0.04881
1666.02743,0.05130
1664.60225,0.05369
1663.17708,0.05624
1661.75191,0.05872
1660.32674,0.06078
1658.90156,0.06240
1657.47639,0.06368
1656.05122,0.06475
1654.62604,0.06596
1653.20087,0.06742
1651.77570,0.06842
1650.35052,0.06872
1648.92535,0.06881
1647.50018,0.06899
1646.07500,0.06916
1644.64983,0.06913
1643.22466,0.06892
1641.79948,0.06864
1640.37431,0.06834
1638.94914,0.06806
1637.52396,0.06791
1636.09879,0.06794
1634.67362,0.06803
1633.24845,0.06809
1631.82327,0.06811
1630.39810,0.06813
1628.97293,0.06811
1627.54775,0.06790
1626.12258,0.06726
1624.69741,0.06576
1623.27223,0.06300
1621.84706,0.05919
1620.42189,0.05490
1618.99671,0.05007
1617.57154,0.04411
1616.14637,0.03744
1614.72119,0.03148
1613.29602,0.02653
1611.87085,0.02198
1610.44567,0.01751
1609.02050,0.01328
1607.59533,0.00953
1606.17016,0.00633
1604.74498,0.00358
1603.31981,0.00114
1601.89464,-0.00101
1600.46946,-0.00282
1599.04429,-0.00430
1597.61912,-0.00548
1596.19394,-0.00649
1594.76877,-0.00739
1593.34360,-0.00819
1591.91842,-0.00885
1590.49325,-0.00938
1589.06808,-0.00978
1587.64290,-0.01010
1586.21773,-0.01038
1584.79256,-0.01065
1583.36738,-0.01093
1581.94221,-0.01125
1580.51704,-0.01163
1579.09187,-0.01208
1577.66669,-0.01256
1576.24152,-0.01300
1574.81635,-0.01338
1573.39117,-0.01378
1571.96600,-0.01422
1570.54083,-0.01467
1569.11565,-0.01506
1567.69048,-0.01540
1566.26531,-0.01573
1564.84013,-0.01608
1563.41496,-0.01648
1561.98979,-0.01687
1560.56461,-0.01717
1559.13944,-0.01734
1557.71427,-0.01757
1556.28909,-0.01802
1554.86392,-0.01860
1553.43875,-0.01918
1552.01357,-0.01970
1550.58840,-0.02019
1549.16323,-0.02071
1547.73806,-0.02130
1546.31288,-0.02192
1544.88771,-0.02255
1543.46254,-0.02313
1542.03736,-0.02366
1540.61219,-0.02428
1539.18702,-0.02508
1537.76184,-0.02594
1536.33667,-0.02671
1534.91150,-0.02735
1533.48632,-0.02792
1532.06115,-0.02854
1530.63598,-0.02920
1529.21080,-0.02987
1527.78563,-0.03050
1526.36046,-0.03114
1524.93528,-0.03173
1523.51011,-0.03212
1522.08494,-0.03206
1520.65977,-0.03147
1519.23459,-0.03055
1517.80942,-0.02961
1516.38425,-0.02908
1514.95907,-0.02946
1513.53390,-0.03079
1512.10873,-0.03265
1510.68355,-0.03463
1509.25838,-0.03645
1507.83321,-0.03795
1506.40803,-0.03904
1504.98286,-0.03990
1503.55769,-0.04072
1502.13251,-0.04149
1500.70734,-0.04211
1499.28217,-0.04257
1497.85699,-0.04302
1496.43182,-0.04363
1495.00665,-0.04434
1493.58148,-0.04503
1492.15630,-0.04562
1490.73113,-0.04606
1489.30596,-0.04632
1487.88078,-0.04647
1486.45561,-0.04661
1485.03044,-0.04673
1483.60526,-0.04678
1482.18009,-0.04668
1480.75492,-0.04642
1479.32974,-0.04603
1477.90457,-0.04551
1476.47940,-0.04482
1475.05422,-0.04396
1473.62905,-0.04289
1472.20388,-0.04177
1470.77870,-0.04101
1469.35353,-0.04075
1467.92836,-0.04069
1466.50319,-0.04050
1465.07801,-0.04013
1463.65284,-0.03982
1462.22767,-0.03973
1460.80249,-0.03966
1459.37732,-0.03916
1457.95215,-0.03786
1456.52697,-0.03622
1455.10180,-0.03516
1453.67663,-0.03465
1452.25145,-0.03422
1450.82628,-0.03355
1449.40111,-0.03256
1447.97593,-0.03131
1446.55076,-0.03005
1445.12559,-0.02895
1443.70041,-0.02797
1442.27524,-0.02700
1440.85007,-0.02612
1439.42490,-0.02534
1437.99972,-0.02451
1436.57455,-0.02362
1435.14938,-0.02298
1433.72420,-0.02274
1432.29903,-0.02277
1430.87386,-0.02288
1429.44868,-0.02304
1428.02351,-0.02326
1426.59834,-0.02359
1425.17316,-0.02397
1423.74799,-0.02432
1422.32282,-0.02452
1420.89764,-0.02453
1419.47247,-0.02437
1418.04730,-0.02417
1416.62212,-0.02405
1415.19695,-0.02394
1413.77178,-0.02376
1412.34660,-0.02348
1410.92143,-0.02314
1409.49626,-0.02279
1408.07109,-0.02244
1406.64591,-0.02208
1405.22074,-0.02169
1403.79557,-0.02130
1402.37039,-0.02093
1400.94522,-0.02055
1399.52005,-0.02012
1398.09487,-0.01964
1396.66970,-0.01909
1395.24453,-0.01845
1393.81935,-0.01777
1392.39418,-0.01713
1390.96901,-0.01655
1389.54383,-0.01595
1388.11866,-0.01530
1386.69349,-0.01468
1385.26831,-0.01413
1383.84314,-0.01363
1382.41797,-0.01311
1380.99280,-0.01255
1379.56762,-0.01200
1378.14245,-0.01145
1376.71728,-0.01083
1375.29210,-0.01008
1373.86693,-0.00929
1372.44176,-0.00863
1371.01658,-0.00815
1369.59141,-0.00779
1368.16624,-0.00749
1366.74106,-0.00728
1365.31589,-0.00712
1363.89072,-0.00694
1362.46554,-0.00674
1361.04037,-0.00662
1359.61520,-0.00660
1358.19002,-0.00665
1356.76485,-0.00671
1355.33968,-0.00673
1353.91451,-0.00672
1352.48933,-0.00671
1351.06416,-0.00675
1349.63899,-0.00690
1348.21381,-0.00714
1346.78864,-0.00745
1345.36347,-0.00776
1343.93829,-0.00803
1342.51312,-0.00834
1341.08795,-0.00877
1339.66277,-0.00937
1338.23760,-0.01009
1336.81243,-0.01078
1335.38725,-0.01140
1333.96208,-0.01200
1332.53691,-0.01262
1331.11173,-0.01329
1329.68656,-0.01401
1328.26139,-0.01476
1326.83622,-0.01556
1325.41104,-0.01641
1323.98587,-0.01724
1322.56070,-0.01801
1321.13552,-0.01873
1319.71035,-0.01940
1318.28518,-0.02003
1316.86000,-0.02060
1315.43483,-0.02116
1314.00966,-0.02177
1312.58448,-0.02246
1311.15931,-0.02322
1309.73414,-0.02401
1308.30896,-0.02478
1306.88379,-0.02551
1305.45862,-0.02618
1304.03344,-0.02682
1302.60827,-0.02750
1301.18310,-0.02826
1299.75793,-0.02906
1298.33275,-0.02989
1296.90758,-0.03074
1295.48241,-0.03164
1294.05723,-0.03263
1292.63206,-0.03375
1291.20689,-0.03498
1289.78171,-0.03629
1288.35654,-0.03763
1286.93137,-0.03899
1285.50619,-0.04044
1284.08102,-0.04199
1282.65585,-0.04367
1281.23067,-0.04547
1279.80550,-0.04742
1278.38033,-0.04958
1276.95515,-0.05196
1275.52998,-0.05458
1274.10481,-0.05748
1272.67963,-0.06077
1271.25446,-0.06446
1269.82929,-0.06845
1268.40412,-0.07275
1266.97894,-0.07750
1265.55377,-0.08286
1264.12860,-0.08890
1262.70342,-0.09566
1261.27825,-0.10340
1259.85308,-0.11238
1258.42790,-0.12269
1257.00273,-0.13416
1255.57756,-0.14662
1254.15238,-0.16010
1252.72721,-0.17485
1251.30204,-0.19100
1249.87686,-0.20838
1248.45169,-0.22671
1247.02652,-0.24580
1245.60134,-0.26548
1244.17617,-0.28544
1242.75100,-0.30517
1241.32583,-0.32399
1239.90065,-0.34140
1238.47548,-0.35716
1237.05031,-0.37103
1235.62513,-0.38265
1234.19996,-0.39200
1232.77479,-0.39961
1231.34961,-0.40615
1229.92444,-0.41186
1228.49927,-0.41669
1227.07409,-0.42083
1225.64892,-0.42443
1224.22375,-0.42721
1222.79857,-0.42922
1221.37340,-0.43120
1219.94823,-0.43345
1218.52305,-0.43567
1217.09788,-0.43793
1215.67271,-0.44073
1214.24754,-0.44395
1212.82236,-0.44688
1211.39719,-0.44895
1209.97202,-0.45021
1208.54684,-0.45134
1207.12167,-0.45300
1205.69650,-0.45514
1204.27132,-0.45724
1202.84615,-0.45890
1201.42098,-0.45979
1199.99580,-0.45971
1198.57063,-0.45908
1197.14546,-0.45879
1195.72028,-0.45930
1194.29511,-0.45995
1192.86994,-0.45945
1191.44476,-0.45721
1190.01959,-0.45364
1188.59442,-0.44929
1187.16925,-0.44437
1185.74407,-0.43904
1184.31890,-0.43299
1182.89373,-0.42517
1181.46855,-0.41500
1180.04338,-0.40296
1178.61821,-0.38932
1177.19303,-0.37351
1175.76786,-0.35550
1174.34269,-0.33678
1172.91751,-0.31916
1171.49234,-0.30318
1170.06717,-0.28827
1168.64199,-0.27382
1167.21682,-0.25967
1165.79165,-0.24613
1164.36647,-0.23366
1162.94130,-0.22227
1161.51613,-0.21145
1160.09096,-0.20079
1158.66578,-0.19040
1157.24061,-0.18070
1155.81544,-0.17211
1154.39026,-0.16465
1152.96509,-0.15801
1151.53992,-0.15199
1150.11474,-0.14670
1148.68957,-0.14210
1147.26440,-0.13775
1145.83922,-0.13333
1144.41405,-0.12899
1142.98888,-0.12514
1141.56370,-0.12199
1140.13853,-0.11930
1138.71336,-0.11652
1137.28818,-0.11331
1135.86301,-0.11000
1134.43784,-0.10728
1133.01266,-0.10542
1131.58749,-0.10411
1130.16232,-0.10289
1128.73715,-0.10164
1127.31197,-0.10041
1125.88680,-0.09911
1124.46163,-0.09761
1123.03645,-0.09613
1121.61128,-0.09499
1120.18611,-0.09413
1118.76093,-0.09315
1117.33576,-0.09183
1115.91059,-0.09024
1114.48541,-0.08858
1113.06024,-0.08708
1111.63507,-0.08598
1110.20989,-0.08538
1108.78472,-0.08506
1107.35955,-0.08453
1105.93437,-0.08354
1104.50920,-0.08239
1103.08403,-0.08149
1101.65886,-0.08088
1100.23368,-0.08040
1098.80851,-0.07998
1097.38334,-0.07944
1095.95816,-0.07846
1094.53299,-0.07702
1093.10782,-0.07553
1091.68264,-0.07432
1090.25747,-0.07327
1088.83230,-0.07218
1087.40712,-0.07120
1085.98195,-0.07051
1084.55678,-0.06994
1083.13160,-0.06916
1081.70643,-0.06812
1080.28126,-0.06698
1078.85608,-0.06590
1077.43091,-0.06513
1076.00574,-0.06486
1074.58057,-0.06491
1073.15539,-0.06490
1071.73022,-0.06473
1070.30505,-0.06465
1068.87987,-0.06469
1067.45470,-0.06462
1066.02953,-0.06415
1064.60435,-0.06318
1063.17918,-0.06210
1061.75401,-0.06155
1060.32883,-0.06174
1058.90366,-0.06210
1057.47849,-0.06195
1056.05331,-0.06139
1054.62814,-0.06088
1053.20297,-0.06056
1051.77779,-0.06024
1050.35262,-0.05989
1048.92745,-0.05968
1047.50228,-0.05969
1046.07710,-0.05989
1044.65193,-0.06030
1043.22676,-0.06075
1041.80158,-0.06084
1040.37641,-0.06052
1038.95124,-0.06035
1037.52606,-0.06104
1036.10089,-0.06254
1034.67572,-0.06405
1033.25054,-0.06475
1031.82537,-0.06454
1030.40020,-0.06409
1028.97502,-0.06425
1027.54985,-0.06525
1026.12468,-0.06655
1024.69950,-0.06737
1023.27433,-0.06735
1021.84916,-0.06667
1020.42399,-0.06598
1018.99881,-0.06600
1017.57364,-0.06685
1016.14847,-0.06772
1014.72329,-0.06767
1013.29812,-0.06680
1011.87295,-0.06611
1010.44777,-0.06627
1009.02260,-0.06703
1007.59743,-0.06794
1006.17225,-0.06866
1004.74708,-0.06840
1003.32191,-0.06634
1001.89673,-0.06316
1000.47156,-0.06091
999.04639,-0.06090
997.62121,-0.06283
996.19604,-0.06589
994.77087,-0.06941
993.34569,-0.07229
991.92052,-0.07359
990.49535,-0.07334
989.07018,-0.07173
987.64500,-0.06887
986.21983,-0.06586
984.79466,-0.06426
983.36948,-0.06407
981.94431,-0.06451
980.51914,-0.06622
979.09396,-0.06990
977.66879,-0.07384
976.24362,-0.07577
974.81844,-0.07603
973.39327,-0.07638
971.96810,-0.07695
970.54292,-0.07628
969.11775,-0.07357
967.69258,-0.06966
966.26740,-0.06655
964.84223,-0.06602
963.41706,-0.06798
961.99189,-0.07128
960.56671,-0.07543
959.14154,-0.07963
957.71637,-0.08179
956.29119,-0.07985
954.86602,-0.07297
953.44085,-0.06268
952.01567,-0.05498
950.59050,-0.05893
949.16533,-0.07739
947.74015,-0.09917
946.31498,-0.10924
944.88981,-0.10778
943.46463,-0.10771
942.03946,-0.11393
940.61429,-0.11554
939.18911,-0.10240
937.76394,-0.07936
936.33877,-0.05608
934.91360,-0.03625
933.48842,-0.01942
932.06325,-0.00454
930.63808,0.00612
929.21290,0.00212
927.78773,-0.02206
926.36256,-0.05992
924.93738,-0.11129
923.51221,-0.16847
922.08704,-0.18678
920.66186,-0.13770
919.23669,-0.07837
917.81152,-0.04994
916.38634,-0.04188
914.96117,-0.03624
913.53600,-0.00653
912.11082,0.01122
910.68565,-0.04457
909.26048,-0.09443
907.83531,-0.08063
906.41013,-0.04532
904.98496,-0.04209
903.55979,-0.04152
902.13461,0.02740
900.70944,0.00755
899.28427,-0.04878
897.85909,0.07077
896.43392,-0.07846
895.00875,-0.39209
893.58357,-0.31662
892.15840,-0.09257
890.73323,-0.17970
889.30805,-0.25283
887.88288,-0.29368
886.45771,-0.20067
885.03253,0.04050
883.60736,0.20476
882.18219,0.25881
880.75701,0.35177
879.33184,0.33775
877.90667,0.15077
876.48150,0.04163
875.05632,-0.00633
873.63115,-0.23549
872.20598,-0.48390
870.78080,-0.43910
869.35563,-0.52010
867.93046,-0.58461
866.50528,-0.38049
865.08011,-0.14183
863.65494,-0.01295
862.22976,0.17971
860.80459,0.25082
859.37942,0.03382
857.95424,-0.05765
856.52907,-0.21073
855.10390,-0.47295
853.67872,-0.04437
852.25355,0.04741
850.82838,-0.04580
849.40321,-0.17870
847.97803,-0.27248
846.55286,-0.29294
845.12769,-0.23923
843.70251,-0.11088
842.27734,-0.07350
840.85217,-0.21137
839.42699,-0.10245
838.00182,-0.16458
836.57665,-0.38265
835.15147,-0.37253
833.72630,-0.12749
832.30113,0.04092
830.87595,-0.02328
829.45078,-0.23293
828.02561,-0.09603
826.60043,-0.08141
825.17526,-0.39001
823.75009,-0.49742
822.32492,-0.37732
820.89974,-0.21879
819.47457,-0.22280
818.04940,-0.21482
816.62422,-0.12361
815.19905,-0.13352
813.77388,-0.07438
812.34870,0.02904
810.92353,-0.05085
809.49836,-0.01301
808.07318,0.27084
806.64801,0.37726
805.22284,0.29214
803.79766,0.21953
802.37249,0.14564
800.94732,0.13361
799.52214,0.27572
798.09697,0.28842
796.67180,-0.08761
795.24663,-0.26526
793.82145,-0.36400
792.39628,-0.32527
790.97111,0.04333
789.54593,0.31742
788.12076,0.29112
786.69559,0.01470
785.27041,-0.18583
783.84524,-0.27250
782.42007,-0.17688
780.99489,-0.01047
779.56972,0.17403
778.14455,0.35626
776.71937,0.67576
775.29420,0.38546
773.86903,0.27797
772.44385,0.24950
771.01868,0.09663
769.59351,0.06418
768.16834,0.07991
766.74316,0.01221
765.31799,-0.06444
763.89282,-0.00152
762.46764,0.11236
761.04247,0.07217
759.61730,-0.10619
758.19212,-0.55921
756.76695,-0.10793
755.34178,0.25206
753.91660,0.36528
752.49143,0.01971
751.06626,-0.39798
749.64108,-0.70373
748.21591,-0.44188
746.79074,-0.08705
745.36556,0.11859
743.94039,0.45218
742.51522,0.36512
741.09004,0.17073
739.66487,0.10392
738.23970,0.15935
736.81453,0.64134
735.38935,0.08264
733.96418,-0.00367
732.53901,-0.09750
731.11383,-0.27465
729.68866,-0.37397
728.26349,-0.37131
726.83831,-0.39535
725.41314,-0.32351
723.98797,-0.04705
722.56279,0.13093
721.13762,0.26723
719.71245,0.21584
718.28727,0.21088
716.86210,0.11824
715.43693,0.13632
714.01175,0.10428
712.58658,-0.14850
711.16141,-0.35555
709.73624,-0.43351
708.31106,-0.31350
706.88589,-0.13516
705.46072,-0.12535
704.03554,-0.17889
702.61037,0.16240
701.18520,0.16456
699.76002,0.20938
698.33485,0.26850
696.90968,0.05742
695.48450,-0.08704
694.05933,-0.10044
692.63416,-0.11274
691.20898,-0.14720
689.78381,-0.20872
688.35864,-0.44373
686.93346,-0.22575
685.50829,0.02015
684.08312,0.05829
682.65795,-0.03199
681.23277,-0.08886
679.80760,-0.14529
678.38243,-0.24363
676.95725,-0.10640
675.53208,0.16103
674.10691,-0.04932
672.68173,-0.35807
671.25656,-0.55987
669.83139,-0.29446
668.40621,-0.19228
666.98104,-0.20566
665.55587,-0.24753
664.13069,-0.24757
662.70552,-0.07139
661.28035,0.08017
659.85517,0.10195
658.43000,0.32319
657.00483,0.51182
655.57966,0.35893
654.15448,0.32293
652.72931,0.39288
651.30414,0.10814
649.87896,-0.13517
648.45379,-0.32364
647.02862,-0.40097
645.60344,-0.36540
644.17827,-0.31465
642.75310,-0.18874
641.32792,0.29448
639.90275,0.40183
638.47758,0.34693
637.05240,0.33202
635.62723,0.37916
634.20206,0.53427
632.77688,0.58856
631.35171,0.23678
629.92654,-0.08959
628.50137,-0.32873
627.07619,-0.34379
625.65102,-0.18957
624.22585,-0.18531
622.80067,-0.30890
621.37550,-0.08074
619.95033,0.21205
618.52515,0.20952
617.09998,0.12812
615.67481,-0.06668
614.24963,0.03611
612.82446,0.20561
611.39929,0.11419
609.97411,0.04898
608.54894,-0.05178
607.12377,-0.16922
605.69859,-0.20424
604.27342,-0.16448
602.84825,-0.13395
601.42307,-0.09332
599.99790,-0.03649
598.57273,0.01644
597.14756,0.00236
595.72238,-0.09184
594.29721,-0.09739
592.87204,-0.10496
591.44686,-0.01821
590.02169,0.71284
588.59652,0.72143
587.17134,0.46348
585.74617,0.22912
584.32100,0.04453
582.89582,0.01410
581.47065,-0.02623
580.04548,-0.21901
578.62030,-0.41592
577.19513,-0.37194
575.76996,-0.22825
574.34478,-0.24028
572.91961,-0.26261
571.49444,-0.13411
570.06927,-0.05406
568.64409,-0.09313
567.21892,-0.02888
565.79375,0.09661
564.36857,0.13099
562.94340,0.03515
561.51823,-0.09105
560.09305,-0.13503
558.66788,0.06811
557.24271,0.28608
555.81753,0.08459
554.39236,0.04098
552.96719,0.21948
551.54201,0.03582
550.11684,-0.02677
548.69167,-0.09511
547.26649,-0.09231
545.84132,-0.03608
544.41615,-0.08209
542.99098,-0.08486
541.56580,0.01755
540.14063,0.26130
538.71546,0.11531
537.29028,0.00719
535.86511,-0.05275
534.43994,-0.09743
533.01476,-0.16192
531.58959,-0.12488
530.16442,-0.03023
528.73924,0.03564
527.31407,0.02792
525.88890,-0.02098
524.46372,-0.06657
523.03855,0.01042
521.61338,0.28070
520.18820,0.28594
518.76303,0.08330
517.33786,-0.20317
515.91269,-0.42406
514.48751,-0.71041
513.06234,-0.17573
511.63717,0.02464
510.21199,0.01586
508.78682,-0.22386
507.36165,-0.41332
505.93647,-0.51547
504.51130,-0.47278
503.08613,-0.11453
501.66095,-0.02090
500.23578,-0.01366
498.81061,0.02402
497.38543,0.10402
495.96026,0.06047
494.53509,-0.17365
493.10991,-0.23776
491.68474,-0.17912
490.25957,0.20911
488.83440,0.31850
487.40922,0.37811
485.98405,0.23427
484.55888,0.15265
483.13370,0.22610
481.70853,0.20382
480.28336,0.20482
478.85818,0.18584
477.43301,0.21471
476.00784,0.30704
474.58266,0.17338
473.15749,0.05052
471.73232,0.12695
470.30714,0.19083
468.88197,0.08340
467.45680,-0.05913
466.03162,-0.19392
464.60645,-0.16998
463.18128,-0.11239
461.75610,0.06696
460.33093,0.29130
458.90576,0.04388
457.48059,-0.13058
456.05541,0.08320
454.63024,-0.14392
453.20507,-0.37065
451.77989,-0.31246
450.35472,-0.23434
448.92955,-0.13408
447.50437,0.02791
446.07920,0.20970
444.65403,-0.10252
443.22885,-0.40504
441.80368,-0.70191
440.37851,-0.28497
438.95333,-0.07065
437.52816,0.05262
436.10299,0.14572
434.67781,0.01212
433.25264,-0.13880
431.82747,-0.17481
430.40230,0.20848
428.97712,0.22636
427.55195,0.11715
426.12678,0.03244
424.70160,-0.16834
423.27643,-0.31878
421.85126,-0.24798
420.42608,-0.04754
419.00091,0.13167
417.57574,0.23670
416.15056,0.22910
414.72539,0.14993
413.30022,0.10858
411.87504,-0.05193
410.44987,-0.10758
409.02470,0.06061
407.59952,0.18469
406.17435,0.21664
404.74918,0.16224
403.32401,0.04267
401.89883,-0.02287
400.47366,-0.02051
399.04849,-0.06114
