3997.61072,0.00154
3996.18555,0.00155
3994.76038,0.00156
3993.33520,0.00159
3991.91003,0.00165
3990.48486,0.00172
3989.05968,0.00178
3987.63451,0.00184
3986.20934,0.00190
3984.78416,0.00194
3983.35899,0.00193
3981.93382,0.00190
3980.50865,0.00188
3979.08347,0.00189
3977.65830,0.00192
3976.23313,0.00193
3974.80795,0.00196
3973.38278,0.00201
3971.95761,0.00204
3970.53243,0.00206
3969.10726,0.00204
3967.68209,0.00202
3966.25691,0.00199
3964.83174,0.00196
3963.40657,0.00195
3961.98139,0.00196
3960.55622,0.00199
3959.13105,0.00204
3957.70587,0.00207
3956.28070,0.00206
3954.85553,0.00203
3953.43036,0.00202
3952.00518,0.00205
3950.58001,0.00207
3949.15484,0.00206
3947.72966,0.00201
3946.30449,0.00192
3944.87932,0.00179
3943.45414,0.00163
3942.02897,0.00148
3940.60380,0.00137
3939.17862,0.00128
3937.75345,0.00120
3936.32828,0.00113
3934.90310,0.00105
3933.47793,0.00098
3932.05276,0.00091
3930.62758,0.00085
3929.20241,0.00078
3927.77724,0.00072
3926.35207,0.00062
3924.92689,0.00046
3923.50172,0.00024
3922.07655,0.00003
3920.65137,-0.00013
3919.22620,-0.00025
3917.80103,-0.00039
3916.37585,-0.00055
3914.95068,-0.00070
3913.52551,-0.00080
3912.10033,-0.00086
3910.67516,-0.00096
3909.24999,-0.00113
3907.82481,-0.00131
3906.39964,-0.00144
3904.97447,-0.00150
3903.54929,-0.00155
3902.12412,-0.00164
3900.69895,-0.00178
3899.27378,-0.00194
3897.84860,-0.00209
3896.42343,-0.00222
3894.99826,-0.00230
3893.57308,-0.00231
3892.14791,-0.00229
3890.72274,-0.00232
3889.29756,-0.00244
3887.87239,-0.00254
3886.44722,-0.00256
3885.02204,-0.00249
3883.59687,-0.00242
3882.17170,-0.00239
3880.74652,-0.00243
3879.32135,-0.00256
3877.89618,-0.00271
3876.47100,-0.00276
3875.04583,-0.00264
3873.62066,-0.00249
3872.19548,-0.00240
3870.77031,-0.00238
3869.34514,-0.00240
3867.91997,-0.00247
3866.49479,-0.00253
3865.06962,-0.00254
3863.64445,-0.00251
3862.21927,-0.00249
3860.79410,-0.00247
3859.36893,-0.00248
3857.94375,-0.00250
3856.51858,-0.00250
3855.09341,-0.00236
3853.66823,-0.00206
3852.24306,-0.00185
3850.81789,-0.00189
3849.39271,-0.00206
3847.96754,-0.00223
3846.54237,-0.00234
3845.11719,-0.00236
3843.69202,-0.00231
3842.26685,-0.00228
3840.84168,-0.00228
3839.41650,-0.00228
3837.99133,-0.00221
3836.56616,-0.00214
3835.14098,-0.00217
3833.71581,-0.00229
3832.29064,-0.00245
3830.86546,-0.00256
3829.44029,-0.00259
3828.01512,-0.00260
3826.58994,-0.00264
3825.16477,-0.00271
3823.73960,-0.00272
3822.31442,-0.00262
3820.88925,-0.00254
3819.46408,-0.00258
3818.03890,-0.00263
3816.61373,-0.00256
3815.18856,-0.00246
3813.76339,-0.00245
3812.33821,-0.00248
3810.91304,-0.00244
3809.48787,-0.00233
3808.06269,-0.00220
3806.63752,-0.00214
3805.21235,-0.00213
3803.78717,-0.00207
3802.36200,-0.00191
3800.93683,-0.00174
3799.51165,-0.00165
3798.08648,-0.00161
3796.66131,-0.00156
3795.23613,-0.00152
3793.81096,-0.00149
3792.38579,-0.00141
3790.96061,-0.00125
3789.53544,-0.00104
3788.11027,-0.00084
3786.68510,-0.00066
3785.25992,-0.00052
3783.83475,-0.00043
3782.40958,-0.00036
3780.98440,-0.00028
3779.55923,-0.00017
3778.13406,-0.00008
3776.70888,-0.00003
3775.28371,-0.00001
3773.85854,0.00006
3772.43336,0.00020
3771.00819,0.00035
3769.58302,0.00042
3768.15784,0.00041
3766.73267,0.00038
3765.30750,0.00036
3763.88232,0.00032
3762.45715,0.00031
3761.03198,0.00038
3759.60681,0.00051
3758.18163,0.00059
3756.75646,0.00057
3755.33129,0.00051
3753.90611,0.00051
3752.48094,0.00058
3751.05577,0.00063
3749.63059,0.00056
3748.20542,0.00042
3746.78025,0.00033
3745.35507,0.00033
3743.92990,0.00034
3742.50473,0.00025
3741.07955,0.00010
3739.65438,-0.00003
3738.22921,-0.00008
3736.80403,-0.00007
3735.37886,-0.00007
3733.95369,-0.00014
3732.52851,-0.00028
3731.10334,-0.00041
3729.67817,-0.00050
3728.25300,-0.00055
3726.82782,-0.00058
3725.40265,-0.00060
3723.97748,-0.00062
3722.55230,-0.00063
3721.12713,-0.00063
3719.70196,-0.00065
3718.27678,-0.00072
3716.85161,-0.00077
3715.42644,-0.00077
3714.00126,-0.00069
3712.57609,-0.00058
3711.15092,-0.00053
3709.72574,-0.00060
3708.30057,-0.00074
3706.87540,-0.00087
3705.45022,-0.00095
3704.02505,-0.00096
3702.59988,-0.00091
3701.17471,-0.00089
3699.74953,-0.00090
3698.32436,-0.00091
3696.89919,-0.00090
3695.47401,-0.00090
3694.04884,-0.00091
3692.62367,-0.00092
3691.19849,-0.00094
3689.77332,-0.00094
3688.34815,-0.00090
3686.92297,-0.00089
3685.49780,-0.00093
3684.07263,-0.00103
3682.64745,-0.00113
3681.22228,-0.00120
3679.79711,-0.00128
3678.37193,-0.00135
3676.94676,-0.00139
3675.52159,-0.00142
3674.09642,-0.00154
3672.67124,-0.00173
3671.24607,-0.00191
3669.82090,-0.00206
3668.39572,-0.00223
3666.97055,-0.00244
3665.54538,-0.00270
3664.12020,-0.00298
3662.69503,-0.00324
3661.26986,-0.00350
3659.84468,-0.00377
3658.41951,-0.00405
3656.99434,-0.00434
3655.56916,-0.00465
3654.14399,-0.00494
3652.71882,-0.00520
3651.29364,-0.00541
3649.86847,-0.00566
3648.44330,-0.00603
3647.01813,-0.00647
3645.59295,-0.00691
3644.16778,-0.00734
3642.74261,-0.00780
3641.31743,-0.00833
3639.89226,-0.00891
3638.46709,-0.00948
3637.04191,-0.00997
3635.61674,-0.01043
3634.19157,-0.01094
3632.76639,-0.01148
3631.34122,-0.01195
3629.91605,-0.01232
3628.49087,-0.01274
3627.06570,-0.01327
3625.64053,-0.01384
3624.21535,-0.01440
3622.79018,-0.01497
3621.36501,-0.01559
3619.93984,-0.01620
3618.51466,-0.01676
3617.08949,-0.01725
3615.66432,-0.01771
3614.23914,-0.01820
3612.81397,-0.01875
3611.38880,-0.01931
3609.96362,-0.01984
3608.53845,-0.02030
3607.11328,-0.02073
3605.68810,-0.02117
3604.26293,-0.02163
3602.83776,-0.02212
3601.41258,-0.02265
3599.98741,-0.02319
3598.56224,-0.02374
3597.13706,-0.02428
3595.71189,-0.02479
3594.28672,-0.02526
3592.86154,-0.02574
3591.43637,-0.02627
3590.01120,-0.02680
3588.58603,-0.02720
3587.16085,-0.02740
3585.73568,-0.02759
3584.31051,-0.02797
3582.88533,-0.02852
3581.46016,-0.02914
3580.03499,-0.02974
3578.60981,-0.03030
3577.18464,-0.03083
3575.75947,-0.03137
3574.33429,-0.03193
3572.90912,-0.03250
3571.48395,-0.03308
3570.05877,-0.03367
3568.63360,-0.03424
3567.20843,-0.03479
3565.78325,-0.03532
3564.35808,-0.03587
3562.93291,-0.03646
3561.50774,-0.03714
3560.08256,-0.03788
3558.65739,-0.03872
3557.23222,-0.03964
3555.80704,-0.04063
3554.38187,-0.04161
3552.95670,-0.04253
3551.53152,-0.04341
3550.10635,-0.04429
3548.68118,-0.04515
3547.25600,-0.04595
3545.83083,-0.04673
3544.40566,-0.04760
3542.98048,-0.04858
3541.55531,-0.04965
3540.13014,-0.05078
3538.70496,-0.05191
3537.27979,-0.05299
3535.85462,-0.05400
3534.42945,-0.05502
3533.00427,-0.05610
3531.57910,-0.05724
3530.15393,-0.05839
3528.72875,-0.05953
3527.30358,-0.06069
3525.87841,-0.06185
3524.45323,-0.06294
3523.02806,-0.06392
3521.60289,-0.06486
3520.17771,-0.06582
3518.75254,-0.06682
3517.32737,-0.06784
3515.90219,-0.06884
3514.47702,-0.06981
3513.05185,-0.07079
3511.62667,-0.07175
3510.20150,-0.07270
3508.77633,-0.07374
3507.35116,-0.07488
3505.92598,-0.07594
3504.50081,-0.07671
3503.07564,-0.07725
3501.65046,-0.07779
3500.22529,-0.07841
3498.80012,-0.07904
3497.37494,-0.07968
3495.94977,-0.08041
3494.52460,-0.08118
3493.09942,-0.08188
3491.67425,-0.08254
3490.24908,-0.08318
3488.82390,-0.08375
3487.39873,-0.08424
3485.97356,-0.08472
3484.54838,-0.08519
3483.12321,-0.08556
3481.69804,-0.08585
3480.27287,-0.08619
3478.84769,-0.08665
3477.42252,-0.08717
3475.99735,-0.08761
3474.57217,-0.08792
3473.14700,-0.08817
3471.72183,-0.08845
3470.29665,-0.08879
3468.87148,-0.08926
3467.44631,-0.08990
3466.02113,-0.09068
3464.59596,-0.09146
3463.17079,-0.09210
3461.74561,-0.09263
3460.32044,-0.09320
3458.89527,-0.09386
3457.47009,-0.09449
3456.04492,-0.09501
3454.61975,-0.09542
3453.19457,-0.09582
3451.76940,-0.09629
3450.34423,-0.09685
3448.91906,-0.09739
3447.49388,-0.09783
3446.06871,-0.09815
3444.64354,-0.09838
3443.21836,-0.09858
3441.79319,-0.09877
3440.36802,-0.09897
3438.94284,-0.09912
3437.51767,-0.09918
3436.09250,-0.09914
3434.66732,-0.09910
3433.24215,-0.09929
3431.81698,-0.09983
3430.39180,-0.10059
3428.96663,-0.10133
3427.54146,-0.10183
3426.11628,-0.10192
3424.69111,-0.10164
3423.26594,-0.10121
3421.84077,-0.10077
3420.41559,-0.10032
3418.99042,-0.09981
3417.56525,-0.09924
3416.14007,-0.09871
3414.71490,-0.09829
3413.28973,-0.09796
3411.86455,-0.09759
3410.43938,-0.09706
3409.01421,-0.09638
3407.58903,-0.09566
3406.16386,-0.09491
3404.73869,-0.09398
3403.31351,-0.09282
3401.88834,-0.09169
3400.46317,-0.09089
3399.03799,-0.09038
3397.61282,-0.08988
3396.18765,-0.08907
3394.76248,-0.08785
3393.33730,-0.08637
3391.91213,-0.08494
3390.48696,-0.08384
3389.06178,-0.08309
3387.63661,-0.08238
3386.21144,-0.08141
3384.78626,-0.08019
3383.36109,-0.07900
3381.93592,-0.07802
3380.51074,-0.07716
3379.08557,-0.07621
3377.66040,-0.07513
3376.23522,-0.07406
3374.81005,-0.07307
3373.38488,-0.07204
3371.95970,-0.07088
3370.53453,-0.06965
3369.10936,-0.06852
3367.68419,-0.06753
3366.25901,-0.06659
3364.83384,-0.06569
3363.40867,-0.06490
3361.98349,-0.06420
3360.55832,-0.06349
3359.13315,-0.06272
3357.70797,-0.06197
3356.28280,-0.06134
3354.85763,-0.06076
3353.43245,-0.06009
3352.00728,-0.05936
3350.58211,-0.05870
3349.15693,-0.05812
3347.73176,-0.05748
3346.30659,-0.05669
3344.88141,-0.05584
3343.45624,-0.05507
3342.03107,-0.05442
3340.60590,-0.05381
3339.18072,-0.05324
3337.75555,-0.05271
3336.33038,-0.05215
3334.90520,-0.05156
3333.48003,-0.05096
3332.05486,-0.05040
3330.62968,-0.04986
3329.20451,-0.04926
3327.77934,-0.04861
3326.35416,-0.04792
3324.92899,-0.04725
3323.50382,-0.04658
3322.07864,-0.04591
3320.65347,-0.04530
3319.22830,-0.04478
3317.80312,-0.04430
3316.37795,-0.04375
3314.95278,-0.04304
3313.52760,-0.04221
3312.10243,-0.04134
3310.67726,-0.04049
3309.25209,-0.03968
3307.82691,-0.03891
3306.40174,-0.03818
3304.97657,-0.03745
3303.55139,-0.03673
3302.12622,-0.03603
3300.70105,-0.03537
3299.27587,-0.03473
3297.85070,-0.03408
3296.42553,-0.03342
3295.00035,-0.03275
3293.57518,-0.03210
3292.15001,-0.03147
3290.72483,-0.03084
3289.29966,-0.03016
3287.87449,-0.02943
3286.44931,-0.02873
3285.02414,-0.02812
3283.59897,-0.02755
3282.17380,-0.02697
3280.74862,-0.02636
3279.32345,-0.02576
3277.89828,-0.02524
3276.47310,-0.02478
3275.04793,-0.02436
3273.62276,-0.02393
3272.19758,-0.02347
3270.77241,-0.02301
3269.34724,-0.02261
3267.92206,-0.02231
3266.49689,-0.02205
3265.07172,-0.02176
3263.64654,-0.02139
3262.22137,-0.02097
3260.79620,-0.02055
3259.37102,-0.02019
3257.94585,-0.01991
3256.52068,-0.01968
3255.09551,-0.01948
3253.67033,-0.01927
3252.24516,-0.01902
3250.81999,-0.01876
3249.39481,-0.01852
3247.96964,-0.01834
3246.54447,-0.01823
3245.11929,-0.01816
3243.69412,-0.01807
3242.26895,-0.01796
3240.84377,-0.01786
3239.41860,-0.01772
3237.99343,-0.01750
3236.56825,-0.01724
3235.14308,-0.01701
3233.71791,-0.01685
3232.29273,-0.01672
3230.86756,-0.01659
3229.44239,-0.01646
3228.01722,-0.01635
3226.59204,-0.01628
3225.16687,-0.01623
3223.74170,-0.01611
3222.31652,-0.01593
3220.89135,-0.01573
3219.46618,-0.01557
3218.04100,-0.01543
3216.61583,-0.01528
3215.19066,-0.01511
3213.76548,-0.01493
3212.34031,-0.01476
3210.91514,-0.01460
3209.48996,-0.01445
3208.06479,-0.01430
3206.63962,-0.01410
3205.21444,-0.01383
3203.78927,-0.01354
3202.36410,-0.01328
3200.93893,-0.01308
3199.51375,-0.01285
3198.08858,-0.01256
3196.66341,-0.01223
3195.23823,-0.01189
3193.81306,-0.01158
3192.38789,-0.01130
3190.96271,-0.01104
3189.53754,-0.01077
3188.11237,-0.01047
3186.68719,-0.01017
3185.26202,-0.00989
3183.83685,-0.00962
3182.41167,-0.00933
3180.98650,-0.00899
3179.56133,-0.00865
3178.13615,-0.00834
3176.71098,-0.00807
3175.28581,-0.00783
3173.86063,-0.00759
3172.43546,-0.00736
3171.01029,-0.00714
3169.58512,-0.00693
3168.15994,-0.00674
3166.73477,-0.00656
3165.30960,-0.00638
3163.88442,-0.00619
3162.45925,-0.00602
3161.03408,-0.00590
3159.60890,-0.00583
3158.18373,-0.00578
3156.75856,-0.00573
3155.33338,-0.00566
3153.90821,-0.00561
3152.48304,-0.00560
3151.05786,-0.00565
3149.63269,-0.00570
3148.20752,-0.00573
3146.78234,-0.00572
3145.35717,-0.00570
3143.93200,-0.00572
3142.50683,-0.00578
3141.08165,-0.00588
3139.65648,-0.00600
3138.23131,-0.00612
3136.80613,-0.00623
3135.38096,-0.00630
3133.95579,-0.00634
3132.53061,-0.00636
3131.10544,-0.00637
3129.68027,-0.00637
3128.25509,-0.00638
3126.82992,-0.00641
3125.40475,-0.00645
3123.97957,-0.00648
3122.55440,-0.00646
3121.12923,-0.00643
3119.70405,-0.00643
3118.27888,-0.00644
3116.85371,-0.00643
3115.42854,-0.00637
3114.00336,-0.00627
3112.57819,-0.00614
3111.15302,-0.00599
3109.72784,-0.00584
3108.30267,-0.00570
3106.87750,-0.00557
3105.45232,-0.00546
3104.02715,-0.00537
3102.60198,-0.00527
3101.17680,-0.00515
3099.75163,-0.00503
3098.32646,-0.00491
3096.90128,-0.00478
3095.47611,-0.00462
3094.05094,-0.00446
3092.62576,-0.00430
3091.20059,-0.00417
3089.77542,-0.00406
3088.35025,-0.00396
3086.92507,-0.00388
3085.49990,-0.00379
3084.07473,-0.00368
3082.64955,-0.00356
3081.22438,-0.00347
3079.79921,-0.00343
3078.37403,-0.00341
3076.94886,-0.00338
3075.52369,-0.00332
3074.09851,-0.00325
3072.67334,-0.00318
3071.24817,-0.00308
3069.82299,-0.00296
3068.39782,-0.00286
3066.97265,-0.00283
3065.54747,-0.00284
3064.12230,-0.00284
3062.69713,-0.00280
3061.27196,-0.00277
3059.84678,-0.00278
3058.42161,-0.00282
3056.99644,-0.00284
3055.57126,-0.00280
3054.14609,-0.00275
3052.72092,-0.00272
3051.29574,-0.00272
3049.87057,-0.00274
3048.44540,-0.00277
3047.02022,-0.00280
3045.59505,-0.00282
3044.16988,-0.00281
3042.74470,-0.00279
3041.31953,-0.00280
3039.89436,-0.00286
3038.46918,-0.00297
3037.04401,-0.00309
3035.61884,-0.00320
3034.19366,-0.00330
3032.76849,-0.00340
3031.34332,-0.00351
3029.91815,-0.00361
3028.49297,-0.00370
3027.06780,-0.00382
3025.64263,-0.00398
3024.21745,-0.00416
3022.79228,-0.00433
3021.36711,-0.00449
3019.94193,-0.00465
3018.51676,-0.00481
3017.09159,-0.00494
3015.66641,-0.00502
3014.24124,-0.00505
3012.81607,-0.00507
3011.39089,-0.00510
3009.96572,-0.00512
3008.54055,-0.00513
3007.11537,-0.00510
3005.69020,-0.00500
3004.26503,-0.00486
3002.83986,-0.00472
3001.41468,-0.00459
2999.98951,-0.00447
2998.56434,-0.00432
2997.13916,-0.00412
2995.71399,-0.00390
2994.28882,-0.00365
2992.86364,-0.00337
2991.43847,-0.00306
2990.01330,-0.00272
2988.58812,-0.00235
2987.16295,-0.00197
2985.73778,-0.00157
2984.31260,-0.00114
2982.88743,-0.00067
2981.46226,-0.00015
2980.03708,0.00038
2978.61191,0.00090
2977.18674,0.00141
2975.76157,0.00189
2974.33639,0.00235
2972.91122,0.00279
2971.48605,0.00319
2970.06087,0.00355
2968.63570,0.00384
2967.21053,0.00402
2965.78535,0.00410
2964.36018,0.00406
2962.93501,0.00394
2961.50983,0.00376
2960.08466,0.00354
2958.65949,0.00326
2957.23431,0.00288
2955.80914,0.00240
2954.38397,0.00184
2952.95879,0.00128
2951.53362,0.00079
2950.10845,0.00041
2948.68328,0.00013
2947.25810,-0.00012
2945.83293,-0.00034
2944.40776,-0.00056
2942.98258,-0.00076
2941.55741,-0.00093
2940.13224,-0.00106
2938.70706,-0.00118
2937.28189,-0.00132
2935.85672,-0.00149
2934.43154,-0.00168
2933.00637,-0.00190
2931.58120,-0.00213
2930.15602,-0.00241
2928.73085,-0.00274
2927.30568,-0.00305
2925.88050,-0.00331
2924.45533,-0.00353
2923.03016,-0.00376
2921.60498,-0.00401
2920.17981,-0.00427
2918.75464,-0.00448
2917.32947,-0.00467
2915.90429,-0.00483
2914.47912,-0.00499
2913.05395,-0.00516
2911.62877,-0.00534
2910.20360,-0.00551
2908.77843,-0.00568
2907.35325,-0.00583
2905.92808,-0.00598
2904.50291,-0.00614
2903.07773,-0.00628
2901.65256,-0.00640
2900.22739,-0.00645
2898.80221,-0.00646
2897.37704,-0.00644
2895.95187,-0.00642
2894.52669,-0.00639
2893.10152,-0.00633
2891.67635,-0.00623
2890.25118,-0.00611
2888.82600,-0.00598
2887.40083,-0.00581
2885.97566,-0.00560
2884.55048,-0.00533
2883.12531,-0.00506
2881.70014,-0.00479
2880.27496,-0.00452
2878.84979,-0.00427
2877.42462,-0.00407
2875.99944,-0.00394
2874.57427,-0.00386
2873.14910,-0.00381
2871.72392,-0.00380
2870.29875,-0.00383
2868.87358,-0.00389
2867.44840,-0.00398
2866.02323,-0.00409
2864.59806,-0.00423
2863.17289,-0.00441
2861.74771,-0.00463
2860.32254,-0.00487
2858.89737,-0.00511
2857.47219,-0.00532
2856.04702,-0.00553
2854.62185,-0.00578
2853.19667,-0.00608
2851.77150,-0.00637
2850.34633,-0.00658
2848.92115,-0.00678
2847.49598,-0.00705
2846.07081,-0.00739
2844.64563,-0.00778
2843.22046,-0.00818
2841.79529,-0.00856
2840.37011,-0.00891
2838.94494,-0.00920
2837.51977,-0.00949
2836.09460,-0.00979
2834.66942,-0.01007
2833.24425,-0.01033
2831.81908,-0.01059
2830.39390,-0.01087
2828.96873,-0.01114
2827.54356,-0.01136
2826.11838,-0.01157
2824.69321,-0.01181
2823.26804,-0.01208
2821.84286,-0.01238
2820.41769,-0.01268
2818.99252,-0.01297
2817.56734,-0.01324
2816.14217,-0.01350
2814.71700,-0.01380
2813.29182,-0.01415
2811.86665,-0.01454
2810.44148,-0.01494
2809.01631,-0.01534
2807.59113,-0.01577
2806.16596,-0.01624
2804.74079,-0.01671
2803.31561,-0.01715
2801.89044,-0.01753
2800.46527,-0.01788
2799.04009,-0.01824
2797.61492,-0.01864
2796.18975,-0.01904
2794.76457,-0.01937
2793.33940,-0.01967
2791.91423,-0.01997
2790.48905,-0.02031
2789.06388,-0.02068
2787.63871,-0.02111
2786.21353,-0.02159
2784.78836,-0.02208
2783.36319,-0.02261
2781.93801,-0.02324
2780.51284,-0.02405
2779.08767,-0.02502
2777.66250,-0.02617
2776.23732,-0.02756
2774.81215,-0.02918
2773.38698,-0.03095
2771.96180,-0.03281
2770.53663,-0.03480
2769.11146,-0.03705
2767.68628,-0.03966
2766.26111,-0.04258
2764.83594,-0.04580
2763.41076,-0.04935
2761.98559,-0.05335
2760.56042,-0.05790
2759.13524,-0.06308
2757.71007,-0.06897
2756.28490,-0.07564
2754.85972,-0.08319
2753.43455,-0.09176
2752.00938,-0.10145
2750.58421,-0.11233
2749.15903,-0.12455
2747.73386,-0.13822
2746.30869,-0.15321
2744.88351,-0.16922
2743.45834,-0.18622
2742.03317,-0.20445
2740.60799,-0.22385
2739.18282,-0.24374
2737.75765,-0.26307
2736.33247,-0.28122
2734.90730,-0.29822
2733.48213,-0.31427
2732.05695,-0.32901
2730.63178,-0.34155
2729.20661,-0.35133
2727.78143,-0.35884
2726.35626,-0.36511
2724.93109,-0.37061
2723.50592,-0.37508
2722.08074,-0.37822
2720.65557,-0.38009
2719.23040,-0.38101
2717.80522,-0.38140
2716.38005,-0.38163
2714.95488,-0.38165
2713.52970,-0.38109
2712.10453,-0.37973
2710.67936,-0.37777
2709.25418,-0.37580
2707.82901,-0.37430
2706.40384,-0.37330
2704.97866,-0.37246
2703.55349,-0.37140
2702.12832,-0.37000
2700.70314,-0.36839
2699.27797,-0.36665
2697.85280,-0.36456
2696.42763,-0.36195
2695.00245,-0.35914
2693.57728,-0.35660
2692.15211,-0.35428
2690.72693,-0.35181
2689.30176,-0.34916
2687.87659,-0.34661
2686.45141,-0.34406
2685.02624,-0.34111
2683.60107,-0.33763
2682.17589,-0.33408
2680.75072,-0.33108
2679.32555,-0.32882
2677.90037,-0.32697
2676.47520,-0.32499
2675.05003,-0.32257
2673.62485,-0.31998
2672.19968,-0.31788
2670.77451,-0.31681
2669.34934,-0.31648
2667.92416,-0.31612
2666.49899,-0.31526
2665.07382,-0.31412
2663.64864,-0.31319
2662.22347,-0.31280
2660.79830,-0.31289
2659.37312,-0.31293
2657.94795,-0.31237
2656.52278,-0.31137
2655.09760,-0.31071
2653.67243,-0.31100
2652.24726,-0.31220
2650.82208,-0.31393
2649.39691,-0.31581
2647.97174,-0.31753
2646.54656,-0.31898
2645.12139,-0.32022
2643.69622,-0.32138
2642.27104,-0.32256
2640.84587,-0.32407
2639.42070,-0.32621
2637.99553,-0.32890
2636.57035,-0.33167
2635.14518,-0.33411
2633.72001,-0.33613
2632.29483,-0.33765
2630.86966,-0.33874
2629.44449,-0.33973
2628.01931,-0.34095
2626.59414,-0.34232
2625.16897,-0.34359
2623.74379,-0.34467
2622.31862,-0.34578
2620.89345,-0.34718
2619.46827,-0.34880
2618.04310,-0.35013
2616.61793,-0.35070
2615.19275,-0.35060
2613.76758,-0.35038
2612.34241,-0.35037
2610.91724,-0.35038
2609.49206,-0.35006
2608.06689,-0.34925
2606.64172,-0.34800
2605.21654,-0.34634
2603.79137,-0.34433
2602.36620,-0.34217
2600.94102,-0.34024
2599.51585,-0.33878
2598.09068,-0.33769
2596.66550,-0.33656
2595.24033,-0.33510
2593.81516,-0.33327
2592.38998,-0.33098
2590.96481,-0.32816
2589.53964,-0.32513
2588.11446,-0.32247
2586.68929,-0.32024
2585.26412,-0.31806
2583.83895,-0.31578
2582.41377,-0.31356
2580.98860,-0.31135
2579.56343,-0.30904
2578.13825,-0.30683
2576.71308,-0.30493
2575.28791,-0.30312
2573.86273,-0.30107
2572.43756,-0.29887
2571.01239,-0.29677
2569.58721,-0.29480
2568.16204,-0.29312
2566.73687,-0.29210
2565.31169,-0.29184
2563.88652,-0.29186
2562.46135,-0.29151
2561.03617,-0.29062
2559.61100,-0.28964
2558.18583,-0.28921
2556.76066,-0.28969
2555.33548,-0.29096
2553.91031,-0.29248
2552.48514,-0.29369
2551.05996,-0.29442
2549.63479,-0.29511
2548.20962,-0.29623
2546.78444,-0.29795
2545.35927,-0.30022
2543.93410,-0.30291
2542.50892,-0.30564
2541.08375,-0.30808
2539.65858,-0.31037
2538.23340,-0.31285
2536.80823,-0.31550
2535.38306,-0.31794
2533.95788,-0.31990
2532.53271,-0.32148
2531.10754,-0.32309
2529.68237,-0.32497
2528.25719,-0.32694
2526.83202,-0.32856
2525.40685,-0.32979
2523.98167,-0.33113
2522.55650,-0.33297
2521.13133,-0.33494
2519.70615,-0.33641
2518.28098,-0.33724
2516.85581,-0.33773
2515.43063,-0.33815
2514.00546,-0.33869
2512.58029,-0.33929
2511.15511,-0.33961
2509.72994,-0.33935
2508.30477,-0.33855
2506.87959,-0.33738
2505.45442,-0.33584
2504.02925,-0.33397
2502.60407,-0.33200
2501.17890,-0.32999
2499.75373,-0.32775
2498.32856,-0.32523
2496.90338,-0.32272
2495.47821,-0.32040
2494.05304,-0.31810
2492.62786,-0.31570
2491.20269,-0.31339
2489.77752,-0.31134
2488.35234,-0.30927
2486.92717,-0.30678
2485.50200,-0.30389
2484.07682,-0.30109
2482.65165,-0.29867
2481.22648,-0.29634
2479.80130,-0.29361
2478.37613,-0.29072
2476.95096,-0.28856
2475.52578,-0.28765
2474.10061,-0.28762
2472.67544,-0.28770
2471.25027,-0.28741
2469.82509,-0.28679
2468.39992,-0.28602
2466.97475,-0.28526
2465.54957,-0.28476
2464.12440,-0.28489
2462.69923,-0.28568
2461.27405,-0.28673
2459.84888,-0.28778
2458.42371,-0.28918
2456.99853,-0.29125
2455.57336,-0.29374
2454.14819,-0.29606
2452.72301,-0.29799
2451.29784,-0.29974
2449.87267,-0.30158
2448.44749,-0.30374
2447.02232,-0.30643
2445.59715,-0.30959
2444.17198,-0.31293
2442.74680,-0.31635
2441.32163,-0.31989
2439.89646,-0.32342
2438.47128,-0.32670
2437.04611,-0.32970
2435.62094,-0.33263
2434.19576,-0.33583
2432.77059,-0.33945
2431.34542,-0.34306
2429.92024,-0.34589
2428.49507,-0.34769
2427.06990,-0.34884
2425.64472,-0.34973
2424.21955,-0.35071
2422.79438,-0.35218
2421.36920,-0.35420
2419.94403,-0.35622
2418.51886,-0.35771
2417.09369,-0.35867
2415.66851,-0.35934
2414.24334,-0.35973
2412.81817,-0.35971
2411.39299,-0.35923
2409.96782,-0.35844
2408.54265,-0.35755
2407.11747,-0.35663
2405.69230,-0.35555
2404.26713,-0.35415
2402.84195,-0.35236
2401.41678,-0.35033
2399.99161,-0.34837
2398.56643,-0.34660
2397.14126,-0.34482
2395.71609,-0.34257
2394.29091,-0.33974
2392.86574,-0.33695
2391.44057,-0.33494
2390.01540,-0.33349
2388.59022,-0.33167
2387.16505,-0.32913
2385.73988,-0.32658
2384.31470,-0.32486
2382.88953,-0.32417
2381.46436,-0.32423
2380.03918,-0.32462
2378.61401,-0.32468
2377.18884,-0.32366
2375.76366,-0.32139
2374.33849,-0.31868
2372.91332,-0.31686
2371.48814,-0.31668
2370.06297,-0.31767
2368.63780,-0.31900
2367.21262,-0.32026
2365.78745,-0.32073
2364.36228,-0.31895
2362.93710,-0.31503
2361.51193,-0.31190
2360.08676,-0.31185
2358.66159,-0.31359
2357.23641,-0.31519
2355.81124,-0.31738
2354.38607,-0.32126
2352.96089,-0.32606
2351.53572,-0.33061
2350.11055,-0.33481
2348.68537,-0.33874
2347.26020,-0.34195
2345.83503,-0.34373
2344.40985,-0.34453
2342.98468,-0.34655
2341.55951,-0.35061
2340.13433,-0.35447
2338.70916,-0.35635
2337.28399,-0.35777
2335.85881,-0.36108
2334.43364,-0.36632
2333.00847,-0.37164
2331.58330,-0.37520
2330.15812,-0.37632
2328.73295,-0.37611
2327.30778,-0.37656
2325.88260,-0.37837
2324.45743,-0.38069
2323.03226,-0.38250
2321.60708,-0.38354
2320.18191,-0.38423
2318.75674,-0.38521
2317.33156,-0.38665
2315.90639,-0.38800
2314.48122,-0.38854
2313.05604,-0.38802
2311.63087,-0.38659
2310.20570,-0.38450
2308.78052,-0.38208
2307.35535,-0.37996
2305.93018,-0.37876
2304.50501,-0.37827
2303.07983,-0.37744
2301.65466,-0.37542
2300.22949,-0.37226
2298.80431,-0.36872
2297.37914,-0.36553
2295.95397,-0.36289
2294.52879,-0.36032
2293.10362,-0.35722
2291.67845,-0.35371
2290.25327,-0.35021
2288.82810,-0.34669
2287.40293,-0.34274
2285.97775,-0.33842
2284.55258,-0.33437
2283.12741,-0.33097
2281.70223,-0.32774
2280.27706,-0.32404
2278.85189,-0.31979
2277.42672,-0.31531
2276.00154,-0.31091
2274.57637,-0.30665
2273.15120,-0.30244
2271.72602,-0.29818
2270.30085,-0.29403
2268.87568,-0.29029
2267.45050,-0.28704
2266.02533,-0.28410
2264.60016,-0.28114
2263.17498,-0.27791
2261.74981,-0.27433
2260.32464,-0.27060
2258.89946,-0.26713
2257.47429,-0.26421
2256.04912,-0.26175
2254.62394,-0.25922
2253.19877,-0.25617
2251.77360,-0.25272
2250.34843,-0.24940
2248.92325,-0.24653
2247.49808,-0.24403
2246.07291,-0.24163
2244.64773,-0.23902
2243.22256,-0.23610
2241.79739,-0.23305
2240.37221,-0.23013
2238.94704,-0.22733
2237.52187,-0.22438
2236.09669,-0.22108
2234.67152,-0.21751
2233.24635,-0.21381
2231.82117,-0.21004
2230.39600,-0.20625
2228.97083,-0.20263
2227.54565,-0.19920
2226.12048,-0.19574
2224.69531,-0.19206
2223.27013,-0.18819
2221.84496,-0.18424
2220.41979,-0.18035
2218.99462,-0.17658
2217.56944,-0.17288
2216.14427,-0.16909
2214.71910,-0.16507
2213.29392,-0.16083
2211.86875,-0.15640
2210.44358,-0.15184
2209.01840,-0.14731
2207.59323,-0.14289
2206.16806,-0.13860
2204.74288,-0.13440
2203.31771,-0.13032
2201.89254,-0.12630
2200.46736,-0.12218
2199.04219,-0.11791
2197.61702,-0.11365
2196.19184,-0.10959
2194.76667,-0.10575
2193.34150,-0.10206
2191.91633,-0.09844
2190.49115,-0.09485
2189.06598,-0.09127
2187.64081,-0.08777
2186.21563,-0.08440
2184.79046,-0.08110
2183.36529,-0.07786
2181.94011,-0.07475
2180.51494,-0.07191
2179.08977,-0.06930
2177.66459,-0.06680
2176.23942,-0.06430
2174.81425,-0.06186
2173.38907,-0.05955
2171.96390,-0.05738
2170.53873,-0.05531
2169.11355,-0.05332
2167.68838,-0.05143
2166.26321,-0.04966
2164.83804,-0.04797
2163.41286,-0.04635
2161.98769,-0.04482
2160.56252,-0.04342
2159.13734,-0.04218
2157.71217,-0.04112
2156.28700,-0.04019
2154.86182,-0.03933
2153.43665,-0.03853
2152.01148,-0.03777
2150.58630,-0.03700
2149.16113,-0.03624
2147.73596,-0.03556
2146.31078,-0.03497
2144.88561,-0.03443
2143.46044,-0.03393
2142.03526,-0.03348
2140.61009,-0.03309
2139.18492,-0.03271
2137.75975,-0.03235
2136.33457,-0.03198
2134.90940,-0.03159
2133.48423,-0.03117
2132.05905,-0.03074
2130.63388,-0.03034
2129.20871,-0.02996
2127.78353,-0.02956
2126.35836,-0.02915
2124.93319,-0.02879
2123.50801,-0.02848
2122.08284,-0.02816
2120.65767,-0.02778
2119.23249,-0.02734
2117.80732,-0.02688
2116.38215,-0.02642
2114.95697,-0.02597
2113.53180,-0.02552
2112.10663,-0.02504
2110.68146,-0.02453
2109.25628,-0.02397
2107.83111,-0.02335
2106.40594,-0.02271
2104.98076,-0.02208
2103.55559,-0.02147
2102.13042,-0.02086
2100.70524,-0.02025
2099.28007,-0.01964
2097.85490,-0.01901
2096.42972,-0.01835
2095.00455,-0.01768
2093.57938,-0.01699
2092.15420,-0.01630
2090.72903,-0.01564
2089.30386,-0.01505
2087.87868,-0.01452
2086.45351,-0.01402
2085.02834,-0.01351
2083.60316,-0.01295
2082.17799,-0.01235
2080.75282,-0.01174
2079.32765,-0.01116
2077.90247,-0.01064
2076.47730,-0.01018
2075.05213,-0.00976
2073.62695,-0.00934
2072.20178,-0.00893
2070.77661,-0.00854
2069.35143,-0.00819
2067.92626,-0.00789
2066.50109,-0.00763
2065.07591,-0.00737
2063.65074,-0.00713
2062.22557,-0.00690
2060.80039,-0.00665
2059.37522,-0.00643
2057.95005,-0.00627
2056.52487,-0.00617
2055.09970,-0.00609
2053.67453,-0.00600
2052.24936,-0.00590
2050.82418,-0.00582
2049.39901,-0.00577
2047.97384,-0.00578
2046.54866,-0.00585
2045.12349,-0.00598
2043.69832,-0.00610
2042.27314,-0.00618
2040.84797,-0.00624
2039.42280,-0.00631
2037.99762,-0.00641
2036.57245,-0.00653
2035.14728,-0.00666
2033.72210,-0.00679
2032.29693,-0.00694
2030.87176,-0.00709
2029.44658,-0.00724
2028.02141,-0.00739
2026.59624,-0.00753
2025.17107,-0.00767
2023.74589,-0.00778
2022.32072,-0.00787
2020.89555,-0.00794
2019.47037,-0.00799
2018.04520,-0.00801
2016.62003,-0.00798
2015.19485,-0.00793
2013.76968,-0.00789
2012.34451,-0.00785
2010.91933,-0.00781
2009.49416,-0.00777
2008.06899,-0.00773
2006.64381,-0.00768
2005.21864,-0.00759
2003.79347,-0.00745
2002.36829,-0.00730
2000.94312,-0.00716
1999.51795,-0.00700
1998.09278,-0.00681
1996.66760,-0.00659
1995.24243,-0.00635
1993.81726,-0.00612
1992.39208,-0.00586
1990.96691,-0.00556
1989.54174,-0.00525
1988.11656,-0.00497
1986.69139,-0.00474
1985.26622,-0.00452
1983.84104,-0.00427
1982.41587,-0.00400
1980.99070,-0.00374
1979.56552,-0.00349
1978.14035,-0.00326
1976.71518,-0.00303
1975.29000,-0.00283
1973.86483,-0.00264
1972.43966,-0.00245
1971.01449,-0.00227
1969.58931,-0.00213
1968.16414,-0.00202
1966.73897,-0.00192
1965.31379,-0.00183
1963.88862,-0.00176
1962.46345,-0.00173
1961.03827,-0.00172
1959.61310,-0.00171
1958.18793,-0.00170
1956.76275,-0.00169
1955.33758,-0.00170
1953.91241,-0.00175
1952.48723,-0.00183
1951.06206,-0.00194
1949.63689,-0.00206
1948.21171,-0.00219
1946.78654,-0.00232
1945.36137,-0.00243
1943.93619,-0.00252
1942.51102,-0.00264
1941.08585,-0.00282
1939.66068,-0.00303
1938.23550,-0.00323
1936.81033,-0.00341
1935.38516,-0.00358
1933.95998,-0.00377
1932.53481,-0.00396
1931.10964,-0.00414
1929.68446,-0.00433
1928.25929,-0.00453
1926.83412,-0.00474
1925.40894,-0.00493
1923.98377,-0.00512
1922.55860,-0.00529
1921.13342,-0.00542
1919.70825,-0.00553
1918.28308,-0.00562
1916.85790,-0.00571
1915.43273,-0.00579
1914.00756,-0.00585
1912.58239,-0.00590
1911.15721,-0.00596
1909.73204,-0.00599
1908.30687,-0.00602
1906.88169,-0.00604
1905.45652,-0.00604
1904.03135,-0.00602
1902.60617,-0.00598
1901.18100,-0.00592
1899.75583,-0.00584
1898.33065,-0.00573
1896.90548,-0.00559
1895.48031,-0.00545
1894.05513,-0.00533
1892.62996,-0.00522
1891.20479,-0.00508
1889.77961,-0.00490
1888.35444,-0.00474
1886.92927,-0.00461
1885.50410,-0.00447
1884.07892,-0.00430
1882.65375,-0.00409
1881.22858,-0.00388
1879.80340,-0.00368
1878.37823,-0.00348
1876.95306,-0.00330
1875.52788,-0.00315
1874.10271,-0.00305
1872.67754,-0.00295
1871.25236,-0.00280
1869.82719,-0.00261
1868.40202,-0.00242
1866.97684,-0.00229
1865.55167,-0.00222
1864.12650,-0.00216
1862.70132,-0.00211
1861.27615,-0.00205
1859.85098,-0.00201
1858.42581,-0.00199
1857.00063,-0.00199
1855.57546,-0.00201
1854.15029,-0.00206
1852.72511,-0.00214
1851.29994,-0.00222
1849.87477,-0.00227
1848.44959,-0.00229
1847.02442,-0.00233
1845.59925,-0.00242
1844.17407,-0.00255
1842.74890,-0.00273
1841.32373,-0.00295
1839.89855,-0.00320
1838.47338,-0.00345
1837.04821,-0.00370
1835.62303,-0.00392
1834.19786,-0.00415
1832.77269,-0.00438
1831.34751,-0.00459
1829.92234,-0.00480
1828.49717,-0.00502
1827.07200,-0.00527
1825.64682,-0.00555
1824.22165,-0.00583
1822.79648,-0.00609
1821.37130,-0.00630
1819.94613,-0.00647
1818.52096,-0.00660
1817.09578,-0.00672
1815.67061,-0.00687
1814.24544,-0.00704
1812.82026,-0.00716
1811.39509,-0.00723
1809.96992,-0.00726
1808.54474,-0.00729
1807.11957,-0.00730
1805.69440,-0.00728
1804.26922,-0.00723
1802.84405,-0.00716
1801.41888,-0.00707
1799.99371,-0.00695
1798.56853,-0.00681
1797.14336,-0.00666
1795.71819,-0.00650
1794.29301,-0.00633
1792.86784,-0.00611
1791.44267,-0.00587
1790.01749,-0.00565
1788.59232,-0.00548
1787.16715,-0.00531
1785.74197,-0.00509
1784.31680,-0.00485
1782.89163,-0.00462
1781.46645,-0.00441
1780.04128,-0.00421
1778.61611,-0.00402
1777.19093,-0.00383
1775.76576,-0.00362
1774.34059,-0.00336
1772.91542,-0.00306
1771.49024,-0.00279
1770.06507,-0.00259
1768.63990,-0.00245
1767.21472,-0.00233
1765.78955,-0.00221
1764.36438,-0.00211
1762.93920,-0.00201
1761.51403,-0.00191
1760.08886,-0.00183
1758.66368,-0.00175
1757.23851,-0.00167
1755.81334,-0.00159
1754.38816,-0.00148
1752.96299,-0.00131
1751.53782,-0.00108
1750.11264,-0.00088
1748.68747,-0.00079
1747.26230,-0.00078
1745.83713,-0.00077
1744.41195,-0.00071
1742.98678,-0.00059
1741.56161,-0.00043
1740.13643,-0.00029
1738.71126,-0.00020
1737.28609,-0.00015
1735.86091,-0.00006
1734.43574,0.00012
1733.01057,0.00029
1731.58539,0.00038
1730.16022,0.00043
1728.73505,0.00047
1727.30987,0.00051
1725.88470,0.00056
1724.45953,0.00065
1723.03435,0.00077
1721.60918,0.00087
1720.18401,0.00100
1718.75884,0.00119
1717.33366,0.00146
1715.90849,0.00169
1714.48332,0.00183
1713.05814,0.00192
1711.63297,0.00202
1710.20780,0.00215
1708.78262,0.00233
1707.35745,0.00262
1705.93228,0.00303
1704.50710,0.00344
1703.08193,0.00385
1701.65676,0.00446
1700.23158,0.00534
1698.80641,0.00629
1697.38124,0.00715
1695.95606,0.00803
1694.53089,0.00894
1693.10572,0.00983
1691.68054,0.01089
1690.25537,0.01233
1688.83020,0.01408
1687.40503,0.01598
1685.97985,0.01845
1684.55468,0.02198
1683.12951,0.02573
1681.70433,0.02865
1680.27916,0.03099
1678.85399,0.03324
1677.42881,0.03573
1676.00364,0.03868
1674.57847,0.04188
1673.15329,0.04486
1671.72812,0.04771
1670.30295,0.05095
1668.87777,0.05446
1667.45260,0.05755
1666.02743,0.06013
1664.60225,0.06275
1663.17708,0.06569
1661.75191,0.06864
1660.32674,0.07116
1658.90156,0.07319
1657.47639,0.07483
1656.05122,0.07624
1654.62604,0.07774
1653.20087,0.07945
1651.77570,0.08063
1650.35052,0.08105
1648.92535,0.08115
1647.50018,0.08112
1646.07500,0.08083
1644.64983,0.08018
1643.22466,0.07928
1641.79948,0.07824
1640.37431,0.07715
1638.94914,0.07606
1637.52396,0.07492
1636.09879,0.07353
1634.67362,0.07193
1633.24845,0.07043
1631.82327,0.06907
1630.39810,0.06767
1628.97293,0.06606
1627.54775,0.06420
1626.12258,0.06198
1624.69741,0.05914
1623.27223,0.05545
1621.84706,0.05128
1620.42189,0.04717
1618.99671,0.04299
1617.57154,0.03819
1616.14637,0.03307
1614.72119,0.02863
1613.29602,0.02498
1611.87085,0.02161
1610.44567,0.01831
1609.02050,0.01516
1607.59533,0.01227
1606.17016,0.00970
1604.74498,0.00746
1603.31981,0.00554
1601.89464,0.00390
1600.46946,0.00246
1599.04429,0.00114
1597.61912,-0.00002
1596.19394,-0.00100
1594.76877,-0.00178
1593.34360,-0.00237
1591.91842,-0.00277
1590.49325,-0.00304
1589.06808,-0.00323
1587.64290,-0.00346
1586.21773,-0.00376
1584.79256,-0.00406
1583.36738,-0.00433
1581.94221,-0.00460
1580.51704,-0.00489
1579.09187,-0.00518
1577.66669,-0.00543
1576.24152,-0.00567
1574.81635,-0.00593
1573.39117,-0.00623
1571.96600,-0.00655
1570.54083,-0.00689
1569.11565,-0.00724
1567.69048,-0.00754
1566.26531,-0.00778
1564.84013,-0.00797
1563.41496,-0.00819
1561.98979,-0.00840
1560.56461,-0.00851
1559.13944,-0.00849
1557.71427,-0.00856
1556.28909,-0.00887
1554.86392,-0.00931
1553.43875,-0.00976
1552.01357,-0.01018
1550.58840,-0.01056
1549.16323,-0.01090
1547.73806,-0.01120
1546.31288,-0.01149
1544.88771,-0.01182
1543.46254,-0.01218
1542.03736,-0.01255
1540.61219,-0.01299
1539.18702,-0.01359
1537.76184,-0.01427
1536.33667,-0.01492
1534.91150,-0.01551
1533.48632,-0.01609
1532.06115,-0.01670
1530.63598,-0.01731
1529.21080,-0.01790
1527.78563,-0.01847
1526.36046,-0.01901
1524.93528,-0.01943
1523.51011,-0.01960
1522.08494,-0.01931
1520.65977,-0.01857
1519.23459,-0.01762
1517.80942,-0.01672
1516.38425,-0.01626
1514.95907,-0.01674
1513.53390,-0.01817
1512.10873,-0.02009
1510.68355,-0.02199
1509.25838,-0.02358
1507.83321,-0.02490
1506.40803,-0.02613
1504.98286,-0.02721
1503.55769,-0.02805
1502.13251,-0.02867
1500.70734,-0.02916
1499.28217,-0.02958
1497.85699,-0.03003
1496.43182,-0.03059
1495.00665,-0.03121
1493.58148,-0.03176
1492.15630,-0.03217
1490.73113,-0.03246
1489.30596,-0.03266
1487.88078,-0.03280
1486.45561,-0.03289
1485.03044,-0.03292
1483.60526,-0.03279
1482.18009,-0.03237
1480.75492,-0.03173
1479.32974,-0.03101
1477.90457,-0.03022
1476.47940,-0.02925
1475.05422,-0.02805
1473.62905,-0.02662
1472.20388,-0.02523
1470.77870,-0.02427
1469.35353,-0.02377
1467.92836,-0.02338
1466.50319,-0.02276
1465.07801,-0.02181
1463.65284,-0.02086
1462.22767,-0.02019
1460.80249,-0.01974
1459.37732,-0.01909
1457.95215,-0.01786
1456.52697,-0.01634
1455.10180,-0.01526
1453.67663,-0.01462
1452.25145,-0.01407
1450.82628,-0.01341
1449.40111,-0.01258
1447.97593,-0.01162
1446.55076,-0.01063
1445.12559,-0.00961
1443.70041,-0.00851
1442.27524,-0.00737
1440.85007,-0.00634
1439.42490,-0.00550
1437.99972,-0.00478
1436.57455,-0.00421
1435.14938,-0.00401
1433.72420,-0.00415
1432.29903,-0.00446
1430.87386,-0.00487
1429.44868,-0.00545
1428.02351,-0.00619
1426.59834,-0.00698
1425.17316,-0.00774
1423.74799,-0.00841
1422.32282,-0.00896
1420.89764,-0.00947
1419.47247,-0.01001
1418.04730,-0.01055
1416.62212,-0.01098
1415.19695,-0.01127
1413.77178,-0.01141
1412.34660,-0.01145
1410.92143,-0.01145
1409.49626,-0.01146
1408.07109,-0.01147
1406.64591,-0.01148
1405.22074,-0.01149
1403.79557,-0.01151
1402.37039,-0.01152
1400.94522,-0.01150
1399.52005,-0.01141
1398.09487,-0.01120
1396.66970,-0.01083
1395.24453,-0.01032
1393.81935,-0.00982
1392.39418,-0.00943
1390.96901,-0.00912
1389.54383,-0.00875
1388.11866,-0.00828
1386.69349,-0.00780
1385.26831,-0.00741
1383.84314,-0.00708
1382.41797,-0.00673
1380.99280,-0.00628
1379.56762,-0.00572
1378.14245,-0.00513
1376.71728,-0.00449
1375.29210,-0.00376
1373.86693,-0.00293
1372.44176,-0.00217
1371.01658,-0.00163
1369.59141,-0.00125
1368.16624,-0.00097
1366.74106,-0.00075
1365.31589,-0.00055
1363.89072,-0.00034
1362.46554,-0.00012
1361.04037,0.00006
1359.61520,0.00016
1358.19002,0.00023
1356.76485,0.00029
1355.33968,0.00035
1353.91451,0.00039
1352.48933,0.00043
1351.06416,0.00044
1349.63899,0.00039
1348.21381,0.00026
1346.78864,0.00009
1345.36347,-0.00010
1343.93829,-0.00034
1342.51312,-0.00066
1341.08795,-0.00105
1339.66277,-0.00152
1338.23760,-0.00205
1336.81243,-0.00260
1335.38725,-0.00313
1333.96208,-0.00366
1332.53691,-0.00425
1331.11173,-0.00495
1329.68656,-0.00572
1328.26139,-0.00649
1326.83622,-0.00723
1325.41104,-0.00790
1323.98587,-0.00848
1322.56070,-0.00902
1321.13552,-0.00959
1319.71035,-0.01024
1318.28518,-0.01095
1316.86000,-0.01167
1315.43483,-0.01236
1314.00966,-0.01298
1312.58448,-0.01350
1311.15931,-0.01399
1309.73414,-0.01455
1308.30896,-0.01521
1306.88379,-0.01592
1305.45862,-0.01659
1304.03344,-0.01718
1302.60827,-0.01769
1301.18310,-0.01819
1299.75793,-0.01877
1298.33275,-0.01951
1296.90758,-0.02035
1295.48241,-0.02120
1294.05723,-0.02202
1292.63206,-0.02284
1291.20689,-0.02375
1289.78171,-0.02477
1288.35654,-0.02588
1286.93137,-0.02701
1285.50619,-0.02811
1284.08102,-0.02919
1282.65585,-0.03034
1281.23067,-0.03167
1279.80550,-0.03323
1278.38033,-0.03494
1276.95515,-0.03674
1275.52998,-0.03863
1274.10481,-0.04067
1272.67963,-0.04293
1271.25446,-0.04550
1269.82929,-0.04846
1268.40412,-0.05185
1266.97894,-0.05562
1265.55377,-0.05980
1264.12860,-0.06459
1262.70342,-0.07014
1261.27825,-0.07653
1259.85308,-0.08377
1258.42790,-0.09196
1257.00273,-0.10121
1255.57756,-0.11160
1254.15238,-0.12324
1252.72721,-0.13626
1251.30204,-0.15075
1249.87686,-0.16677
1248.45169,-0.18429
1247.02652,-0.20302
1245.60134,-0.22232
1244.17617,-0.24165
1242.75100,-0.26078
1241.32583,-0.27954
1239.90065,-0.29773
1238.47548,-0.31502
1237.05031,-0.33090
1235.62513,-0.34480
1234.19996,-0.35643
1232.77479,-0.36581
1231.34961,-0.37329
1229.92444,-0.37939
1228.49927,-0.38452
1227.07409,-0.38901
1225.64892,-0.39325
1224.22375,-0.39755
1222.79857,-0.40182
1221.37340,-0.40547
1219.94823,-0.40792
1218.52305,-0.40937
1217.09788,-0.41064
1215.67271,-0.41212
1214.24754,-0.41387
1212.82236,-0.41623
1211.39719,-0.41933
1209.97202,-0.42263
1208.54684,-0.42581
1207.12167,-0.42901
1205.69650,-0.43212
1204.27132,-0.43471
1202.84615,-0.43654
1201.42098,-0.43765
1199.99580,-0.43820
1198.57063,-0.43840
1197.14546,-0.43839
1195.72028,-0.43846
1194.29511,-0.43882
1192.86994,-0.43906
1191.44476,-0.43824
1190.01959,-0.43579
1188.59442,-0.43160
1187.16925,-0.42559
1185.74407,-0.41773
1184.31890,-0.40802
1182.89373,-0.39651
1181.46855,-0.38367
1180.04338,-0.36996
1178.61821,-0.35517
1177.19303,-0.33887
1175.76786,-0.32125
1174.34269,-0.30321
1172.91751,-0.28559
1171.49234,-0.26868
1170.06717,-0.25236
1168.64199,-0.23662
1167.21682,-0.22162
1165.79165,-0.20751
1164.36647,-0.19428
1162.94130,-0.18188
1161.51613,-0.17037
1160.09096,-0.15987
1158.66578,-0.15040
1157.24061,-0.14187
1155.81544,-0.13421
1154.39026,-0.12740
1152.96509,-0.12139
1151.53992,-0.11587
1150.11474,-0.11053
1148.68957,-0.10546
1147.26440,-0.10109
1145.83922,-0.09763
1144.41405,-0.09482
1142.98888,-0.09226
1141.56370,-0.08975
1140.13853,-0.08722
1138.71336,-0.08469
1137.28818,-0.08232
1135.86301,-0.08024
1134.43784,-0.07856
1133.01266,-0.07731
1131.58749,-0.07641
1130.16232,-0.07550
1128.73715,-0.07424
1127.31197,-0.07269
1125.88680,-0.07124
1124.46163,-0.07024
1123.03645,-0.06975
1121.61128,-0.06949
1120.18611,-0.06904
1118.76093,-0.06816
1117.33576,-0.06701
1115.91059,-0.06590
1114.48541,-0.06491
1113.06024,-0.06392
1111.63507,-0.06289
1110.20989,-0.06200
1108.78472,-0.06144
1107.35955,-0.06124
1105.93437,-0.06120
1104.50920,-0.06101
1103.08403,-0.06044
1101.65886,-0.05961
1100.23368,-0.05882
1098.80851,-0.05813
1097.38334,-0.05742
1095.95816,-0.05670
1094.53299,-0.05607
1093.10782,-0.05543
1091.68264,-0.05456
1090.25747,-0.05355
1088.83230,-0.05266
1087.40712,-0.05200
1085.98195,-0.05148
1084.55678,-0.05109
1083.13160,-0.05069
1081.70643,-0.05000
1080.28126,-0.04890
1078.85608,-0.04771
1077.43091,-0.04683
1076.00574,-0.04629
1074.58057,-0.04596
1073.15539,-0.04572
1071.73022,-0.04543
1070.30505,-0.04482
1068.87987,-0.04381
1067.45470,-0.04266
1066.02953,-0.04178
1064.60435,-0.04138
1063.17918,-0.04141
1061.75401,-0.04164
1060.32883,-0.04169
1058.90366,-0.04119
1057.47849,-0.04028
1056.05331,-0.03960
1054.62814,-0.03963
1053.20297,-0.04011
1051.77779,-0.04055
1050.35262,-0.04088
1048.92745,-0.04111
1047.50228,-0.04095
1046.07710,-0.04029
1044.65193,-0.03961
1043.22676,-0.03942
1041.80158,-0.03978
1040.37641,-0.04042
1038.95124,-0.04101
1037.52606,-0.04141
1036.10089,-0.04182
1034.67572,-0.04242
1033.25054,-0.04289
1031.82537,-0.04305
1030.40020,-0.04327
1028.97502,-0.04378
1027.54985,-0.04421
1026.12468,-0.04434
1024.69950,-0.04463
1023.27433,-0.04547
1021.84916,-0.04646
1020.42399,-0.04693
1018.99881,-0.04682
1017.57364,-0.04656
1016.14847,-0.04629
1014.72329,-0.04598
1013.29812,-0.04626
1011.87295,-0.04751
1010.44777,-0.04849
1009.02260,-0.04765
1007.59743,-0.04583
1006.17225,-0.04544
1004.74708,-0.04732
1003.32191,-0.04960
1001.89673,-0.04988
1000.47156,-0.04769
999.04639,-0.04487
997.62121,-0.04365
996.19604,-0.04430
994.77087,-0.04517
993.34569,-0.04462
991.92052,-0.04266
990.49535,-0.04093
989.07018,-0.04126
987.64500,-0.04387
986.21983,-0.04713
984.79466,-0.04944
983.36948,-0.05050
981.94431,-0.05078
980.51914,-0.05025
979.09396,-0.04884
977.66879,-0.04728
976.24362,-0.04616
974.81844,-0.04462
973.39327,-0.04139
971.96810,-0.03703
970.54292,-0.03323
969.11775,-0.03007
967.69258,-0.02645
966.26740,-0.02296
964.84223,-0.02231
963.41706,-0.02691
961.99189,-0.03593
960.56671,-0.04376
959.14154,-0.04419
957.71637,-0.03729
956.29119,-0.02930
954.86602,-0.02483
953.44085,-0.02203
952.01567,-0.01847
950.59050,-0.01746
949.16533,-0.02158
947.74015,-0.02484
946.31498,-0.02068
944.88981,-0.01568
943.46463,-0.02362
942.03946,-0.04702
940.61429,-0.07200
939.18911,-0.07971
937.76394,-0.06931
936.33877,-0.06227
934.91360,-0.06562
933.48842,-0.05500
932.06325,-0.01612
930.63808,0.02962
929.21290,0.05402
927.78773,0.04638
926.36256,0.01145
924.93738,-0.02613
923.51221,-0.03091
922.08704,0.00115
920.66186,0.04359
919.23669,0.06672
917.81152,0.06059
916.38634,0.04331
914.96117,0.04948
913.53600,0.07205
912.11082,0.02732
910.68565,-0.16860
909.26048,-0.42635
907.83531,-0.40251
906.41013,-0.34703
904.98496,-0.41403
903.55979,-0.40185
902.13461,-0.35073
900.70944,-0.37355
899.28427,-0.32449
897.85909,-0.18776
896.43392,-0.17150
895.00875,-0.27699
893.58357,-0.24210
892.15840,-0.02102
890.73323,0.09895
889.30805,-0.15832
887.88288,-0.51087
886.45771,-0.41702
885.03253,-0.14878
883.60736,-0.01287
882.18219,-0.03440
880.75701,-0.01002
879.33184,0.08506
877.90667,-0.16000
876.48150,-0.41520
875.05632,-0.28247
873.63115,-0.32726
872.20598,-0.30169
870.78080,-0.20285
869.35563,0.03253
867.93046,0.07876
866.50528,0.22422
865.08011,0.55102
863.65494,0.93837
862.22976,0.22995
860.80459,-0.03493
859.37942,0.07950
857.95424,0.11701
856.52907,0.08941
855.10390,-0.01488
853.67872,-0.20699
852.25355,-0.51208
850.82838,-0.11151
849.40321,0.05959
847.97803,-0.03805
846.55286,-0.48021
845.12769,-0.19109
843.70251,0.15670
842.27734,0.47344
840.85217,0.52815
839.42699,0.37222
838.00182,0.26327
836.57665,0.27514
835.15147,0.22608
833.72630,0.16902
832.30113,0.05377
830.87595,-0.09609
829.45078,-0.09918
828.02561,-0.05195
826.60043,-0.16930
825.17526,-0.29012
823.75009,-0.27465
822.32492,0.07080
820.89974,0.39447
819.47457,0.17578
818.04940,-0.23124
816.62422,-0.70458
815.19905,-0.34238
813.77388,-0.18428
812.34870,-0.37824
810.92353,-0.58545
809.49836,-0.62129
808.07318,-0.43183
806.64801,-0.17741
805.22284,0.05185
803.79766,0.18623
802.37249,0.11964
800.94732,0.04505
799.52214,0.01261
798.09697,0.13049
796.67180,0.51314
795.24663,0.68558
793.82145,0.42205
792.39628,0.16450
790.97111,-0.10899
789.54593,-0.28977
788.12076,-0.22666
786.69559,-0.27332
785.27041,-0.18905
783.84524,-0.22538
782.42007,-0.56439
780.99489,-0.56862
779.56972,-0.47250
778.14455,-0.36010
776.71937,-0.15034
775.29420,0.05733
773.86903,0.15193
772.44385,0.11321
771.01868,0.05476
769.59351,0.06540
768.16834,0.12202
766.74316,0.09200
765.31799,0.03701
763.89282,-0.00711
762.46764,0.59811
761.04247,0.11794
759.61730,0.01828
758.19212,0.17410
756.76695,0.13237
755.34178,0.05139
753.91660,-0.06935
752.49143,-0.15590
751.06626,-0.06494
749.64108,0.06642
748.21591,0.19851
746.79074,0.76320
745.36556,0.29621
743.94039,-0.09316
742.51522,-0.48971
741.09004,-0.23177
739.66487,-0.11428
738.23970,0.12565
736.81453,0.29765
735.38935,0.18620
733.96418,0.27094
732.53901,0.38653
731.11383,0.05752
729.68866,-0.09248
728.26349,-0.07311
726.83831,-0.13307
725.41314,-0.22045
723.98797,-0.24250
722.56279,-0.17505
721.13762,-0.07204
719.71245,0.00092
718.28727,-0.00289
716.86210,-0.02940
715.43693,-0.02616
714.01175,-0.10426
712.58658,-0.18088
711.16141,-0.17566
709.73624,0.01160
708.31106,0.22870
706.88589,0.31793
705.46072,0.22218
704.03554,0.03404
702.61037,-0.08286
701.18520,0.12279
699.76002,0.22117
698.33485,0.21260
696.90968,0.30124
695.48450,0.21494
694.05933,0.01460
692.63416,-0.07200
691.20898,-0.09775
689.78381,-0.01368
688.35864,-0.02807
686.93346,-0.08074
685.50829,-0.16194
684.08312,-0.18007
682.65795,-0.09012
681.23277,0.02712
679.80760,0.12547
678.38243,0.23443
676.95725,0.57425
675.53208,0.56356
674.10691,0.35184
672.68173,0.17432
671.25656,0.04879
669.83139,0.03845
668.40621,-0.00639
666.98104,-0.12825
665.55587,-0.25221
664.13069,-0.16013
662.70552,0.10797
661.28035,0.02213
659.85517,-0.19653
658.43000,-0.24108
657.00483,-0.18515
655.57966,-0.14356
654.15448,-0.15599
652.72931,-0.14161
651.30414,-0.09500
649.87896,-0.07583
648.45379,-0.17697
647.02862,-0.31604
645.60344,-0.06999
644.17827,0.33836
642.75310,0.16036
641.32792,0.11784
639.90275,0.20030
638.47758,0.41093
637.05240,0.54979
635.62723,0.39751
634.20206,0.49358
632.77688,0.38283
631.35171,0.02400
629.92654,-0.16850
628.50137,-0.40301
627.07619,-0.06505
625.65102,0.10653
624.22585,0.10854
622.80067,0.16980
621.37550,-0.00075
619.95033,-0.07932
618.52515,-0.03459
617.09998,0.04840
615.67481,0.13350
614.24963,0.23711
612.82446,0.24229
611.39929,0.19295
609.97411,0.16014
608.54894,0.14947
607.12377,0.16711
605.69859,0.13100
604.27342,0.14686
602.84825,0.13249
601.42307,0.04648
599.99790,-0.08420
598.57273,0.01250
597.14756,0.14007
595.72238,-0.01957
594.29721,-0.06539
592.87204,0.14233
591.44686,0.21105
590.02169,0.04495
588.59652,-0.07672
587.17134,0.05350
585.74617,0.10544
584.32100,0.15970
582.89582,0.11812
581.47065,0.07440
580.04548,0.17722
578.62030,-0.09598
577.19513,-0.18191
575.76996,-0.24777
574.34478,-0.36834
572.91961,-0.15842
571.49444,0.09181
570.06927,0.13051
568.64409,0.26616
567.21892,0.26684
565.79375,0.11667
564.36857,0.09556
562.94340,0.14235
561.51823,0.16580
560.09305,0.13086
558.66788,0.12583
557.24271,0.31178
555.81753,0.20504
554.39236,0.02491
552.96719,-0.25415
551.54201,-0.14510
550.11684,0.18150
548.69167,0.48423
547.26649,0.29335
545.84132,-0.11140
544.41615,-0.20594
542.99098,-0.13752
541.56580,-0.12186
540.14063,-0.15042
538.71546,-0.17083
537.29028,-0.29564
535.86511,-0.45371
534.43994,-0.55646
533.01476,-0.80359
531.58959,-0.77338
530.16442,-0.41328
528.73924,-0.20545
527.31407,0.04069
525.88890,0.05965
524.46372,-0.04705
523.03855,0.02741
521.61338,-0.09716
520.18820,-0.02048
518.76303,0.20976
517.33786,0.32422
515.91269,0.16404
514.48751,0.08298
513.06234,0.02795
511.63717,-0.05188
510.21199,-0.05213
508.78682,-0.00014
507.36165,0.17157
505.93647,0.15462
504.51130,0.02428
503.08613,0.10647
501.66095,0.20219
500.23578,0.32880
498.81061,0.32791
497.38543,0.18786
495.96026,0.26583
494.53509,0.50857
493.10991,0.43328
491.68474,0.11823
490.25957,-0.10744
488.83440,-0.12913
487.40922,-0.09007
485.98405,-0.07428
484.55888,-0.19239
483.13370,-0.28688
481.70853,-0.18372
480.28336,0.01983
478.85818,0.18930
477.43301,0.22336
476.00784,0.17796
474.58266,0.33977
473.15749,0.89485
471.73232,0.67081
470.30714,0.57779
468.88197,0.25851
467.45680,-0.00983
466.03162,-0.07362
464.60645,-0.06750
463.18128,0.13084
461.75610,0.24970
460.33093,0.18262
458.90576,0.13622
457.48059,0.52975
456.05541,0.28947
454.63024,0.08332
453.20507,0.05517
451.77989,0.05717
450.35472,-0.10413
448.92955,-0.48090
447.50437,-0.48082
446.07920,-0.27033
444.65403,-0.22763
443.22885,-0.19680
441.80368,0.02321
440.37851,0.13119
438.95333,0.05543
437.52816,0.03889
436.10299,0.20453
434.67781,0.26907
433.25264,0.31429
431.82747,0.28930
430.40230,0.03576
428.97712,-0.12033
427.55195,-0.13453
426.12678,-0.00429
424.70160,0.20174
423.27643,0.43105
421.85126,0.76787
420.42608,0.21468
419.00091,-0.06006
417.57574,-0.22807
416.15056,-0.28712
414.72539,-0.18982
413.30022,-0.03959
411.87504,0.16674
410.44987,0.50731
409.02470,0.50012
407.59952,0.58114
406.17435,0.35905
404.74918,0.22677
403.32401,0.19671
401.89883,0.11896
400.47366,0.00870
399.04849,-0.13341
