0.27239
0.27079
0.26935
0.26802
0.26673
0.26542
0.26404
0.26259
0.26113
0.2597
0.25833
0.25699
0.25563
0.25424
0.25284
0.2515
0.25028
0.24923
0.24835
0.24758
0.2468
0.24591
0.24482
0.24352
0.24205
0.24045
0.23877
0.23699
0.23515
0.23329
0.23149
0.22986
0.22847
0.22735
0.22648
0.22577
0.22513
0.22444
0.2236
0.22256
0.22131
0.21991
0.21849
0.21714
0.21598
0.21503
0.21426
0.21359
0.21294
0.21225
0.2115
0.21069
0.20982
0.2089
0.20795
0.20698
0.20596
0.20487
0.20371
0.20251
0.20134
0.20028
0.19939
0.19867
0.19806
0.19748
0.19686
0.19617
0.19543
0.19468
0.19394
0.19325
0.19261
0.192
0.19141
0.19082
0.19022
0.18959
0.18892
0.18817
0.1873
0.18632
0.18528
0.18425
0.18332
0.18251
0.18183
0.18124
0.18071
0.18021
0.17972
0.17922
0.17868
0.1781
0.17752
0.17696
0.17644
0.17592
0.17535
0.17468
0.17394
0.17321
0.17256
0.17204
0.17159
0.17116
0.17069
0.17014
0.16951
0.16881
0.16808
0.1674
0.16683
0.16641
0.16616
0.16598
0.16581
0.1656
0.16537
0.16518
0.16505
0.16497
0.16488
0.16471
0.16443
0.164
0.16343
0.16275
0.16205
0.16144
0.16101
0.16075
0.16059
0.16042
0.16019
0.15988
0.15955
0.15923
0.15894
0.15866
0.15832
0.15791
0.15742
0.15689
0.15636
0.15588
0.15549
0.15518
0.15494
0.15475
0.15459
0.15446
0.15434
0.15419
0.15399
0.15372
0.15339
0.153
0.15261
0.15229
0.15209
0.15203
0.1521
0.15227
0.15247
0.15263
0.15269
0.15262
0.15247
0.1523
0.15217
0.15212
0.15216
0.15224
0.15228
0.15224
0.15208
0.15184
0.1516
0.15141
0.15131
0.1513
0.15139
0.15155
0.15173
0.15185
0.15186
0.15175
0.15155
0.15132
0.15109
0.15088
0.1507
0.15056
0.15049
0.15048
0.15048
0.15048
0.1505
0.15056
0.15065
0.15076
0.15084
0.15089
0.15092
0.15091
0.1509
0.15088
0.15089
0.15093
0.15101
0.15113
0.15127
0.15142
0.15156
0.15167
0.15175
0.1518
0.15187
0.15196
0.15205
0.15213
0.15216
0.15216
0.15215
0.15215
0.15216
0.15221
0.15231
0.15247
0.15269
0.15295
0.15323
0.15351
0.15377
0.154
0.15422
0.15445
0.1547
0.15499
0.15532
0.15567
0.15606
0.15645
0.15684
0.15719
0.15747
0.15767
0.15783
0.15801
0.15826
0.1586
0.15901
0.15945
0.15989
0.16029
0.16062
0.16083
0.16094
0.16099
0.16105
0.16117
0.16139
0.16169
0.1621
0.16262
0.16327
0.16401
0.16476
0.16547
0.16607
0.16655
0.16691
0.16717
0.16737
0.16755
0.16774
0.16797
0.16824
0.16857
0.16893
0.1693
0.16964
0.16993
0.17019
0.17045
0.17078
0.17123
0.17178
0.17242
0.17309
0.17375
0.1744
0.17499
0.17552
0.17594
0.17621
0.17632
0.1763
0.17626
0.17632
0.17662
0.17723
0.17812
0.1792
0.18035
0.18144
0.18234
0.18295
0.18326
0.18336
0.18338
0.18343
0.18361
0.18398
0.18453
0.18526
0.18612
0.18704
0.18796
0.18884
0.18968
0.19047
0.1912
0.19187
0.19244
0.19292
0.19329
0.19359
0.19385
0.19412
0.19441
0.1947
0.19496
0.19518
0.1954
0.19564
0.19595
0.19635
0.19682
0.19733
0.19787
0.19843
0.19906
0.19978
0.2006
0.20147
0.20233
0.20315
0.20394
0.20469
0.20542
0.20614
0.20686
0.20754
0.20814
0.20857
0.20883
0.20896
0.20906
0.20923
0.20954
0.21001
0.21061
0.21134
0.21216
0.21303
0.21389
0.21467
0.21532
0.21581
0.21619
0.21651
0.21686
0.21728
0.21778
0.21839
0.21908
0.21981
0.22053
0.22119
0.22179
0.22235
0.22294
0.22355
0.22417
0.22475
0.22524
0.22565
0.22604
0.2265
0.22707
0.22775
0.22849
0.22922
0.22993
0.23062
0.23129
0.23195
0.23261
0.23331
0.23406
0.23489
0.23577
0.23664
0.23746
0.2382
0.23887
0.23947
0.24001
0.24049
0.24094
0.24142
0.24204
0.24285
0.24386
0.245
0.24616
0.24718
0.24797
0.24851
0.24884
0.24907
0.24931
0.24964
0.25009
0.25062
0.25119
0.2518
0.25252
0.25338
0.25439
0.25551
0.25668
0.2578
0.25884
0.25981
0.26075
0.26172
0.26278
0.2639
0.26505
0.26614
0.2671
0.26786
0.26843
0.26885
0.2692
0.26954
0.26986
0.2701
0.27024
0.27035
0.27058
0.27106
0.27191
0.27312
0.27459
0.27617
0.27775
0.27926
0.28064
0.28186
0.2829
0.28376
0.28446
0.28507
0.28562
0.28611
0.28657
0.287
0.28738
0.2877
0.28794
0.2881
0.28827
0.28859
0.28929
0.29055
0.29236
0.29452
0.2967
0.29866
0.30026
0.3015
0.3024
0.30304
0.3035
0.30395
0.3045
0.30522
0.3061
0.30705
0.30798
0.30886
0.30968
0.31045
0.31117
0.31183
0.31242
0.31297
0.31354
0.3143
0.3154
0.31688
0.31859
0.32026
0.32171
0.32287
0.32381
0.32463
0.32547
0.32644
0.32765
0.32914
0.33082
0.33256
0.33418
0.33558
0.33674
0.33771
0.33858
0.33948
0.34046
0.34157
0.3428
0.3441
0.34539
0.34656
0.34756
0.34845
0.34934
0.35034
0.35145
0.3526
0.35366
0.35463
0.35559
0.3567
0.35803
0.35953
0.36105
0.36248
0.36376
0.36494
0.36605
0.3672
0.36848
0.36991
0.37142
0.37288
0.37422
0.37545
0.37666
0.37796
0.37941
0.381
0.38257
0.38397
0.3851
0.38598
0.38674
0.3875
0.38838
0.38937
0.39045
0.39157
0.39274
0.394
0.3954
0.39696
0.39864
0.40035
0.40206
0.4038
0.4056
0.40748
0.40937
0.41115
0.41273
0.41408
0.41527
0.4164
0.41762
0.41897
0.42039
0.42175
0.42292
0.42389
0.42472
0.42551
0.42632
0.42718
0.4281
0.42914
0.43039
0.43185
0.43345
0.43511
0.43679
0.43846
0.44011
0.44172
0.44331
0.4449
0.4465
0.44807
0.44956
0.45091
0.45209
0.4531
0.45395
0.45468
0.45535
0.45605
0.45684
0.45777
0.45886
0.46017
0.46175
0.46361
0.46565
0.46763
0.46936
0.47073
0.47177
0.4726
0.47331
0.47403
0.47487
0.47585
0.47695
0.47813
0.47939
0.48074
0.48223
0.48387
0.48568
0.48757
0.48942
0.49103
0.49226
0.49307
0.49352
0.49374
0.49384
0.49394
0.4941
0.49436
0.49475
0.49532
0.49618
0.49741
0.499
0.5008
0.50263
0.50429
0.50571
0.50692
0.50799
0.50898
0.50999
0.51112
0.51242
0.51391
0.51556
0.51728
0.51893
0.52036
0.52139
0.52192
0.52192
0.52149
0.52084
0.52021
0.51993
0.52028
0.52138
0.52308
0.52494
0.52647
0.52741
0.52784
0.52803
0.52829
0.52881
0.52965
0.5307
0.53172
0.53256
0.53317
0.53367
0.53415
0.5346
0.53492
0.53493
0.53451
0.53365
0.53243
0.53106
0.52995
0.52962
0.5304
0.53217
0.53436
0.53632
0.53765
0.53828
0.53836
0.53817
0.53796
0.53785
0.5379
0.53805
0.53819
0.53822
0.53812
0.53788
0.53755
0.53715
0.53673
0.53631
0.53589
0.53541
0.53483
0.53417
0.53353
0.53306
0.53292
0.53314
0.53354
0.53383
0.53377
0.53331
0.53254
0.53163
0.53074
0.53004
0.52958
0.5293
0.52898
0.52841
0.52757
0.52662
0.52581
0.52526
0.52498
0.52479
0.5245
0.52397
0.52319
0.52236
0.52175
0.52163
0.52209
0.52299
0.52407
0.52508
0.52581
0.52618
0.52622
0.52598
0.52552
0.52491
0.52422
0.52356
0.52297
0.52243
0.52183
0.52103
0.51999
0.51881
0.51773
0.51705
0.517
0.51758
0.51854
0.51955
0.52038
0.52095
0.52131
0.52154
0.5217
0.5218
0.52185
0.52191
0.52206
0.52236
0.52278
0.52327
0.52372
0.52402
0.52416
0.52421
0.52426
0.52446
0.5249
0.52563
0.52664
0.52786
0.52923
0.53071
0.53224
0.53373
0.53509
0.53623
0.5371
0.5377
0.53807
0.53829
0.53847
0.53871
0.53904
0.53944
0.53981
0.54004
0.54003
0.53974
0.53922
0.53858
0.53792
0.5374
0.53715
0.53724
0.53761
0.53804
0.53828
0.53817
0.53775
0.53712
0.53642
0.5357
0.53498
0.53423
0.5334
0.53238
0.53108
0.52945
0.5275
0.52527
0.52284
0.52031
0.51785
0.51571
0.51408
0.51306
0.5125
0.51209
0.51152
0.51066
0.50948
0.50801
0.50625
0.50418
0.50182
0.49928
0.49671
0.49427
0.49205
0.49004
0.48818
0.48632
0.48433
0.48212
0.4797
0.47715
0.47461
0.47218
0.46992
0.46777
0.46564
0.46345
0.4612
0.45899
0.45686
0.45473
0.45242
0.44979
0.44682
0.44361
0.44039
0.43734
0.43458
0.43209
0.42975
0.42744
0.42507
0.42258
0.41997
0.41726
0.41449
0.4118
0.40931
0.4071
0.40515
0.40334
0.4015
0.3995
0.39732
0.395
0.39263
0.39029
0.38807
0.38606
0.38433
0.38285
0.38148
0.38003
0.37833
0.37626
0.37387
0.3713
0.36871
0.36626
0.36403
0.36202
0.36019
0.35851
0.35696
0.35554
0.35419
0.35285
0.35144
0.34997
0.34854
0.34727
0.34626
0.34554
0.34501
0.34455
0.34398
0.3432
0.34219
0.34099
0.33972
0.33854
0.33754
0.33674
0.33607
0.33546
0.33485
0.33424
0.33365
0.33306
0.33245
0.33181
0.33118
0.33064
0.33028
0.33013
0.33015
0.33022
0.33022
0.33005
0.3297
0.32918
0.32856
0.32788
0.32718
0.32651
0.32597
0.32566
0.32566
0.32594
0.32642
0.32695
0.32745
0.32786
0.32815
0.3283
0.32828
0.32807
0.32769
0.32724
0.32688
0.32676
0.32695
0.32742
0.32808
0.32883
0.3296
0.33032
0.33093
0.33137
0.33164
0.3318
0.33198
0.33227
0.33274
0.33336
0.33407
0.33476
0.33534
0.33575
0.336
0.33618
0.33639
0.33672
0.33719
0.33775
0.33837
0.33905
0.3398
0.34065
0.34163
0.34277
0.34404
0.34543
0.34688
0.3483
0.34958
0.35062
0.35137
0.3519
0.35241
0.35313
0.35422
0.35569
0.35745
0.35937
0.36129
0.36315
0.36487
0.36645
0.36791
0.36928
0.3706
0.37192
0.37325
0.37463
0.37607
0.37757
0.37915
0.38084
0.38263
0.38447
0.38633
0.38818
0.39006
0.39204
0.3942
0.39657
0.39913
0.40185
0.40473
0.40778
0.41097
0.41415
0.41713
0.41977
0.42208
0.42417
0.4262
0.42834
0.43071
0.43345
0.4366
0.44018
0.44411
0.4483
0.45269
0.45717
0.46165
0.46603
0.47025
0.47429