0.28316
0.28176
0.28018
0.27844
0.27686
0.27573
0.27486
0.27375
0.27216
0.27035
0.2686
0.26693
0.26533
0.26398
0.263
0.26225
0.26143
0.26034
0.259
0.25758
0.25628
0.25512
0.25411
0.2532
0.25226
0.2511
0.24972
0.24822
0.24666
0.24506
0.24357
0.24246
0.24174
0.24098
0.23977
0.23824
0.23679
0.23565
0.2347
0.23383
0.23305
0.23233
0.23152
0.23047
0.22928
0.22825
0.22754
0.22684
0.22584
0.22461
0.22351
0.22267
0.22195
0.22117
0.22029
0.21936
0.21846
0.21764
0.21675
0.21573
0.21475
0.21396
0.21316
0.21217
0.21116
0.21039
0.20985
0.20933
0.20874
0.20807
0.20732
0.20652
0.20576
0.20511
0.20457
0.20399
0.2032
0.20225
0.20134
0.20059
0.19994
0.19921
0.19835
0.19747
0.19673
0.19619
0.19582
0.19549
0.19509
0.1946
0.19415
0.19381
0.19347
0.19294
0.19219
0.19126
0.19032
0.18953
0.18902
0.18875
0.18863
0.18852
0.18834
0.18802
0.18764
0.18725
0.1868
0.1862
0.18556
0.18504
0.18458
0.18408
0.18354
0.18311
0.1828
0.18248
0.18206
0.18153
0.18097
0.18048
0.18013
0.17989
0.17963
0.17933
0.17913
0.17899
0.17863
0.17793
0.17715
0.17665
0.17651
0.17657
0.17668
0.17667
0.17629
0.17548
0.17449
0.17377
0.17351
0.17352
0.17349
0.17332
0.17308
0.17277
0.17241
0.17214
0.17202
0.17193
0.17173
0.17143
0.17115
0.17096
0.17082
0.1707
0.1706
0.1706
0.17072
0.17078
0.1706
0.17025
0.1699
0.16968
0.16953
0.16936
0.16915
0.16902
0.16901
0.16904
0.16899
0.16879
0.16844
0.16806
0.1678
0.16762
0.16734
0.1669
0.16658
0.16668
0.16707
0.16739
0.16745
0.16734
0.16721
0.16714
0.16713
0.16709
0.16696
0.16676
0.16659
0.16656
0.16668
0.16686
0.16692
0.16685
0.16677
0.16669
0.16657
0.16646
0.1665
0.16673
0.167
0.16725
0.16743
0.16742
0.16715
0.16682
0.16674
0.16698
0.16733
0.1675
0.16743
0.1673
0.16718
0.16709
0.16713
0.16748
0.16814
0.16885
0.16927
0.16924
0.16891
0.16853
0.16832
0.1684
0.16877
0.16921
0.16947
0.16953
0.16956
0.16962
0.16961
0.16961
0.16981
0.1702
0.17049
0.17055
0.17059
0.17094
0.17161
0.17218
0.17238
0.17237
0.17244
0.17259
0.17272
0.17278
0.17286
0.17304
0.17331
0.17357
0.17373
0.17383
0.17405
0.17449
0.17501
0.17553
0.17609
0.17666
0.17706
0.17715
0.17707
0.17698
0.17695
0.17702
0.17723
0.17759
0.17805
0.17851
0.17899
0.17948
0.17998
0.1804
0.18064
0.1807
0.18077
0.18098
0.18135
0.18186
0.18246
0.18297
0.1833
0.18359
0.18412
0.18496
0.18581
0.18634
0.1865
0.18653
0.18666
0.18697
0.1874
0.18785
0.18823
0.18855
0.18899
0.18968
0.19046
0.19098
0.19116
0.1913
0.19171
0.19249
0.1933
0.19372
0.19382
0.19391
0.19412
0.19449
0.19501
0.19561
0.19607
0.19629
0.19642
0.19668
0.19714
0.19777
0.19848
0.19915
0.19967
0.20003
0.20038
0.20077
0.20112
0.20145
0.20194
0.20269
0.20359
0.20438
0.20484
0.20506
0.20541
0.20605
0.20679
0.20737
0.20768
0.20786
0.20815
0.20872
0.20956
0.21048
0.21121
0.21163
0.21191
0.21233
0.21281
0.21314
0.21332
0.21355
0.21391
0.2144
0.21509
0.2159
0.21655
0.21692
0.21717
0.21753
0.21802
0.21854
0.21902
0.21949
0.22007
0.22093
0.22203
0.22303
0.22351
0.2234
0.22321
0.22347
0.22428
0.22521
0.2258
0.22593
0.22588
0.2261
0.227
0.22847
0.22988
0.23086
0.23146
0.23173
0.2318
0.23181
0.23199
0.23258
0.2337
0.23507
0.23607
0.23633
0.23615
0.23614
0.2367
0.23774
0.23883
0.23963
0.24006
0.24022
0.24036
0.24084
0.24178
0.2429
0.24391
0.24485
0.24573
0.24629
0.24632
0.24623
0.24618
0.24622
0.24659
0.24744
0.24833
0.24893
0.24951
0.25039
0.25151
0.25269
0.25386
0.25496
0.25568
0.25583
0.25573
0.25589
0.25648
0.25731
0.25824
0.25926
0.26034
0.26132
0.26207
0.26239
0.26218
0.26186
0.26227
0.2635
0.26459
0.26509
0.26535
0.26576
0.26633
0.26701
0.2678
0.26872
0.26981
0.2711
0.27225
0.27291
0.27329
0.27396
0.2753
0.27689
0.27791
0.27827
0.27833
0.27841
0.27878
0.27981
0.28186
0.28384
0.28435
0.2839
0.28348
0.28359
0.28428
0.28523
0.28621
0.28727
0.2883
0.28908
0.28954
0.29004
0.29098
0.29233
0.2937
0.29475
0.29553
0.29627
0.29709
0.29815
0.29971
0.30148
0.30233
0.30234
0.30266
0.30396
0.3057
0.30693
0.30757
0.3082
0.30915
0.31027
0.31124
0.31189
0.31235
0.31275
0.31327
0.31426
0.31597
0.31822
0.32051
0.32233
0.32327
0.32309
0.32167
0.31971
0.32037
0.32408
0.32693
0.32847
0.32941
0.3305
0.33258
0.33521
0.33709
0.33838
0.33954
0.34074
0.34195
0.34327
0.34476
0.34624
0.34762
0.3491
0.35061
0.35189
0.35292
0.35436
0.35742
0.36142
0.36415
0.36571
0.36679
0.36805
0.3697
0.37165
0.37369
0.37559
0.37704
0.37787
0.37896
0.38179
0.38563
0.3885
0.39046
0.39234
0.39435
0.39601
0.39731
0.39902
0.4017
0.4045
0.40667
0.40848
0.41046
0.4127
0.41502
0.41751
0.4206
0.4243
0.42761
0.42993
0.43169
0.43361
0.43601
0.43863
0.44098
0.44268
0.44374
0.44454
0.44537
0.44684
0.44994
0.45397
0.45665
0.45804
0.45874
0.45913
0.45951
0.46029
0.46162
0.46354
0.46586
0.46784
0.46902
0.46972
0.47034
0.47102
0.47176
0.47256
0.47339
0.47416
0.47491
0.47575
0.47641
0.47661
0.47685
0.47855
0.48122
0.48306
0.48411
0.48508
0.48622
0.48731
0.48796
0.48803
0.48802
0.48887
0.49071
0.4923
0.49279
0.49257
0.49248
0.49274
0.49277
0.49207
0.49098
0.48997
0.48936
0.48919
0.48911
0.48866
0.48787
0.48772
0.48877
0.48992
0.49064
0.49125
0.49199
0.4926
0.49288
0.49301
0.4933
0.49392
0.49495
0.49626
0.49753
0.4986
0.49962
0.50069
0.50163
0.50234
0.50304
0.50394
0.50495
0.50582
0.50649
0.50711
0.50794
0.50903
0.51028
0.5116
0.513
0.5145
0.51612
0.51788
0.51974
0.52152
0.52307
0.52453
0.526
0.52733
0.52831
0.52907
0.52999
0.53129
0.53278
0.53417
0.53549
0.53701
0.53855
0.53966
0.54037
0.54112
0.54199
0.54265
0.5429
0.54271
0.54233
0.54296
0.54596
0.54947
0.55081
0.55063
0.5503
0.55035
0.55042
0.55021
0.55024
0.5513
0.5529
0.55364
0.55364
0.55348
0.55326
0.55302
0.55316
0.55391
0.55476
0.55502
0.55435
0.55301
0.55211
0.55366
0.55808
0.56247
0.56467
0.56494
0.56403
0.56277
0.56216
0.56249
0.56256
0.56181
0.56103
0.56128
0.56281
0.56454
0.565
0.56431
0.56349
0.56296
0.56272
0.56296
0.56353
0.5635
0.56242
0.56112
0.56046
0.56007
0.55955
0.56039
0.56353
0.56593
0.56599
0.56478
0.5632
0.56152
0.55988
0.55895
0.55951
0.56081
0.56148
0.56139
0.56101
0.56054
0.55994
0.55915
0.5581
0.55701
0.55651
0.55689
0.55735
0.55708
0.55627
0.55562
0.55566
0.55641
0.55723
0.55759
0.55757
0.55766
0.55875
0.56118
0.56337
0.56414
0.56422
0.56434
0.56462
0.56502
0.56542
0.56538
0.56479
0.56399
0.56311
0.56197
0.56079
0.56136
0.56559
0.57104
0.57415
0.57515
0.57552
0.57629
0.57768
0.579
0.57967
0.5803
0.58225
0.58528
0.58723
0.58802
0.59037
0.59539
0.60019
0.60311
0.60491
0.60635
0.6075
0.60842
0.60989
0.61312
0.61744
0.62136
0.62473
0.62803
0.63101
0.63338
0.63562
0.63825
0.64095
0.64302
0.64449
0.64627
0.64889
0.65203
0.65524
0.6581
0.66026
0.66182
0.66326
0.66453
0.66536
0.66625
0.668
0.67093
0.6745
0.67774
0.67985
0.68073
0.68069
0.6801
0.67926
0.67844
0.6778
0.67775
0.67879
0.6802
0.68066
0.68014
0.67908
0.67747
0.67527
0.67276
0.67034
0.66826
0.66647
0.66496
0.66386
0.66278
0.66113
0.65886
0.65623
0.65362
0.65129
0.64914
0.64657
0.64318
0.63935
0.63585
0.63298
0.6303
0.62748
0.6246
0.62164
0.61836
0.61477
0.61112
0.60751
0.60397
0.60056
0.59695
0.59262
0.58765
0.58266
0.57844
0.57548
0.57288
0.56948
0.56541
0.56126
0.55744
0.55371
0.54966
0.5452
0.54061
0.53641
0.53283
0.52953
0.52607
0.52218
0.51787
0.51341
0.50915
0.50526
0.50183
0.49872
0.49564
0.49227
0.48844
0.48446
0.48068
0.47676
0.47239
0.46802
0.46437
0.46137
0.45854
0.45573
0.45295
0.45002
0.44671
0.44313
0.43967
0.43671
0.43423
0.43193
0.42977
0.42793
0.42634
0.42461
0.42237
0.41978
0.41738
0.41553
0.4141
0.41267
0.41105
0.40934
0.40748
0.40544
0.40348
0.40194
0.40084
0.39985
0.39855
0.39676
0.39461
0.39241
0.39054
0.38922
0.3883
0.38755
0.38683
0.3859
0.38449
0.38278
0.38111
0.37953
0.37807
0.37702
0.37643
0.37587
0.37497
0.37386
0.37285
0.37189
0.37072
0.36931
0.36792
0.36677
0.36597
0.36551
0.36518
0.36475
0.36419
0.36353
0.36288
0.3623
0.3617
0.36094
0.36009
0.35941
0.35898
0.35879
0.35875
0.35866
0.3585
0.35859
0.35902
0.35937
0.35926
0.35883
0.35834
0.3581
0.35831
0.35894
0.35969
0.36027
0.36065
0.36099
0.36144
0.36202
0.36251
0.36264
0.3625
0.36257
0.36321
0.36416
0.36497
0.36552
0.36613
0.36714
0.36851
0.36993
0.37108
0.37199
0.37289
0.37385
0.37469
0.37534
0.37601
0.37687
0.37779
0.37856
0.37917
0.3799
0.38091
0.38211
0.3833
0.38432
0.38508
0.38572
0.38664
0.38794
0.38937
0.3908
0.39246
0.39431
0.39582
0.39671
0.39745
0.39876
0.40081
0.40308
0.40504
0.40657
0.40793
0.40936
0.41102
0.41286
0.41462
0.41607
0.41749
0.41939
0.42183
0.42436
0.42673
0.42925
0.43228
0.43558
0.43849
0.44079
0.44285
0.44508
0.44763
0.45051
0.45371
0.45718
0.46088
0.46471
0.46839
0.47171
0.47486
0.4783
0.48217
0.48624
0.49029