0.27692
0.2758
0.27486
0.27383
0.27246
0.27075
0.26893
0.26713
0.26538
0.26381
0.26263
0.26182
0.26118
0.26053
0.25963
0.25816
0.25617
0.25422
0.25279
0.25186
0.25108
0.25007
0.24865
0.24695
0.24537
0.24426
0.24354
0.24277
0.24158
0.24
0.23823
0.23651
0.23509
0.23418
0.23371
0.23319
0.23217
0.23065
0.22919
0.22842
0.22821
0.22765
0.22606
0.22383
0.22187
0.22067
0.22008
0.21975
0.21944
0.21893
0.21807
0.21698
0.21595
0.21506
0.21412
0.21304
0.21191
0.2108
0.20974
0.20872
0.20769
0.20659
0.20565
0.20525
0.20525
0.20493
0.20391
0.20265
0.20176
0.20132
0.20109
0.20082
0.20025
0.19921
0.19792
0.19676
0.19587
0.1953
0.19507
0.19499
0.19459
0.19347
0.19179
0.19021
0.18931
0.18902
0.18874
0.18811
0.18736
0.18697
0.18703
0.18702
0.18643
0.18544
0.18463
0.18432
0.18436
0.18443
0.18419
0.18336
0.18197
0.18038
0.17901
0.17813
0.17784
0.17806
0.17844
0.17848
0.17786
0.17674
0.17561
0.17479
0.1742
0.1736
0.17286
0.17211
0.17155
0.17125
0.17119
0.17139
0.17178
0.17207
0.17198
0.17152
0.17098
0.17065
0.17049
0.17009
0.1691
0.16785
0.16704
0.16686
0.16684
0.16666
0.1664
0.16638
0.16667
0.16707
0.16733
0.1672
0.16657
0.16576
0.16527
0.16526
0.16528
0.16471
0.16348
0.16229
0.16197
0.16259
0.16338
0.16364
0.16333
0.16287
0.1627
0.1629
0.16306
0.16277
0.16222
0.16188
0.16181
0.16172
0.16143
0.16112
0.16098
0.16078
0.16029
0.15971
0.15947
0.15967
0.15992
0.16001
0.16006
0.16009
0.15989
0.15945
0.1591
0.15918
0.15964
0.16016
0.16043
0.16041
0.16016
0.1598
0.15937
0.1589
0.15848
0.1583
0.15856
0.15911
0.1595
0.15921
0.15828
0.15736
0.15702
0.15726
0.15771
0.15797
0.15796
0.15794
0.15803
0.15801
0.15778
0.15759
0.15776
0.15833
0.15903
0.15957
0.15988
0.16
0.15991
0.15962
0.15935
0.15937
0.15956
0.1596
0.15936
0.15894
0.15862
0.15862
0.15892
0.1592
0.15937
0.1596
0.15997
0.16028
0.16032
0.16011
0.15981
0.1597
0.15999
0.16063
0.16119
0.16137
0.16128
0.16133
0.16173
0.16234
0.16292
0.1633
0.16341
0.16324
0.16294
0.16288
0.16333
0.16419
0.16503
0.16548
0.16548
0.16516
0.16475
0.16454
0.16472
0.16521
0.16585
0.16664
0.16749
0.16812
0.16834
0.16833
0.16832
0.1683
0.16825
0.16835
0.16881
0.16953
0.17027
0.17083
0.17113
0.17125
0.17127
0.17131
0.17149
0.17186
0.17248
0.17331
0.17414
0.17464
0.17472
0.17466
0.17483
0.17529
0.17575
0.17588
0.17575
0.17588
0.17655
0.17737
0.17777
0.17778
0.178
0.17884
0.18004
0.18093
0.18109
0.18082
0.18084
0.18163
0.18274
0.18312
0.18241
0.18146
0.18183
0.18339
0.18458
0.18506
0.18546
0.18617
0.18692
0.18723
0.18707
0.18692
0.18723
0.18785
0.18841
0.18907
0.19035
0.19196
0.19293
0.19301
0.19296
0.19359
0.19486
0.19605
0.1968
0.19712
0.197
0.19658
0.19628
0.19648
0.19702
0.19754
0.19801
0.19851
0.19917
0.19996
0.20056
0.20074
0.20079
0.20119
0.20206
0.20308
0.20392
0.20458
0.20528
0.20607
0.20671
0.20701
0.20723
0.20768
0.20834
0.20906
0.20975
0.21026
0.21051
0.21074
0.2113
0.21215
0.21286
0.21317
0.21341
0.21388
0.21424
0.21403
0.21363
0.21381
0.21456
0.21546
0.21647
0.21768
0.21865
0.21888
0.2186
0.21854
0.21929
0.22077
0.22226
0.22324
0.22365
0.22382
0.22396
0.22419
0.22452
0.22491
0.22526
0.22552
0.22584
0.22628
0.2267
0.22716
0.22804
0.22949
0.23099
0.232
0.23255
0.23304
0.23366
0.23432
0.23478
0.23483
0.23447
0.23396
0.23394
0.235
0.23698
0.2389
0.24012
0.24054
0.24051
0.24076
0.24154
0.24235
0.24277
0.24292
0.24333
0.24434
0.24579
0.24714
0.24791
0.24824
0.24865
0.24928
0.24984
0.24984
0.24932
0.24921
0.25023
0.25202
0.25378
0.25517
0.25619
0.2571
0.258
0.2587
0.25917
0.25979
0.26058
0.2611
0.26125
0.26142
0.26187
0.26254
0.2635
0.26471
0.26586
0.26658
0.26703
0.26766
0.26884
0.27029
0.27147
0.27239
0.27295
0.27263
0.27133
0.26999
0.27043
0.27297
0.27519
0.27653
0.27767
0.27906
0.28059
0.28166
0.28211
0.28231
0.28269
0.28344
0.28475
0.28642
0.28774
0.28821
0.28829
0.28865
0.28925
0.28942
0.28863
0.28707
0.28617
0.28805
0.29191
0.29468
0.29633
0.29791
0.29966
0.30099
0.30164
0.30184
0.302
0.30257
0.30369
0.30496
0.30586
0.30657
0.30778
0.30963
0.31111
0.31169
0.31248
0.31428
0.31604
0.31646
0.31545
0.31468
0.31726
0.32053
0.32143
0.32108
0.32041
0.31991
0.32082
0.32362
0.32654
0.3289
0.33108
0.3328
0.33363
0.33389
0.33448
0.33581
0.33764
0.33978
0.34202
0.34387
0.34516
0.3466
0.34939
0.35248
0.35365
0.35385
0.35477
0.35696
0.36006
0.3626
0.36379
0.36441
0.36543
0.36706
0.36879
0.37025
0.37162
0.37333
0.37554
0.37817
0.3809
0.38326
0.38516
0.38746
0.39065
0.39358
0.39534
0.39642
0.39756
0.39897
0.40039
0.40189
0.4041
0.40727
0.41049
0.41307
0.41527
0.41763
0.42017
0.42245
0.42389
0.42433
0.42409
0.42344
0.42283
0.4237
0.42931
0.43574
0.43791
0.43809
0.43772
0.43708
0.43687
0.43795
0.44068
0.44462
0.44868
0.45118
0.45184
0.45186
0.45216
0.45272
0.45313
0.4534
0.45362
0.4536
0.45338
0.45354
0.45435
0.45533
0.45685
0.46006
0.46332
0.46455
0.46461
0.46493
0.46632
0.4687
0.47086
0.47142
0.47037
0.46939
0.47004
0.4717
0.47299
0.47359
0.47355
0.47287
0.47179
0.47088
0.47053
0.47086
0.47177
0.47286
0.47364
0.4742
0.47505
0.47648
0.47785
0.47883
0.4798
0.48086
0.48167
0.48218
0.48274
0.48372
0.48499
0.48604
0.48661
0.48702
0.48777
0.48914
0.49094
0.49243
0.49301
0.49303
0.49326
0.49388
0.49483
0.49645
0.4988
0.50103
0.50245
0.50357
0.50524
0.50706
0.50782
0.5076
0.508
0.50987
0.51233
0.51435
0.51591
0.5172
0.51815
0.51883
0.51964
0.52081
0.5221
0.52339
0.52488
0.52629
0.52685
0.52649
0.52624
0.52692
0.52826
0.52948
0.53013
0.53044
0.53074
0.5308
0.53041
0.53069
0.53363
0.53772
0.5398
0.54007
0.53994
0.54006
0.53987
0.53828
0.53545
0.53417
0.53669
0.54072
0.54363
0.54559
0.54753
0.54962
0.55098
0.55078
0.54946
0.54772
0.54564
0.54276
0.53877
0.53482
0.53414
0.53792
0.54325
0.54721
0.54939
0.55078
0.5526
0.55457
0.55465
0.55227
0.54879
0.5457
0.5448
0.54709
0.55086
0.5534
0.55373
0.55241
0.55068
0.54998
0.55025
0.54932
0.54619
0.54255
0.54094
0.54127
0.54094
0.54028
0.54294
0.54767
0.55059
0.55129
0.55051
0.54863
0.54582
0.54316
0.54278
0.54489
0.54705
0.54774
0.54686
0.54524
0.54408
0.54389
0.54353
0.54138
0.5377
0.5347
0.53377
0.53382
0.53353
0.53303
0.53334
0.53495
0.53625
0.53531
0.53275
0.53079
0.53225
0.53776
0.54241
0.54299
0.54183
0.54121
0.54124
0.54149
0.54172
0.5416
0.54078
0.5393
0.53753
0.53615
0.53622
0.53812
0.54095
0.54282
0.54337
0.54295
0.54203
0.54164
0.54291
0.54582
0.54914
0.55186
0.55377
0.55458
0.55384
0.55237
0.55263
0.55577
0.55937
0.56145
0.56242
0.5632
0.56409
0.56501
0.56597
0.56712
0.56908
0.57224
0.57626
0.57953
0.58051
0.58003
0.58019
0.58202
0.58475
0.58714
0.58902
0.59114
0.59353
0.59545
0.59684
0.59829
0.59981
0.60102
0.60227
0.60407
0.60551
0.60532
0.60391
0.6038
0.60672
0.60982
0.61043
0.60923
0.60785
0.60735
0.60796
0.60893
0.60928
0.60905
0.6096
0.61136
0.6125
0.61192
0.61
0.60743
0.60447
0.60073
0.5956
0.58911
0.58301
0.58103
0.58433
0.58817
0.58952
0.58901
0.58731
0.58454
0.58136
0.57874
0.57673
0.57451
0.57132
0.56713
0.56321
0.56124
0.56078
0.5596
0.55632
0.55168
0.54747
0.54436
0.54153
0.53832
0.53528
0.53323
0.53206
0.53094
0.52918
0.52617
0.52141
0.51583
0.51078
0.50658
0.50324
0.50033
0.49704
0.49308
0.48926
0.4866
0.48471
0.48206
0.47825
0.47427
0.47108
0.46852
0.46582
0.46282
0.46008
0.45775
0.45549
0.45309
0.45037
0.44668
0.44184
0.43786
0.43587
0.43441
0.43234
0.42964
0.42672
0.42391
0.42159
0.42005
0.41893
0.41728
0.4145
0.41115
0.40833
0.40645
0.40506
0.40363
0.40166
0.39869
0.39519
0.3928
0.39202
0.39173
0.39125
0.39078
0.39008
0.38834
0.38536
0.3826
0.38117
0.38033
0.37908
0.3774
0.37587
0.3749
0.37422
0.37318
0.37153
0.36989
0.36929
0.36967
0.36966
0.36823
0.36599
0.36492
0.36565
0.36632
0.36544
0.36355
0.36206
0.36148
0.36126
0.3608
0.3598
0.3579
0.35524
0.35288
0.3519
0.35212
0.35238
0.35172
0.35005
0.34828
0.34768
0.34835
0.34894
0.34854
0.34777
0.3477
0.34842
0.34882
0.34803
0.34656
0.34556
0.34554
0.34611
0.3466
0.34681
0.34703
0.34735
0.34718
0.34628
0.34535
0.34506
0.34536
0.34606
0.3471
0.34822
0.34904
0.34948
0.34976
0.35
0.35035
0.35109
0.35234
0.35375
0.35482
0.3556
0.35646
0.35741
0.35803
0.3583
0.35857
0.35901
0.35959
0.36046
0.36173
0.36301
0.36388
0.36437
0.36474
0.36512
0.36566
0.3666
0.36806
0.3698
0.37156
0.37331
0.37503
0.37649
0.37735
0.37773
0.37819
0.37913
0.38036
0.38157
0.38274
0.3841
0.38586
0.38801
0.39027
0.39224
0.39372
0.3948
0.39602
0.39789
0.40012
0.40171
0.40243
0.40341
0.40547
0.40788
0.40963
0.41102
0.41316
0.41641
0.42014
0.42385
0.42761
0.43116
0.43369
0.43506
0.43621
0.43792
0.44025
0.44295
0.44595
0.4493
0.45292
0.45657
0.46006
0.46361
0.46742
0.47135
0.47536
0.47988
0.48501