3997.61072,0.00034
3996.18555,0.00038
3994.76038,0.00048
3993.33520,0.00058
3991.91003,0.00060
3990.48486,0.00055
3989.05968,0.00047
3987.63451,0.00043
3986.20934,0.00044
3984.78416,0.00045
3983.35899,0.00045
3981.93382,0.00046
3980.50865,0.00049
3979.08347,0.00049
3977.65830,0.00046
3976.23313,0.00042
3974.80795,0.00045
3973.38278,0.00053
3971.95761,0.00060
3970.53243,0.00064
3969.10726,0.00063
3967.68209,0.00062
3966.25691,0.00065
3964.83174,0.00068
3963.40657,0.00068
3961.98139,0.00068
3960.55622,0.00071
3959.13105,0.00076
3957.70587,0.00080
3956.28070,0.00083
3954.85553,0.00089
3953.43036,0.00095
3952.00518,0.00100
3950.58001,0.00105
3949.15484,0.00110
3947.72966,0.00117
3946.30449,0.00125
3944.87932,0.00131
3943.45414,0.00138
3942.02897,0.00143
3940.60380,0.00147
3939.17862,0.00153
3937.75345,0.00160
3936.32828,0.00164
3934.90310,0.00166
3933.47793,0.00169
3932.05276,0.00175
3930.62758,0.00179
3929.20241,0.00179
3927.77724,0.00182
3926.35207,0.00192
3924.92689,0.00204
3923.50172,0.00210
3922.07655,0.00210
3920.65137,0.00208
3919.22620,0.00210
3917.80103,0.00216
3916.37585,0.00222
3914.95068,0.00228
3913.52551,0.00232
3912.10033,0.00238
3910.67516,0.00244
3909.24999,0.00251
3907.82481,0.00257
3906.39964,0.00264
3904.97447,0.00273
3903.54929,0.00283
3902.12412,0.00290
3900.69895,0.00291
3899.27378,0.00287
3897.84860,0.00282
3896.42343,0.00279
3894.99826,0.00277
3893.57308,0.00275
3892.14791,0.00276
3890.72274,0.00282
3889.29756,0.00292
3887.87239,0.00299
3886.44722,0.00303
3885.02204,0.00306
3883.59687,0.00306
3882.17170,0.00307
3880.74652,0.00312
3879.32135,0.00319
3877.89618,0.00324
3876.47100,0.00327
3875.04583,0.00330
3873.62066,0.00335
3872.19548,0.00341
3870.77031,0.00349
3869.34514,0.00358
3867.91997,0.00368
3866.49479,0.00374
3865.06962,0.00372
3863.64445,0.00363
3862.21927,0.00354
3860.79410,0.00354
3859.36893,0.00358
3857.94375,0.00359
3856.51858,0.00354
3855.09341,0.00356
3853.66823,0.00375
3852.24306,0.00393
3850.81789,0.00397
3849.39271,0.00393
3847.96754,0.00393
3846.54237,0.00398
3845.11719,0.00406
3843.69202,0.00411
3842.26685,0.00412
3840.84168,0.00407
3839.41650,0.00401
3837.99133,0.00392
3836.56616,0.00380
3835.14098,0.00367
3833.71581,0.00358
3832.29064,0.00354
3830.86546,0.00350
3829.44029,0.00345
3828.01512,0.00340
3826.58994,0.00337
3825.16477,0.00338
3823.73960,0.00342
3822.31442,0.00346
3820.88925,0.00341
3819.46408,0.00324
3818.03890,0.00303
3816.61373,0.00285
3815.18856,0.00274
3813.76339,0.00265
3812.33821,0.00257
3810.91304,0.00253
3809.48787,0.00250
3808.06269,0.00241
3806.63752,0.00227
3805.21235,0.00213
3803.78717,0.00206
3802.36200,0.00209
3800.93683,0.00217
3799.51165,0.00218
3798.08648,0.00210
3796.66131,0.00198
3795.23613,0.00188
3793.81096,0.00183
3792.38579,0.00181
3790.96061,0.00181
3789.53544,0.00184
3788.11027,0.00188
3786.68510,0.00192
3785.25992,0.00192
3783.83475,0.00188
3782.40958,0.00184
3780.98440,0.00180
3779.55923,0.00178
3778.13406,0.00177
3776.70888,0.00176
3775.28371,0.00173
3773.85854,0.00170
3772.43336,0.00171
3771.00819,0.00176
3769.58302,0.00181
3768.15784,0.00182
3766.73267,0.00180
3765.30750,0.00180
3763.88232,0.00184
3762.45715,0.00190
3761.03198,0.00196
3759.60681,0.00197
3758.18163,0.00191
3756.75646,0.00182
3755.33129,0.00175
3753.90611,0.00174
3752.48094,0.00184
3751.05577,0.00198
3749.63059,0.00202
3748.20542,0.00190
3746.78025,0.00172
3745.35507,0.00165
3743.92990,0.00169
3742.50473,0.00174
3741.07955,0.00173
3739.65438,0.00170
3738.22921,0.00169
3736.80403,0.00170
3735.37886,0.00174
3733.95369,0.00177
3732.52851,0.00175
3731.10334,0.00167
3729.67817,0.00152
3728.25300,0.00137
3726.82782,0.00129
3725.40265,0.00129
3723.97748,0.00133
3722.55230,0.00136
3721.12713,0.00133
3719.70196,0.00124
3718.27678,0.00110
3716.85161,0.00097
3715.42644,0.00090
3714.00126,0.00090
3712.57609,0.00092
3711.15092,0.00091
3709.72574,0.00084
3708.30057,0.00073
3706.87540,0.00066
3705.45022,0.00063
3704.02505,0.00061
3702.59988,0.00055
3701.17471,0.00043
3699.74953,0.00031
3698.32436,0.00023
3696.89919,0.00019
3695.47401,0.00016
3694.04884,0.00016
3692.62367,0.00019
3691.19849,0.00021
3689.77332,0.00017
3688.34815,0.00006
3686.92297,-0.00007
3685.49780,-0.00018
3684.07263,-0.00026
3682.64745,-0.00029
3681.22228,-0.00030
3679.79711,-0.00030
3678.37193,-0.00033
3676.94676,-0.00039
3675.52159,-0.00052
3674.09642,-0.00068
3672.67124,-0.00086
3671.24607,-0.00098
3669.82090,-0.00107
3668.39572,-0.00117
3666.97055,-0.00130
3665.54538,-0.00143
3664.12020,-0.00153
3662.69503,-0.00160
3661.26986,-0.00170
3659.84468,-0.00182
3658.41951,-0.00194
3656.99434,-0.00207
3655.56916,-0.00224
3654.14399,-0.00244
3652.71882,-0.00260
3651.29364,-0.00268
3649.86847,-0.00277
3648.44330,-0.00297
3647.01813,-0.00328
3645.59295,-0.00359
3644.16778,-0.00388
3642.74261,-0.00413
3641.31743,-0.00435
3639.89226,-0.00454
3638.46709,-0.00470
3637.04191,-0.00482
3635.61674,-0.00492
3634.19157,-0.00504
3632.76639,-0.00521
3631.34122,-0.00541
3629.91605,-0.00564
3628.49087,-0.00592
3627.06570,-0.00624
3625.64053,-0.00655
3624.21535,-0.00682
3622.79018,-0.00707
3621.36501,-0.00738
3619.93984,-0.00774
3618.51466,-0.00808
3617.08949,-0.00834
3615.66432,-0.00855
3614.23914,-0.00877
3612.81397,-0.00904
3611.38880,-0.00934
3609.96362,-0.00967
3608.53845,-0.00999
3607.11328,-0.01032
3605.68810,-0.01063
3604.26293,-0.01093
3602.83776,-0.01119
3601.41258,-0.01140
3599.98741,-0.01160
3598.56224,-0.01183
3597.13706,-0.01208
3595.71189,-0.01230
3594.28672,-0.01256
3592.86154,-0.01292
3591.43637,-0.01334
3590.01120,-0.01373
3588.58603,-0.01403
3587.16085,-0.01427
3585.73568,-0.01451
3584.31051,-0.01477
3582.88533,-0.01500
3581.46016,-0.01516
3580.03499,-0.01527
3578.60981,-0.01538
3577.18464,-0.01550
3575.75947,-0.01564
3574.33429,-0.01580
3572.90912,-0.01603
3571.48395,-0.01638
3570.05877,-0.01683
3568.63360,-0.01727
3567.20843,-0.01750
3565.78325,-0.01751
3564.35808,-0.01750
3562.93291,-0.01765
3561.50774,-0.01797
3560.08256,-0.01840
3558.65739,-0.01885
3557.23222,-0.01926
3555.80704,-0.01957
3554.38187,-0.01974
3552.95670,-0.01979
3551.53152,-0.01985
3550.10635,-0.02002
3548.68118,-0.02026
3547.25600,-0.02051
3545.83083,-0.02077
3544.40566,-0.02104
3542.98048,-0.02131
3541.55531,-0.02158
3540.13014,-0.02186
3538.70496,-0.02218
3537.27979,-0.02254
3535.85462,-0.02292
3534.42945,-0.02328
3533.00427,-0.02359
3531.57910,-0.02392
3530.15393,-0.02428
3528.72875,-0.02464
3527.30358,-0.02499
3525.87841,-0.02533
3524.45323,-0.02570
3523.02806,-0.02613
3521.60289,-0.02664
3520.17771,-0.02721
3518.75254,-0.02778
3517.32737,-0.02831
3515.90219,-0.02881
3514.47702,-0.02932
3513.05185,-0.02986
3511.62667,-0.03037
3510.20150,-0.03076
3508.77633,-0.03101
3507.35116,-0.03112
3505.92598,-0.03117
3504.50081,-0.03132
3503.07564,-0.03170
3501.65046,-0.03227
3500.22529,-0.03282
3498.80012,-0.03320
3497.37494,-0.03350
3495.94977,-0.03381
3494.52460,-0.03406
3493.09942,-0.03418
3491.67425,-0.03432
3490.24908,-0.03467
3488.82390,-0.03518
3487.39873,-0.03565
3485.97356,-0.03593
3484.54838,-0.03604
3483.12321,-0.03607
3481.69804,-0.03617
3480.27287,-0.03644
3478.84769,-0.03679
3477.42252,-0.03701
3475.99735,-0.03704
3474.57217,-0.03702
3473.14700,-0.03703
3471.72183,-0.03696
3470.29665,-0.03683
3468.87148,-0.03683
3467.44631,-0.03699
3466.02113,-0.03716
3464.59596,-0.03727
3463.17079,-0.03739
3461.74561,-0.03751
3460.32044,-0.03762
3458.89527,-0.03772
3457.47009,-0.03776
3456.04492,-0.03774
3454.61975,-0.03773
3453.19457,-0.03778
3451.76940,-0.03787
3450.34423,-0.03795
3448.91906,-0.03802
3447.49388,-0.03800
3446.06871,-0.03783
3444.64354,-0.03759
3443.21836,-0.03746
3441.79319,-0.03750
3440.36802,-0.03755
3438.94284,-0.03750
3437.51767,-0.03744
3436.09250,-0.03755
3434.66732,-0.03782
3433.24215,-0.03809
3431.81698,-0.03821
3430.39180,-0.03825
3428.96663,-0.03833
3427.54146,-0.03845
3426.11628,-0.03856
3424.69111,-0.03867
3423.26594,-0.03877
3421.84077,-0.03889
3420.41559,-0.03904
3418.99042,-0.03924
3417.56525,-0.03938
3416.14007,-0.03929
3414.71490,-0.03899
3413.28973,-0.03865
3411.86455,-0.03840
3410.43938,-0.03827
3409.01421,-0.03821
3407.58903,-0.03819
3406.16386,-0.03816
3404.73869,-0.03806
3403.31351,-0.03793
3401.88834,-0.03781
3400.46317,-0.03758
3399.03799,-0.03715
3397.61282,-0.03662
3396.18765,-0.03620
3394.76248,-0.03593
3393.33730,-0.03570
3391.91213,-0.03552
3390.48696,-0.03546
3389.06178,-0.03547
3387.63661,-0.03536
3386.21144,-0.03504
3384.78626,-0.03458
3383.36109,-0.03412
3381.93592,-0.03379
3380.51074,-0.03355
3379.08557,-0.03329
3377.66040,-0.03293
3376.23522,-0.03252
3374.81005,-0.03210
3373.38488,-0.03157
3371.95970,-0.03086
3370.53453,-0.03014
3369.10936,-0.02965
3367.68419,-0.02936
3366.25901,-0.02904
3364.83384,-0.02859
3363.40867,-0.02812
3361.98349,-0.02772
3360.55832,-0.02740
3359.13315,-0.02712
3357.70797,-0.02684
3356.28280,-0.02651
3354.85763,-0.02607
3353.43245,-0.02555
3352.00728,-0.02507
3350.58211,-0.02473
3349.15693,-0.02448
3347.73176,-0.02421
3346.30659,-0.02392
3344.88141,-0.02365
3343.45624,-0.02334
3342.03107,-0.02296
3340.60590,-0.02258
3339.18072,-0.02234
3337.75555,-0.02225
3336.33038,-0.02221
3334.90520,-0.02212
3333.48003,-0.02194
3332.05486,-0.02167
3330.62968,-0.02132
3329.20451,-0.02095
3327.77934,-0.02059
3326.35416,-0.02033
3324.92899,-0.02023
3323.50382,-0.02024
3322.07864,-0.02021
3320.65347,-0.02007
3319.22830,-0.01983
3317.80312,-0.01955
3316.37795,-0.01930
3314.95278,-0.01913
3313.52760,-0.01901
3312.10243,-0.01885
3310.67726,-0.01859
3309.25209,-0.01823
3307.82691,-0.01786
3306.40174,-0.01756
3304.97657,-0.01738
3303.55139,-0.01726
3302.12622,-0.01717
3300.70105,-0.01707
3299.27587,-0.01693
3297.85070,-0.01668
3296.42553,-0.01636
3295.00035,-0.01606
3293.57518,-0.01583
3292.15001,-0.01566
3290.72483,-0.01549
3289.29966,-0.01527
3287.87449,-0.01502
3286.44931,-0.01479
3285.02414,-0.01459
3283.59897,-0.01438
3282.17380,-0.01415
3280.74862,-0.01389
3279.32345,-0.01360
3277.89828,-0.01328
3276.47310,-0.01300
3275.04793,-0.01277
3273.62276,-0.01259
3272.19758,-0.01241
3270.77241,-0.01220
3269.34724,-0.01198
3267.92206,-0.01173
3266.49689,-0.01146
3265.07172,-0.01121
3263.64654,-0.01102
3262.22137,-0.01092
3260.79620,-0.01084
3259.37102,-0.01073
3257.94585,-0.01060
3256.52068,-0.01045
3255.09551,-0.01030
3253.67033,-0.01012
3252.24516,-0.00990
3250.81999,-0.00968
3249.39481,-0.00950
3247.96964,-0.00942
3246.54447,-0.00939
3245.11929,-0.00933
3243.69412,-0.00919
3242.26895,-0.00900
3240.84377,-0.00882
3239.41860,-0.00866
3237.99343,-0.00852
3236.56825,-0.00840
3235.14308,-0.00829
3233.71791,-0.00822
3232.29273,-0.00818
3230.86756,-0.00815
3229.44239,-0.00810
3228.01722,-0.00801
3226.59204,-0.00793
3225.16687,-0.00787
3223.74170,-0.00783
3222.31652,-0.00782
3220.89135,-0.00781
3219.46618,-0.00778
3218.04100,-0.00772
3216.61583,-0.00764
3215.19066,-0.00755
3213.76548,-0.00745
3212.34031,-0.00735
3210.91514,-0.00727
3209.48996,-0.00721
3208.06479,-0.00716
3206.63962,-0.00712
3205.21444,-0.00710
3203.78927,-0.00712
3202.36410,-0.00714
3200.93893,-0.00712
3199.51375,-0.00705
3198.08858,-0.00695
3196.66341,-0.00684
3195.23823,-0.00675
3193.81306,-0.00667
3192.38789,-0.00660
3190.96271,-0.00648
3189.53754,-0.00632
3188.11237,-0.00613
3186.68719,-0.00597
3185.26202,-0.00584
3183.83685,-0.00573
3182.41167,-0.00558
3180.98650,-0.00542
3179.56133,-0.00526
3178.13615,-0.00510
3176.71098,-0.00494
3175.28581,-0.00476
3173.86063,-0.00459
3172.43546,-0.00442
3171.01029,-0.00426
3169.58512,-0.00410
3168.15994,-0.00390
3166.73477,-0.00369
3165.30960,-0.00348
3163.88442,-0.00330
3162.45925,-0.00314
3161.03408,-0.00301
3159.60890,-0.00287
3158.18373,-0.00271
3156.75856,-0.00254
3155.33338,-0.00240
3153.90821,-0.00234
3152.48304,-0.00233
3151.05786,-0.00229
3149.63269,-0.00218
3148.20752,-0.00204
3146.78234,-0.00194
3145.35717,-0.00188
3143.93200,-0.00185
3142.50683,-0.00186
3141.08165,-0.00189
3139.65648,-0.00193
3138.23131,-0.00194
3136.80613,-0.00193
3135.38096,-0.00196
3133.95579,-0.00202
3132.53061,-0.00209
3131.10544,-0.00214
3129.68027,-0.00217
3128.25509,-0.00222
3126.82992,-0.00229
3125.40475,-0.00235
3123.97957,-0.00236
3122.55440,-0.00233
3121.12923,-0.00230
3119.70405,-0.00229
3118.27888,-0.00232
3116.85371,-0.00236
3115.42854,-0.00236
3114.00336,-0.00232
3112.57819,-0.00226
3111.15302,-0.00223
3109.72784,-0.00224
3108.30267,-0.00224
3106.87750,-0.00219
3105.45232,-0.00212
3104.02715,-0.00207
3102.60198,-0.00204
3101.17680,-0.00200
3099.75163,-0.00193
3098.32646,-0.00184
3096.90128,-0.00174
3095.47611,-0.00162
3094.05094,-0.00151
3092.62576,-0.00143
3091.20059,-0.00136
3089.77542,-0.00129
3088.35025,-0.00120
3086.92507,-0.00112
3085.49990,-0.00104
3084.07473,-0.00097
3082.64955,-0.00091
3081.22438,-0.00085
3079.79921,-0.00080
3078.37403,-0.00076
3076.94886,-0.00071
3075.52369,-0.00064
3074.09851,-0.00056
3072.67334,-0.00049
3071.24817,-0.00043
3069.82299,-0.00037
3068.39782,-0.00032
3066.97265,-0.00028
3065.54747,-0.00026
3064.12230,-0.00023
3062.69713,-0.00020
3061.27196,-0.00016
3059.84678,-0.00013
3058.42161,-0.00006
3056.99644,0.00002
3055.57126,0.00010
3054.14609,0.00016
3052.72092,0.00019
3051.29574,0.00022
3049.87057,0.00024
3048.44540,0.00029
3047.02022,0.00037
3045.59505,0.00045
3044.16988,0.00052
3042.74470,0.00062
3041.31953,0.00072
3039.89436,0.00080
3038.46918,0.00085
3037.04401,0.00091
3035.61884,0.00099
3034.19366,0.00109
3032.76849,0.00118
3031.34332,0.00121
3029.91815,0.00117
3028.49297,0.00109
3027.06780,0.00104
3025.64263,0.00103
3024.21745,0.00102
3022.79228,0.00098
3021.36711,0.00095
3019.94193,0.00093
3018.51676,0.00093
3017.09159,0.00091
3015.66641,0.00090
3014.24124,0.00087
3012.81607,0.00083
3011.39089,0.00079
3009.96572,0.00075
3008.54055,0.00074
3007.11537,0.00072
3005.69020,0.00071
3004.26503,0.00072
3002.83986,0.00077
3001.41468,0.00083
2999.98951,0.00089
2998.56434,0.00094
2997.13916,0.00104
2995.71399,0.00119
2994.28882,0.00138
2992.86364,0.00160
2991.43847,0.00185
2990.01330,0.00213
2988.58812,0.00245
2987.16295,0.00279
2985.73778,0.00319
2984.31260,0.00363
2982.88743,0.00410
2981.46226,0.00459
2980.03708,0.00511
2978.61191,0.00566
2977.18674,0.00623
2975.76157,0.00678
2974.33639,0.00732
2972.91122,0.00782
2971.48605,0.00831
2970.06087,0.00876
2968.63570,0.00913
2967.21053,0.00940
2965.78535,0.00961
2964.36018,0.00978
2962.93501,0.00989
2961.50983,0.00991
2960.08466,0.00983
2958.65949,0.00967
2957.23431,0.00943
2955.80914,0.00910
2954.38397,0.00875
2952.95879,0.00844
2951.53362,0.00820
2950.10845,0.00800
2948.68328,0.00784
2947.25810,0.00772
2945.83293,0.00766
2944.40776,0.00763
2942.98258,0.00758
2941.55741,0.00752
2940.13224,0.00745
2938.70706,0.00736
2937.28189,0.00723
2935.85672,0.00708
2934.43154,0.00691
2933.00637,0.00676
2931.58120,0.00662
2930.15602,0.00647
2928.73085,0.00626
2927.30568,0.00600
2925.88050,0.00573
2924.45533,0.00551
2923.03016,0.00533
2921.60498,0.00515
2920.17981,0.00499
2918.75464,0.00486
2917.32947,0.00474
2915.90429,0.00463
2914.47912,0.00451
2913.05395,0.00440
2911.62877,0.00432
2910.20360,0.00425
2908.77843,0.00419
2907.35325,0.00411
2905.92808,0.00400
2904.50291,0.00389
2903.07773,0.00378
2901.65256,0.00367
2900.22739,0.00357
2898.80221,0.00348
2897.37704,0.00338
2895.95187,0.00330
2894.52669,0.00330
2893.10152,0.00336
2891.67635,0.00343
2890.25118,0.00345
2888.82600,0.00345
2887.40083,0.00346
2885.97566,0.00352
2884.55048,0.00361
2883.12531,0.00371
2881.70014,0.00383
2880.27496,0.00398
2878.84979,0.00416
2877.42462,0.00433
2875.99944,0.00446
2874.57427,0.00453
2873.14910,0.00457
2871.72392,0.00460
2870.29875,0.00460
2868.87358,0.00457
2867.44840,0.00452
2866.02323,0.00448
2864.59806,0.00444
2863.17289,0.00441
2861.74771,0.00439
2860.32254,0.00440
2858.89737,0.00445
2857.47219,0.00454
2856.04702,0.00460
2854.62185,0.00465
2853.19667,0.00467
2851.77150,0.00469
2850.34633,0.00469
2848.92115,0.00466
2847.49598,0.00459
2846.07081,0.00449
2844.64563,0.00437
2843.22046,0.00424
2841.79529,0.00411
2840.37011,0.00403
2838.94494,0.00396
2837.51977,0.00387
2836.09460,0.00374
2834.66942,0.00360
2833.24425,0.00345
2831.81908,0.00332
2830.39390,0.00320
2828.96873,0.00310
2827.54356,0.00301
2826.11838,0.00298
2824.69321,0.00304
2823.26804,0.00313
2821.84286,0.00320
2820.41769,0.00324
2818.99252,0.00327
2817.56734,0.00333
2816.14217,0.00339
2814.71700,0.00345
2813.29182,0.00348
2811.86665,0.00346
2810.44148,0.00340
2809.01631,0.00331
2807.59113,0.00323
2806.16596,0.00317
2804.74079,0.00311
2803.31561,0.00303
2801.89044,0.00287
2800.46527,0.00267
2799.04009,0.00251
2797.61492,0.00241
2796.18975,0.00237
2794.76457,0.00234
2793.33940,0.00229
2791.91423,0.00225
2790.48905,0.00225
2789.06388,0.00233
2787.63871,0.00242
2786.21353,0.00251
2784.78836,0.00264
2783.36319,0.00282
2781.93801,0.00301
2780.51284,0.00316
2779.08767,0.00330
2777.66250,0.00347
2776.23732,0.00366
2774.81215,0.00383
2773.38698,0.00394
2771.96180,0.00394
2770.53663,0.00382
2769.11146,0.00358
2767.68628,0.00324
2766.26111,0.00285
2764.83594,0.00247
2763.41076,0.00212
2761.98559,0.00174
2760.56042,0.00124
2759.13524,0.00054
2757.71007,-0.00036
2756.28490,-0.00140
2754.85972,-0.00256
2753.43455,-0.00391
2752.00938,-0.00570
2750.58421,-0.00819
2749.15903,-0.01144
2747.73386,-0.01528
2746.30869,-0.01965
2744.88351,-0.02478
2743.45834,-0.03089
2742.03317,-0.03790
2740.60799,-0.04563
2739.18282,-0.05411
2737.75765,-0.06353
2736.33247,-0.07362
2734.90730,-0.08355
2733.48213,-0.09258
2732.05695,-0.10071
2730.63178,-0.10829
2729.20661,-0.11531
2727.78143,-0.12139
2726.35626,-0.12621
2724.93109,-0.12966
2723.50592,-0.13202
2722.08074,-0.13412
2720.65557,-0.13663
2719.23040,-0.13950
2717.80522,-0.14214
2716.38005,-0.14418
2714.95488,-0.14564
2713.52970,-0.14680
2712.10453,-0.14783
2710.67936,-0.14871
2709.25418,-0.14949
2707.82901,-0.15018
2706.40384,-0.15058
2704.97866,-0.15047
2703.55349,-0.15015
2702.12832,-0.15018
2700.70314,-0.15078
2699.27797,-0.15160
2697.85280,-0.15221
2696.42763,-0.15224
2695.00245,-0.15151
2693.57728,-0.15030
2692.15211,-0.14903
2690.72693,-0.14760
2689.30176,-0.14548
2687.87659,-0.14253
2686.45141,-0.13927
2685.02624,-0.13637
2683.60107,-0.13420
2682.17589,-0.13288
2680.75072,-0.13229
2679.32555,-0.13195
2677.90037,-0.13129
2676.47520,-0.12997
2675.05003,-0.12808
2673.62485,-0.12613
2672.19968,-0.12453
2670.77451,-0.12323
2669.34934,-0.12175
2667.92416,-0.11982
2666.49899,-0.11755
2665.07382,-0.11530
2663.64864,-0.11339
2662.22347,-0.11192
2660.79830,-0.11085
2659.37312,-0.10997
2657.94795,-0.10908
2656.52278,-0.10814
2655.09760,-0.10725
2653.67243,-0.10647
2652.24726,-0.10584
2650.82208,-0.10542
2649.39691,-0.10514
2647.97174,-0.10491
2646.54656,-0.10490
2645.12139,-0.10531
2643.69622,-0.10597
2642.27104,-0.10646
2640.84587,-0.10675
2639.42070,-0.10723
2637.99553,-0.10841
2636.57035,-0.11040
2635.14518,-0.11271
2633.72001,-0.11467
2632.29483,-0.11617
2630.86966,-0.11764
2629.44449,-0.11932
2628.01931,-0.12108
2626.59414,-0.12274
2625.16897,-0.12423
2623.74379,-0.12556
2622.31862,-0.12703
2620.89345,-0.12909
2619.46827,-0.13169
2618.04310,-0.13405
2616.61793,-0.13562
2615.19275,-0.13688
2613.76758,-0.13845
2612.34241,-0.14003
2610.91724,-0.14093
2609.49206,-0.14147
2608.06689,-0.14244
2606.64172,-0.14355
2605.21654,-0.14376
2603.79137,-0.14299
2602.36620,-0.14239
2600.94102,-0.14289
2599.51585,-0.14424
2598.09068,-0.14541
2596.66550,-0.14578
2595.24033,-0.14554
2593.81516,-0.14511
2592.38998,-0.14433
2590.96481,-0.14270
2589.53964,-0.14031
2588.11446,-0.13790
2586.68929,-0.13604
2585.26412,-0.13451
2583.83895,-0.13285
2582.41377,-0.13082
2580.98860,-0.12851
2579.56343,-0.12622
2578.13825,-0.12435
2576.71308,-0.12285
2575.28791,-0.12123
2573.86273,-0.11922
2572.43756,-0.11718
2571.01239,-0.11529
2569.58721,-0.11310
2568.16204,-0.11041
2566.73687,-0.10799
2565.31169,-0.10660
2563.88652,-0.10599
2562.46135,-0.10521
2561.03617,-0.10365
2559.61100,-0.10147
2558.18583,-0.09934
2556.76066,-0.09801
2555.33548,-0.09775
2553.91031,-0.09806
2552.48514,-0.09840
2551.05996,-0.09884
2549.63479,-0.09958
2548.20962,-0.10026
2546.78444,-0.10034
2545.35927,-0.09987
2543.93410,-0.09929
2542.50892,-0.09911
2541.08375,-0.09979
2539.65858,-0.10150
2538.23340,-0.10377
2536.80823,-0.10586
2535.38306,-0.10743
2533.95788,-0.10859
2532.53271,-0.10989
2531.10754,-0.11185
2529.68237,-0.11434
2528.25719,-0.11650
2526.83202,-0.11783
2525.40685,-0.11878
2523.98167,-0.12013
2522.55650,-0.12204
2521.13133,-0.12419
2519.70615,-0.12636
2518.28098,-0.12842
2516.85581,-0.13019
2515.43063,-0.13174
2514.00546,-0.13343
2512.58029,-0.13540
2511.15511,-0.13726
2509.72994,-0.13864
2508.30477,-0.13963
2506.87959,-0.14041
2505.45442,-0.14092
2504.02925,-0.14107
2502.60407,-0.14096
2501.17890,-0.14087
2499.75373,-0.14090
2498.32856,-0.14082
2496.90338,-0.14050
2495.47821,-0.14019
2494.05304,-0.14019
2492.62786,-0.14023
2491.20269,-0.13941
2489.77752,-0.13711
2488.35234,-0.13381
2486.92717,-0.13082
2485.50200,-0.12900
2484.07682,-0.12798
2482.65165,-0.12670
2481.22648,-0.12453
2479.80130,-0.12174
2478.37613,-0.11896
2476.95096,-0.11657
2475.52578,-0.11459
2474.10061,-0.11287
2472.67544,-0.11134
2471.25027,-0.11012
2469.82509,-0.10917
2468.39992,-0.10807
2466.97475,-0.10635
2465.54957,-0.10414
2464.12440,-0.10200
2462.69923,-0.10021
2461.27405,-0.09865
2459.84888,-0.09720
2458.42371,-0.09573
2456.99853,-0.09412
2455.57336,-0.09261
2454.14819,-0.09189
2452.72301,-0.09224
2451.29784,-0.09315
2449.87267,-0.09402
2448.44749,-0.09483
2447.02232,-0.09583
2445.59715,-0.09699
2444.17198,-0.09811
2442.74680,-0.09923
2441.32163,-0.10062
2439.89646,-0.10230
2438.47128,-0.10403
2437.04611,-0.10588
2435.62094,-0.10834
2434.19576,-0.11153
2432.77059,-0.11469
2431.34542,-0.11704
2429.92024,-0.11863
2428.49507,-0.12017
2427.06990,-0.12213
2425.64472,-0.12449
2424.21955,-0.12702
2422.79438,-0.12959
2421.36920,-0.13215
2419.94403,-0.13452
2418.51886,-0.13650
2417.09369,-0.13812
2415.66851,-0.13969
2414.24334,-0.14140
2412.81817,-0.14309
2411.39299,-0.14460
2409.96782,-0.14595
2408.54265,-0.14715
2407.11747,-0.14807
2405.69230,-0.14858
2404.26713,-0.14867
2402.84195,-0.14845
2401.41678,-0.14818
2399.99161,-0.14818
2398.56643,-0.14848
2397.14126,-0.14855
2395.71609,-0.14776
2394.29091,-0.14602
2392.86574,-0.14398
2391.44057,-0.14226
2390.01540,-0.14101
2388.59022,-0.13998
2387.16505,-0.13887
2385.73988,-0.13769
2384.31470,-0.13665
2382.88953,-0.13557
2381.46436,-0.13376
2380.03918,-0.13116
2378.61401,-0.12869
2377.18884,-0.12701
2375.76366,-0.12547
2374.33849,-0.12328
2372.91332,-0.12064
2371.48814,-0.11808
2370.06297,-0.11577
2368.63780,-0.11400
2367.21262,-0.11286
2365.78745,-0.11147
2364.36228,-0.10903
2362.93710,-0.10656
2361.51193,-0.10605
2360.08676,-0.10739
2358.66159,-0.10758
2357.23641,-0.10484
2355.81124,-0.10107
2354.38607,-0.09898
2352.96089,-0.09911
2351.53572,-0.10035
2350.11055,-0.10188
2348.68537,-0.10367
2347.26020,-0.10567
2345.83503,-0.10717
2344.40985,-0.10729
2342.98468,-0.10685
2341.55951,-0.10774
2340.13433,-0.11002
2338.70916,-0.11241
2337.28399,-0.11437
2335.85881,-0.11629
2334.43364,-0.11814
2333.00847,-0.11925
2331.58330,-0.11952
2330.15812,-0.12014
2328.73295,-0.12240
2327.30778,-0.12599
2325.88260,-0.12972
2324.45743,-0.13295
2323.03226,-0.13570
2321.60708,-0.13792
2320.18191,-0.13968
2318.75674,-0.14150
2317.33156,-0.14382
2315.90639,-0.14621
2314.48122,-0.14785
2313.05604,-0.14855
2311.63087,-0.14904
2310.20570,-0.14979
2308.78052,-0.15036
2307.35535,-0.15030
2305.93018,-0.14993
2304.50501,-0.14975
2303.07983,-0.14974
2301.65466,-0.14960
2300.22949,-0.14939
2298.80431,-0.14950
2297.37914,-0.14995
2295.95397,-0.14994
2294.52879,-0.14828
2293.10362,-0.14474
2291.67845,-0.14046
2290.25327,-0.13688
2288.82810,-0.13439
2287.40293,-0.13237
2285.97775,-0.13011
2284.55258,-0.12746
2283.12741,-0.12456
2281.70223,-0.12143
2280.27706,-0.11808
2278.85189,-0.11472
2277.42672,-0.11158
2276.00154,-0.10847
2274.57637,-0.10509
2273.15120,-0.10144
2271.72602,-0.09780
2270.30085,-0.09441
2268.87568,-0.09127
2267.45050,-0.08819
2266.02533,-0.08483
2264.60016,-0.08104
2263.17498,-0.07718
2261.74981,-0.07375
2260.32464,-0.07077
2258.89946,-0.06800
2257.47429,-0.06531
2256.04912,-0.06278
2254.62394,-0.06040
2253.19877,-0.05814
2251.77360,-0.05593
2250.34843,-0.05376
2248.92325,-0.05174
2247.49808,-0.04996
2246.07291,-0.04834
2244.64773,-0.04684
2243.22256,-0.04561
2241.79739,-0.04478
2240.37221,-0.04407
2238.94704,-0.04305
2237.52187,-0.04179
2236.09669,-0.04071
2234.67152,-0.03996
2233.24635,-0.03930
2231.82117,-0.03851
2230.39600,-0.03766
2228.97083,-0.03689
2227.54565,-0.03616
2226.12048,-0.03550
2224.69531,-0.03497
2223.27013,-0.03460
2221.84496,-0.03429
2220.41979,-0.03381
2218.99462,-0.03303
2217.56944,-0.03215
2216.14427,-0.03144
2214.71910,-0.03082
2213.29392,-0.03000
2211.86875,-0.02901
2210.44358,-0.02809
2209.01840,-0.02727
2207.59323,-0.02641
2206.16806,-0.02547
2204.74288,-0.02455
2203.31771,-0.02372
2201.89254,-0.02292
2200.46736,-0.02210
2199.04219,-0.02127
2197.61702,-0.02039
2196.19184,-0.01937
2194.76667,-0.01819
2193.34150,-0.01699
2191.91633,-0.01586
2190.49115,-0.01475
2189.06598,-0.01357
2187.64081,-0.01235
2186.21563,-0.01119
2184.79046,-0.01009
2183.36529,-0.00902
2181.94011,-0.00800
2180.51494,-0.00705
2179.08977,-0.00616
2177.66459,-0.00532
2176.23942,-0.00451
2174.81425,-0.00369
2173.38907,-0.00286
2171.96390,-0.00207
2170.53873,-0.00137
2169.11355,-0.00069
2167.68838,0.00002
2166.26321,0.00069
2164.83804,0.00122
2163.41286,0.00160
2161.98769,0.00192
2160.56252,0.00229
2159.13734,0.00273
2157.71217,0.00313
2156.28700,0.00338
2154.86182,0.00348
2153.43665,0.00352
2152.01148,0.00361
2150.58630,0.00374
2149.16113,0.00385
2147.73596,0.00391
2146.31078,0.00397
2144.88561,0.00400
2143.46044,0.00398
2142.03526,0.00387
2140.61009,0.00373
2139.18492,0.00358
2137.75975,0.00343
2136.33457,0.00326
2134.90940,0.00309
2133.48423,0.00296
2132.05905,0.00288
2130.63388,0.00281
2129.20871,0.00265
2127.78353,0.00242
2126.35836,0.00218
2124.93319,0.00200
2123.50801,0.00182
2122.08284,0.00157
2120.65767,0.00131
2119.23249,0.00110
2117.80732,0.00096
2116.38215,0.00085
2114.95697,0.00074
2113.53180,0.00062
2112.10663,0.00050
2110.68146,0.00038
2109.25628,0.00025
2107.83111,0.00014
2106.40594,0.00011
2104.98076,0.00012
2103.55559,0.00012
2102.13042,0.00009
2100.70524,0.00003
2099.28007,0.00001
2097.85490,0.00005
2096.42972,0.00013
2095.00455,0.00024
2093.57938,0.00036
2092.15420,0.00047
2090.72903,0.00057
2089.30386,0.00066
2087.87868,0.00074
2086.45351,0.00083
2085.02834,0.00095
2083.60316,0.00111
2082.17799,0.00128
2080.75282,0.00144
2079.32765,0.00159
2077.90247,0.00171
2076.47730,0.00181
2075.05213,0.00191
2073.62695,0.00202
2072.20178,0.00215
2070.77661,0.00230
2069.35143,0.00246
2067.92626,0.00264
2066.50109,0.00282
2065.07591,0.00295
2063.65074,0.00306
2062.22557,0.00316
2060.80039,0.00328
2059.37522,0.00340
2057.95005,0.00349
2056.52487,0.00352
2055.09970,0.00352
2053.67453,0.00352
2052.24936,0.00351
2050.82418,0.00349
2049.39901,0.00348
2047.97384,0.00348
2046.54866,0.00347
2045.12349,0.00343
2043.69832,0.00337
2042.27314,0.00330
2040.84797,0.00323
2039.42280,0.00315
2037.99762,0.00305
2036.57245,0.00293
2035.14728,0.00279
2033.72210,0.00265
2032.29693,0.00253
2030.87176,0.00244
2029.44658,0.00236
2028.02141,0.00224
2026.59624,0.00209
2025.17107,0.00192
2023.74589,0.00177
2022.32072,0.00164
2020.89555,0.00150
2019.47037,0.00136
2018.04520,0.00122
2016.62003,0.00111
2015.19485,0.00101
2013.76968,0.00088
2012.34451,0.00071
2010.91933,0.00051
2009.49416,0.00034
2008.06899,0.00019
2006.64381,0.00011
2005.21864,0.00008
2003.79347,0.00006
2002.36829,0.00001
2000.94312,-0.00006
1999.51795,-0.00011
1998.09278,-0.00012
1996.66760,-0.00011
1995.24243,-0.00009
1993.81726,-0.00008
1992.39208,-0.00009
1990.96691,-0.00010
1989.54174,-0.00009
1988.11656,-0.00004
1986.69139,0.00005
1985.26622,0.00016
1983.84104,0.00029
1982.41587,0.00041
1980.99070,0.00052
1979.56552,0.00061
1978.14035,0.00068
1976.71518,0.00075
1975.29000,0.00083
1973.86483,0.00093
1972.43966,0.00104
1971.01449,0.00116
1969.58931,0.00127
1968.16414,0.00137
1966.73897,0.00145
1965.31379,0.00152
1963.88862,0.00158
1962.46345,0.00164
1961.03827,0.00170
1959.61310,0.00175
1958.18793,0.00180
1956.76275,0.00186
1955.33758,0.00192
1953.91241,0.00194
1952.48723,0.00192
1951.06206,0.00188
1949.63689,0.00184
1948.21171,0.00181
1946.78654,0.00178
1945.36137,0.00176
1943.93619,0.00170
1942.51102,0.00161
1941.08585,0.00149
1939.66068,0.00137
1938.23550,0.00127
1936.81033,0.00119
1935.38516,0.00111
1933.95998,0.00101
1932.53481,0.00092
1931.10964,0.00083
1929.68446,0.00074
1928.25929,0.00064
1926.83412,0.00054
1925.40894,0.00043
1923.98377,0.00029
1922.55860,0.00014
1921.13342,-0.00002
1919.70825,-0.00014
1918.28308,-0.00023
1916.85790,-0.00029
1915.43273,-0.00037
1914.00756,-0.00047
1912.58239,-0.00057
1911.15721,-0.00065
1909.73204,-0.00073
1908.30687,-0.00082
1906.88169,-0.00091
1905.45652,-0.00098
1904.03135,-0.00104
1902.60617,-0.00110
1901.18100,-0.00115
1899.75583,-0.00120
1898.33065,-0.00122
1896.90548,-0.00124
1895.48031,-0.00123
1894.05513,-0.00118
1892.62996,-0.00111
1891.20479,-0.00106
1889.77961,-0.00105
1888.35444,-0.00105
1886.92927,-0.00104
1885.50410,-0.00099
1884.07892,-0.00093
1882.65375,-0.00086
1881.22858,-0.00079
1879.80340,-0.00074
1878.37823,-0.00067
1876.95306,-0.00057
1875.52788,-0.00046
1874.10271,-0.00034
1872.67754,-0.00022
1871.25236,-0.00008
1869.82719,0.00007
1868.40202,0.00020
1866.97684,0.00029
1865.55167,0.00038
1864.12650,0.00049
1862.70132,0.00060
1861.27615,0.00071
1859.85098,0.00081
1858.42581,0.00090
1857.00063,0.00099
1855.57546,0.00109
1854.15029,0.00119
1852.72511,0.00128
1851.29994,0.00132
1849.87477,0.00134
1848.44959,0.00136
1847.02442,0.00142
1845.59925,0.00148
1844.17407,0.00149
1842.74890,0.00142
1841.32373,0.00134
1839.89855,0.00130
1838.47338,0.00127
1837.04821,0.00124
1835.62303,0.00118
1834.19786,0.00111
1832.77269,0.00104
1831.34751,0.00096
1829.92234,0.00086
1828.49717,0.00073
1827.07200,0.00058
1825.64682,0.00043
1824.22165,0.00031
1822.79648,0.00021
1821.37130,0.00012
1819.94613,0.00003
1818.52096,-0.00007
1817.09578,-0.00016
1815.67061,-0.00025
1814.24544,-0.00035
1812.82026,-0.00046
1811.39509,-0.00060
1809.96992,-0.00072
1808.54474,-0.00082
1807.11957,-0.00089
1805.69440,-0.00095
1804.26922,-0.00100
1802.84405,-0.00101
1801.41888,-0.00097
1799.99371,-0.00094
1798.56853,-0.00092
1797.14336,-0.00089
1795.71819,-0.00085
1794.29301,-0.00079
1792.86784,-0.00072
1791.44267,-0.00065
1790.01749,-0.00056
1788.59232,-0.00045
1787.16715,-0.00031
1785.74197,-0.00014
1784.31680,0.00004
1782.89163,0.00023
1781.46645,0.00040
1780.04128,0.00059
1778.61611,0.00079
1777.19093,0.00098
1775.76576,0.00117
1774.34059,0.00140
1772.91542,0.00165
1771.49024,0.00185
1770.06507,0.00199
1768.63990,0.00210
1767.21472,0.00226
1765.78955,0.00246
1764.36438,0.00269
1762.93920,0.00294
1761.51403,0.00318
1760.08886,0.00339
1758.66368,0.00357
1757.23851,0.00375
1755.81334,0.00394
1754.38816,0.00412
1752.96299,0.00432
1751.53782,0.00459
1750.11264,0.00489
1748.68747,0.00515
1747.26230,0.00536
1745.83713,0.00556
1744.41195,0.00577
1742.98678,0.00601
1741.56161,0.00627
1740.13643,0.00655
1738.71126,0.00685
1737.28609,0.00715
1735.86091,0.00750
1734.43574,0.00797
1733.01057,0.00842
1731.58539,0.00871
1730.16022,0.00889
1728.73505,0.00912
1727.30987,0.00944
1725.88470,0.00980
1724.45953,0.01015
1723.03435,0.01042
1721.60918,0.01063
1720.18401,0.01084
1718.75884,0.01110
1717.33366,0.01141
1715.90849,0.01171
1714.48332,0.01192
1713.05814,0.01207
1711.63297,0.01223
1710.20780,0.01243
1708.78262,0.01264
1707.35745,0.01289
1705.93228,0.01319
1704.50710,0.01351
1703.08193,0.01388
1701.65676,0.01437
1700.23158,0.01507
1698.80641,0.01586
1697.38124,0.01671
1695.95606,0.01771
1694.53089,0.01886
1693.10572,0.02005
1691.68054,0.02143
1690.25537,0.02319
1688.83020,0.02527
1687.40503,0.02753
1685.97985,0.03035
1684.55468,0.03420
1683.12951,0.03833
1681.70433,0.04170
1680.27916,0.04452
1678.85399,0.04726
1677.42881,0.05023
1676.00364,0.05365
1674.57847,0.05729
1673.15329,0.06063
1671.72812,0.06377
1670.30295,0.06732
1668.87777,0.07123
1667.45260,0.07477
1666.02743,0.07781
1664.60225,0.08089
1663.17708,0.08438
1661.75191,0.08793
1660.32674,0.09108
1658.90156,0.09372
1657.47639,0.09593
1656.05122,0.09785
1654.62604,0.09974
1653.20087,0.10168
1651.77570,0.10303
1650.35052,0.10359
1648.92535,0.10370
1647.50018,0.10340
1646.07500,0.10256
1644.64983,0.10128
1643.22466,0.09977
1641.79948,0.09805
1640.37431,0.09614
1638.94914,0.09403
1637.52396,0.09145
1636.09879,0.08802
1634.67362,0.08418
1633.24845,0.08078
1631.82327,0.07771
1630.39810,0.07444
1628.97293,0.07069
1627.54775,0.06666
1626.12258,0.06260
1624.69741,0.05839
1623.27223,0.05394
1621.84706,0.04980
1620.42189,0.04646
1618.99671,0.04360
1617.57154,0.04069
1616.14637,0.03780
1614.72119,0.03544
1613.29602,0.03356
1611.87085,0.03178
1610.44567,0.02992
1609.02050,0.02803
1607.59533,0.02621
1606.17016,0.02456
1604.74498,0.02307
1603.31981,0.02171
1601.89464,0.02047
1600.46946,0.01932
1599.04429,0.01825
1597.61912,0.01732
1596.19394,0.01655
1594.76877,0.01596
1593.34360,0.01551
1591.91842,0.01515
1590.49325,0.01481
1589.06808,0.01452
1587.64290,0.01430
1586.21773,0.01412
1584.79256,0.01390
1583.36738,0.01364
1581.94221,0.01331
1580.51704,0.01297
1579.09187,0.01265
1577.66669,0.01234
1576.24152,0.01204
1574.81635,0.01180
1573.39117,0.01165
1571.96600,0.01155
1570.54083,0.01145
1569.11565,0.01130
1567.69048,0.01112
1566.26531,0.01095
1564.84013,0.01081
1563.41496,0.01071
1561.98979,0.01072
1560.56461,0.01085
1559.13944,0.01101
1557.71427,0.01101
1556.28909,0.01090
1554.86392,0.01077
1553.43875,0.01065
1552.01357,0.01054
1550.58840,0.01046
1549.16323,0.01041
1547.73806,0.01040
1546.31288,0.01038
1544.88771,0.01033
1543.46254,0.01021
1542.03736,0.01004
1540.61219,0.00987
1539.18702,0.00976
1537.76184,0.00967
1536.33667,0.00954
1534.91150,0.00935
1533.48632,0.00907
1532.06115,0.00875
1530.63598,0.00849
1529.21080,0.00831
1527.78563,0.00820
1526.36046,0.00811
1524.93528,0.00806
1523.51011,0.00821
1522.08494,0.00879
1520.65977,0.00991
1519.23459,0.01133
1517.80942,0.01273
1516.38425,0.01361
1514.95907,0.01345
1513.53390,0.01223
1512.10873,0.01046
1510.68355,0.00869
1509.25838,0.00718
1507.83321,0.00584
1506.40803,0.00459
1504.98286,0.00368
1503.55769,0.00314
1502.13251,0.00276
1500.70734,0.00240
1499.28217,0.00203
1497.85699,0.00163
1496.43182,0.00126
1495.00665,0.00099
1493.58148,0.00087
1492.15630,0.00088
1490.73113,0.00095
1489.30596,0.00098
1487.88078,0.00104
1486.45561,0.00126
1485.03044,0.00174
1483.60526,0.00250
1482.18009,0.00352
1480.75492,0.00473
1479.32974,0.00610
1477.90457,0.00763
1476.47940,0.00927
1475.05422,0.01101
1473.62905,0.01293
1472.20388,0.01499
1470.77870,0.01684
1469.35353,0.01830
1467.92836,0.01959
1466.50319,0.02091
1465.07801,0.02232
1463.65284,0.02379
1462.22767,0.02518
1460.80249,0.02649
1459.37732,0.02778
1457.95215,0.02916
1456.52697,0.03045
1455.10180,0.03140
1453.67663,0.03213
1452.25145,0.03281
1450.82628,0.03353
1449.40111,0.03433
1447.97593,0.03523
1446.55076,0.03623
1445.12559,0.03723
1443.70041,0.03815
1442.27524,0.03892
1440.85007,0.03950
1439.42490,0.03985
1437.99972,0.03994
1436.57455,0.03972
1435.14938,0.03918
1433.72420,0.03841
1432.29903,0.03739
1430.87386,0.03605
1429.44868,0.03441
1428.02351,0.03266
1426.59834,0.03088
1425.17316,0.02902
1423.74799,0.02718
1422.32282,0.02554
1420.89764,0.02405
1419.47247,0.02247
1418.04730,0.02081
1416.62212,0.01933
1415.19695,0.01815
1413.77178,0.01717
1412.34660,0.01632
1410.92143,0.01552
1409.49626,0.01477
1408.07109,0.01406
1406.64591,0.01337
1405.22074,0.01266
1403.79557,0.01195
1402.37039,0.01127
1400.94522,0.01067
1399.52005,0.01018
1398.09487,0.00981
1396.66970,0.00950
1395.24453,0.00922
1393.81935,0.00901
1392.39418,0.00892
1390.96901,0.00894
1389.54383,0.00898
1388.11866,0.00896
1386.69349,0.00885
1385.26831,0.00874
1383.84314,0.00868
1382.41797,0.00872
1380.99280,0.00887
1379.56762,0.00914
1378.14245,0.00952
1376.71728,0.00997
1375.29210,0.01050
1373.86693,0.01108
1372.44176,0.01161
1371.01658,0.01204
1369.59141,0.01234
1368.16624,0.01255
1366.74106,0.01273
1365.31589,0.01289
1363.89072,0.01307
1362.46554,0.01324
1361.04037,0.01341
1359.61520,0.01357
1358.19002,0.01375
1356.76485,0.01400
1355.33968,0.01428
1353.91451,0.01455
1352.48933,0.01476
1351.06416,0.01492
1349.63899,0.01504
1348.21381,0.01516
1346.78864,0.01523
1345.36347,0.01524
1343.93829,0.01517
1342.51312,0.01502
1341.08795,0.01480
1339.66277,0.01453
1338.23760,0.01425
1336.81243,0.01396
1335.38725,0.01368
1333.96208,0.01337
1332.53691,0.01305
1331.11173,0.01269
1329.68656,0.01229
1328.26139,0.01187
1326.83622,0.01147
1325.41104,0.01108
1323.98587,0.01070
1322.56070,0.01030
1321.13552,0.00989
1319.71035,0.00949
1318.28518,0.00911
1316.86000,0.00873
1315.43483,0.00841
1314.00966,0.00818
1312.58448,0.00802
1311.15931,0.00789
1309.73414,0.00772
1308.30896,0.00749
1306.88379,0.00721
1305.45862,0.00695
1304.03344,0.00674
1302.60827,0.00657
1301.18310,0.00639
1299.75793,0.00621
1298.33275,0.00607
1296.90758,0.00597
1295.48241,0.00587
1294.05723,0.00573
1292.63206,0.00557
1291.20689,0.00539
1289.78171,0.00520
1288.35654,0.00500
1286.93137,0.00480
1285.50619,0.00463
1284.08102,0.00451
1282.65585,0.00442
1281.23067,0.00430
1279.80550,0.00414
1278.38033,0.00402
1276.95515,0.00397
1275.52998,0.00395
1274.10481,0.00391
1272.67963,0.00384
1271.25446,0.00373
1269.82929,0.00355
1268.40412,0.00332
1266.97894,0.00308
1265.55377,0.00282
1264.12860,0.00241
1262.70342,0.00179
1261.27825,0.00096
1259.85308,-0.00012
1258.42790,-0.00159
1257.00273,-0.00369
1255.57756,-0.00657
1254.15238,-0.01016
1252.72721,-0.01431
1251.30204,-0.01904
1249.87686,-0.02455
1248.45169,-0.03077
1247.02652,-0.03741
1245.60134,-0.04468
1244.17617,-0.05344
1242.75100,-0.06418
1241.32583,-0.07591
1239.90065,-0.08674
1238.47548,-0.09561
1237.05031,-0.10340
1235.62513,-0.11176
1234.19996,-0.12069
1232.77479,-0.12841
1231.34961,-0.13401
1229.92444,-0.13867
1228.49927,-0.14354
1227.07409,-0.14822
1225.64892,-0.15194
1224.22375,-0.15464
1222.79857,-0.15686
1221.37340,-0.15916
1219.94823,-0.16186
1218.52305,-0.16489
1217.09788,-0.16792
1215.67271,-0.17044
1214.24754,-0.17213
1212.82236,-0.17330
1211.39719,-0.17455
1209.97202,-0.17622
1208.54684,-0.17873
1207.12167,-0.18270
1205.69650,-0.18793
1204.27132,-0.19298
1202.84615,-0.19626
1201.42098,-0.19759
1199.99580,-0.19856
1198.57063,-0.20092
1197.14546,-0.20439
1195.72028,-0.20706
1194.29511,-0.20790
1192.86994,-0.20735
1191.44476,-0.20561
1190.01959,-0.20209
1188.59442,-0.19668
1187.16925,-0.19016
1185.74407,-0.18351
1184.31890,-0.17708
1182.89373,-0.17005
1181.46855,-0.16098
1180.04338,-0.14933
1178.61821,-0.13617
1177.19303,-0.12294
1175.76786,-0.11064
1174.34269,-0.10000
1172.91751,-0.09101
1171.49234,-0.08252
1170.06717,-0.07360
1168.64199,-0.06484
1167.21682,-0.05739
1165.79165,-0.05147
1164.36647,-0.04640
1162.94130,-0.04133
1161.51613,-0.03577
1160.09096,-0.03001
1158.66578,-0.02503
1157.24061,-0.02140
1155.81544,-0.01865
1154.39026,-0.01599
1152.96509,-0.01314
1151.53992,-0.01049
1150.11474,-0.00856
1148.68957,-0.00744
1147.26440,-0.00673
1145.83922,-0.00600
1144.41405,-0.00518
1142.98888,-0.00445
1141.56370,-0.00388
1140.13853,-0.00338
1138.71336,-0.00287
1137.28818,-0.00224
1135.86301,-0.00140
1134.43784,-0.00053
1133.01266,-0.00013
1131.58749,-0.00051
1130.16232,-0.00131
1128.73715,-0.00179
1127.31197,-0.00169
1125.88680,-0.00145
1124.46163,-0.00152
1123.03645,-0.00184
1121.61128,-0.00220
1120.18611,-0.00248
1118.76093,-0.00254
1117.33576,-0.00222
1115.91059,-0.00166
1114.48541,-0.00121
1113.06024,-0.00098
1111.63507,-0.00083
1110.20989,-0.00074
1108.78472,-0.00088
1107.35955,-0.00133
1105.93437,-0.00184
1104.50920,-0.00208
1103.08403,-0.00185
1101.65886,-0.00128
1100.23368,-0.00070
1098.80851,-0.00034
1097.38334,-0.00020
1095.95816,-0.00024
1094.53299,-0.00045
1093.10782,-0.00075
1091.68264,-0.00100
1090.25747,-0.00124
1088.83230,-0.00141
1087.40712,-0.00111
1085.98195,-0.00015
1084.55678,0.00089
1083.13160,0.00115
1081.70643,0.00061
1080.28126,0.00005
1078.85608,0.00019
1077.43091,0.00107
1076.00574,0.00210
1074.58057,0.00264
1073.15539,0.00249
1071.73022,0.00188
1070.30505,0.00112
1068.87987,0.00064
1067.45470,0.00096
1066.02953,0.00216
1064.60435,0.00370
1063.17918,0.00496
1061.75401,0.00575
1060.32883,0.00600
1058.90366,0.00559
1057.47849,0.00467
1056.05331,0.00387
1054.62814,0.00371
1053.20297,0.00412
1051.77779,0.00478
1050.35262,0.00555
1048.92745,0.00638
1047.50228,0.00721
1046.07710,0.00802
1044.65193,0.00862
1043.22676,0.00845
1041.80158,0.00734
1040.37641,0.00608
1038.95124,0.00556
1037.52606,0.00566
1036.10089,0.00556
1034.67572,0.00492
1033.25054,0.00436
1031.82537,0.00471
1030.40020,0.00579
1028.97502,0.00638
1027.54985,0.00552
1026.12468,0.00349
1024.69950,0.00136
1023.27433,0.00002
1021.84916,-0.00041
1020.42399,-0.00021
1018.99881,0.00053
1017.57364,0.00169
1016.14847,0.00260
1014.72329,0.00255
1013.29812,0.00173
1011.87295,0.00118
1010.44777,0.00206
1009.02260,0.00475
1007.59743,0.00775
1006.17225,0.00872
1004.74708,0.00749
1003.32191,0.00611
1001.89673,0.00527
1000.47156,0.00365
999.04639,0.00111
997.62121,-0.00037
996.19604,0.00046
994.77087,0.00277
993.34569,0.00497
991.92052,0.00594
990.49535,0.00536
989.07018,0.00362
987.64500,0.00140
986.21983,-0.00077
984.79466,-0.00258
983.36948,-0.00345
981.94431,-0.00233
980.51914,0.00095
979.09396,0.00461
977.66879,0.00662
976.24362,0.00745
974.81844,0.00877
973.39327,0.00980
971.96810,0.00810
970.54292,0.00373
969.11775,-0.00056
967.69258,-0.00322
966.26740,-0.00456
964.84223,-0.00390
963.41706,0.00006
961.99189,0.00470
960.56671,0.00520
959.14154,0.00326
957.71637,0.00524
956.29119,0.00947
954.86602,0.00636
953.44085,-0.00582
952.01567,-0.01607
950.59050,-0.01335
949.16533,0.00240
947.74015,0.01826
946.31498,0.01900
944.88981,0.00595
943.46463,-0.00232
942.03946,0.00529
940.61429,0.02149
939.18911,0.03569
937.76394,0.04427
936.33877,0.04940
934.91360,0.04951
933.48842,0.03718
932.06325,0.01301
930.63808,-0.01271
929.21290,-0.02976
927.78773,-0.03343
926.36256,-0.02564
924.93738,-0.01219
923.51221,-0.00719
922.08704,-0.01257
920.66186,-0.00610
919.23669,0.01848
917.81152,0.04529
916.38634,0.04349
914.96117,0.01340
913.53600,-0.00132
912.11082,0.04957
910.68565,0.10875
909.26048,0.08436
907.83531,-0.01752
906.41013,-0.20042
904.98496,-0.51768
903.55979,-0.47294
902.13461,-0.19003
900.70944,-0.02429
899.28427,0.05679
897.85909,0.05094
896.43392,-0.00950
895.00875,-0.11498
893.58357,-0.12818
892.15840,-0.14177
890.73323,-0.14213
889.30805,-0.11972
887.88288,-0.11667
886.45771,0.10216
885.03253,0.20888
883.60736,0.15317
882.18219,0.27735
880.75701,0.36988
879.33184,0.17448
877.90667,-0.06724
876.48150,-0.15268
875.05632,-0.03961
873.63115,0.09442
872.20598,0.09177
870.78080,-0.17172
869.35563,-0.16784
867.93046,-0.11621
866.50528,-0.17393
865.08011,-0.05976
863.65494,-0.07074
862.22976,-0.12497
860.80459,0.08142
859.37942,0.26812
857.95424,0.26453
856.52907,0.19770
855.10390,0.32894
853.67872,0.40458
852.25355,0.31681
850.82838,0.23215
849.40321,0.09891
847.97803,0.01310
846.55286,-0.06166
845.12769,-0.10985
843.70251,-0.03525
842.27734,0.12730
840.85217,0.28236
839.42699,0.30195
838.00182,0.14966
836.57665,-0.13351
835.15147,-0.29990
833.72630,-0.10557
832.30113,0.12624
830.87595,0.22909
829.45078,0.29210
828.02561,0.14367
826.60043,-0.03066
825.17526,-0.00308
823.75009,0.23307
822.32492,0.32833
820.89974,0.27895
819.47457,0.19629
818.04940,0.13385
816.62422,0.13438
815.19905,0.41794
813.77388,0.43850
812.34870,0.39690
810.92353,0.48286
809.49836,0.44291
808.07318,0.06706
806.64801,-0.15482
805.22284,0.00190
803.79766,0.28635
802.37249,0.50101
800.94732,0.65892
799.52214,0.33870
798.09697,0.06203
796.67180,-0.09449
795.24663,-0.17797
793.82145,-0.36203
792.39628,-0.28626
790.97111,-0.31187
789.54593,-0.29700
788.12076,-0.16773
786.69559,-0.21763
785.27041,-0.22930
783.84524,-0.15371
782.42007,-0.06164
780.99489,0.16747
779.56972,0.32096
778.14455,0.26965
776.71937,0.13594
775.29420,0.13301
773.86903,0.01956
772.44385,-0.15393
771.01868,-0.13662
769.59351,-0.10020
768.16834,0.02319
766.74316,-0.22222
765.31799,-0.51228
763.89282,-0.07268
762.46764,0.10708
761.04247,0.15665
759.61730,0.10696
758.19212,-0.00858
756.76695,-0.09501
755.34178,-0.08717
753.91660,-0.04767
752.49143,0.02861
751.06626,0.18301
749.64108,0.17502
748.21591,0.11323
746.79074,0.22467
745.36556,0.03694
743.94039,-0.25476
742.51522,-0.57749
741.09004,-0.51507
739.66487,-0.30630
738.23970,-0.22050
736.81453,-0.14109
735.38935,-0.23211
733.96418,-0.29493
732.53901,-0.11491
731.11383,0.12963
729.68866,0.21250
728.26349,0.05645
726.83831,0.03090
725.41314,0.11091
723.98797,0.22134
722.56279,0.26331
721.13762,0.22405
719.71245,0.08687
718.28727,-0.29137
716.86210,-0.44178
715.43693,-0.06410
714.01175,0.13579
712.58658,0.25654
711.16141,0.38915
709.73624,0.72567
708.31106,0.61942
706.88589,0.28353
705.46072,0.11780
704.03554,0.00757
702.61037,-0.09918
701.18520,-0.11051
699.76002,0.28842
698.33485,0.36621
696.90968,0.23125
695.48450,-0.12570
694.05933,-0.35343
692.63416,-0.01539
691.20898,0.20807
689.78381,0.48560
688.35864,0.35488
686.93346,0.03452
685.50829,0.01996
684.08312,0.10616
682.65795,0.27944
681.23277,0.34425
679.80760,0.14486
678.38243,-0.22947
676.95725,-0.65284
675.53208,-0.93046
674.10691,-0.22262
672.68173,0.09805
671.25656,0.18687
669.83139,-0.22609
668.40621,-0.31026
666.98104,-0.43513
665.55587,-0.35837
664.13069,-0.30239
662.70552,-0.25975
661.28035,-0.20344
659.85517,-0.08945
658.43000,0.13667
657.00483,0.16802
655.57966,0.08336
654.15448,0.10199
652.72931,0.06440
651.30414,-0.01159
649.87896,-0.06837
648.45379,-0.00203
647.02862,0.10772
645.60344,0.06894
644.17827,0.31447
642.75310,0.10370
641.32792,-0.04807
639.90275,0.01897
638.47758,0.11080
637.05240,0.14406
635.62723,0.31791
634.20206,0.50546
632.77688,0.67219
631.35171,0.21169
629.92654,-0.06254
628.50137,0.01056
627.07619,0.28137
625.65102,0.47151
624.22585,0.31758
622.80067,0.13095
621.37550,-0.04819
619.95033,-0.10098
618.52515,-0.11818
617.09998,-0.15533
615.67481,-0.08942
614.24963,0.09452
612.82446,0.28501
611.39929,0.22166
609.97411,-0.00393
608.54894,-0.00151
607.12377,0.07052
605.69859,0.21360
604.27342,0.11176
602.84825,-0.16974
601.42307,-0.40964
599.99790,-0.29344
598.57273,-0.18509
597.14756,-0.13991
595.72238,-0.12159
594.29721,-0.21513
592.87204,-0.26161
591.44686,-0.20152
590.02169,-0.12857
588.59652,-0.04553
587.17134,0.02677
585.74617,0.21823
584.32100,0.30404
582.89582,0.33880
581.47065,0.29981
580.04548,0.14993
578.62030,0.01625
577.19513,-0.05868
575.76996,-0.06813
574.34478,0.01078
572.91961,0.07221
571.49444,0.03995
570.06927,-0.05793
568.64409,-0.01208
567.21892,0.05121
565.79375,0.00852
564.36857,0.02540
562.94340,0.14696
561.51823,0.31441
560.09305,0.21124
558.66788,0.26115
557.24271,0.33484
555.81753,0.32901
554.39236,0.35128
552.96719,0.23528
551.54201,0.09292
550.11684,0.02086
548.69167,0.08405
547.26649,0.28778
545.84132,0.48634
544.41615,0.46212
542.99098,0.52129
541.56580,0.68905
540.14063,0.23446
538.71546,-0.05737
537.29028,-0.03495
535.86511,0.09460
534.43994,0.09142
533.01476,-0.14979
531.58959,-0.09929
530.16442,0.02694
528.73924,0.05201
527.31407,0.04269
525.88890,0.07562
524.46372,0.13309
523.03855,0.13000
521.61338,0.11044
520.18820,-0.00144
518.76303,-0.17539
517.33786,-0.28195
515.91269,-0.19924
514.48751,0.01528
513.06234,0.00474
511.63717,-0.00452
510.21199,0.19108
508.78682,0.33718
507.36165,0.29706
505.93647,0.22732
504.51130,0.20292
503.08613,0.11757
501.66095,-0.12012
500.23578,-0.45276
498.81061,-0.47997
497.38543,-0.23261
495.96026,-0.20027
494.53509,-0.34119
493.10991,-0.30298
491.68474,-0.23393
490.25957,-0.18519
488.83440,-0.10741
487.40922,0.05387
485.98405,0.18123
484.55888,0.28656
483.13370,0.38381
481.70853,0.48144
480.28336,0.59726
478.85818,0.39445
477.43301,0.29816
476.00784,0.34855
474.58266,0.50334
473.15749,0.11225
471.73232,-0.16981
470.30714,-0.33651
468.88197,-0.24581
467.45680,-0.13876
466.03162,-0.02268
464.60645,0.02238
463.18128,0.08579
461.75610,0.16411
460.33093,0.11388
458.90576,0.02684
457.48059,0.09475
456.05541,0.35735
454.63024,0.12397
453.20507,0.08923
451.77989,0.01449
450.35472,-0.09829
448.92955,-0.21385
447.50437,-0.23636
446.07920,-0.27439
444.65403,-0.19849
443.22885,-0.02624
441.80368,-0.05464
440.37851,-0.21574
438.95333,-0.54700
437.52816,-0.54788
436.10299,-0.27209
434.67781,-0.12796
433.25264,0.01065
431.82747,0.10465
430.40230,0.02729
428.97712,-0.07460
427.55195,-0.13515
426.12678,-0.12532
424.70160,-0.29032
423.27643,-0.32592
421.85126,-0.28556
420.42608,-0.38096
419.00091,-0.42508
417.57574,-0.33076
416.15056,-0.19821
414.72539,-0.04110
413.30022,0.07104
411.87504,0.15154
410.44987,0.05158
409.02470,-0.16443
407.59952,-0.33776
406.17435,-0.26809
404.74918,-0.12699
403.32401,0.11195
401.89883,0.34885
400.47366,0.39264
399.04849,0.33947
